0		1	2	0.12254	0.524631	0.02	0.230233
0		1	2	0.350566	0.463054	0	0
0		1	2	0.3528	0.445813	0	0
0		1	2	0.35359	0.440887	0	0
0		1	2	0.362268	0.401478	0	0
0		1	2	0.153953	0.406404	0.02	0.227907
0		1	2	0.117869	0.487685	0.04	0.227907
0		1	2	0.0556623	0.480296	0.04	0.295349
0		1	2	0.119808	0.549261	0.04	0.236047
0		1	2	0.16095	0.618227	0.04	0.236047
0		1	2	0.143831	0.593596	0.04	0.236047
0		1	2	0.147069	0.610837	0.04	0.248837
0		1	2	0.175805	0.64532	0.04	0.246512
0		1	2	0.220052	0.716749	0.06	0.305426
0		1	2	0.183613	0.679803	0.06	0.306202
0		1	2	0.19216	0.687192	0.06	0.3
0		1	2	0.177608	0.672414	0.06	0.300774
0		1	2	0.20177	0.697044	0.06	0.3
0		1	2	0.177608	0.672414	0.06	0.300774
0		1	2	0.136855	0.630542	0.06	0.302326
0		1	2	0.134507	0.628079	0.06	0.302326
0		1	2	0.0827315	0.573892	0.06	0.306202
0		1	2	0.103053	0.573892	0.04	0.274419
0		1	2	0.296648	0.559113	0.06	0.0527133
0		1	2	0.224358	0.559113	0.08	0.127907
0		1	2	0.0712184	0.524631	0.08	0.279651
0		1	2	0.0552595	0.504926	0.06	0.288372
0		1	2	0.129899	0.568965	0.06	0.233333
0		1	2	0.160082	0.610837	0.06	0.227907
0		1	2	0.168843	0.623153	0.06	0.227907
0		1	2	0.148666	0.593596	0.06	0.227907
0		1	2	0.212251	0.623153	0.06	0.170543
0		1	2	0.18647	0.578818	0.06	0.174419
0		1	2	0.212044	0.628079	0.06	0.174419
0		1	2	0.183947	0.591133	0.04	0.184884
0		1	2	0.247251	0.689655	0.04	0.186047
0		1	2	0.237935	0.67734	0.04	0.186047
0		1	2	0.243493	0.684729	0.04	0.186047
0		1	2	0.290112	0.741379	0.04	0.183721
0		1	2	0.27326	0.721675	0.04	0.184884
0		1	2	0.27326	0.721675	0.04	0.184884
0		1	2	0.315722	0.770936	0.04	0.182558
0		1	2	0.29836	0.751232	0.04	0.183721
0		1	2	0.345766	0.805419	0.04	0.182558
0		1	2	0.35941	0.820197	0.04	0.181395
0		1	2	0.332785	0.79064	0.04	0.182558
0		1	2	0.32713	0.795566	0.04	0.204651
0		1	2	0.272185	0.73399	0.04	0.205814
0		1	2	0.278563	0.741379	0.04	0.205814
0		1	2	0.227858	0.682266	0.04	0.20814
0		1	2	0.191127	0.652709	0.04	0.230233
0		1	2	0.138909	0.58867	0.04	0.238372
0		1	2	0.16435	0.652709	0.04	0.286047
0		1	2	0.183172	0.672414	0.04	0.284884
0		1	2	0.154812	0.642857	0.04	0.287209
0		1	2	0.149879	0.618227	0.04	0.253488
0		1	2	0.147812	0.618227	0.04	0.256977
0		1	2	0.121476	0.593596	0.04	0.268605
0		1	2	0.0662512	0.541872	0.04	0.390698
0		1	2	0.0526071	0.546798	0.06	0.367442
0		1	2	0.0473512	0.53202	0.06	0.308528
0		1	2	0.035399	0.514778	0.04	0.368605
0		1	2	0.124536	0.482759	0.04	0.465116
0		1	2	0.154423	0.458128	0.04	0.490698
0		1	2	0.034795	0.465517	0.06	0.33876
0		1	2	0.0513173	0.453202	0.04	0.35
0		1	2	0.0723248	0.445813	0.02	0.369767
0		1	2	0.107691	0.401478	0.02	0.360465
0		1	2	0.154166	0.381773	0.04	0.246512
0		1	2	0.142294	0.362069	0.04	0.372093
0		1	2	0.201404	0.376847	0.02	0.497674
0		1	2	0.316765	0.401478	0.04	0.0430233
0		1	2	0.101033	0.408867	0.04	0.304651
0		1	2	0.140799	0.433498	0.04	0.22093
0		1	2	0.0893895	0.416256	0.04	0.367442
0		1	2	0.20957	0.450739	0.04	0.140698
0		1	2	0.124703	0.418719	0.06	0.248837
0		1	2	0.136466	0.426108	0.06	0.228682
0		1	2	0.115362	0.391626	0.04	0.309302
0		1	2	0.134986	0.371921	0.02	0.35814
0		1	2	0.229186	0.376847	0.04	0.151163
0		1	2	0.10851	0.391626	0.06	0.348837
0		1	2	0.103451	0.396552	0.06	0.344186
0		1	2	0.190088	0.376847	0.04	0.2
0		1	2	0.0941559	0.455665	0.08	0.262791
0		1	2	0.0635999	0.460591	0.04	0.297674
0		1	2	0.122759	0.423645	0.06	0.439535
0		1	2	0.0581573	0.445813	0.08	0.336628
0		1	2	0.0656144	0.438424	0.08	0.35407
0		1	2	0.0954272	0.406404	0.06	0.324807
0		1	2	0.121824	0.396552	0.06	0.407751
0		1	2	0.0825707	0.421182	0.08	0.32907
0		1	2	0.138981	0.362069	0.06	0.360465
0		1	2	0.165326	0.41133	0.06	0.203876
0		1	2	0.170603	0.406404	0.06	0.200775
0		1	2	0.145239	0.465517	0.06	0.202326
0		1	2	0.143664	0.472906	0.06	0.202326
0		1	2	0.156894	0.421182	0.06	0.207752
0		1	2	0.162068	0.41133	0.06	0.207752
0		1	2	0.164814	0.406404	0.06	0.207752
0		1	2	0.112206	0.438424	0.06	0.249612
0		1	2	0.108703	0.450739	0.06	0.246512
0		1	2	0.105047	0.465517	0.06	0.244186
0		1	2	0.103572	0.490148	0.06	0.240309
0		1	2	0.105881	0.463054	0.06	0.244186
0		1	2	0.103445	0.480296	0.06	0.24186
0		1	2	0.103064	0.487685	0.06	0.241086
0		1	2	0.0870598	0.431034	0.08	0.294186
0		1	2	0.06878	0.463054	0.08	0.288953
0		1	2	0.0893464	0.428571	0.08	0.293605
0		1	2	0.0576823	0.480296	0.08	0.293023
0		1	2	0.0655643	0.458128	0.08	0.297093
0		1	2	0.138064	0.401478	0.1	0.255349
0		1	2	0.132295	0.376847	0.08	0.299419
0		1	2	0.0784989	0.428571	0.06	0.310853
0		1	2	0.155027	0.391626	0.06	0.232558
0		1	2	0.161238	0.376847	0.08	0.241279
0		1	2	0.137775	0.374384	0.06	0.286821
0		1	2	0.174666	0.366995	0.08	0.231977
0		1	2	0.164687	0.357143	0.04	0.263953
0		1	2	0.138009	0.362069	0.06	0.348063
0		1	2	0.162282	0.394089	0.08	0.222093
0		1	2	0.146938	0.35468	0.08	0.334884
0		1	2	0.163504	0.342365	0.06	0.3
0		1	2	0.208874	0.293103	0.04	0.363953
0		1	2	0.26468	0.238916	0.02	0.360465
0		1	2	0.27549	0.238916	0.02	0.265116
0		1	2	0.304093	0.214286	0.02	0.439535
0		1	2	0.453876	0.20936	0	0
0		1	2	0.424497	0.253695	0.02	0
0		1	2	0.250474	0.253695	0.02	0.365116
0		1	2	0.311257	0.23399	0.02	0.5
0		1	2	0.271673	0.229064	0.04	0.343023
0		1	2	0.435541	0.238916	0	0
0		1	2	0.463478	0.194581	0	0
0		1	2	0.433239	0.238916	0.02	0
0		1	2	0.430289	0.243842	0.02	0
0		1	2	0.436226	0.23399	0.02	0
0		1	2	0.447174	0.214286	0.04	0
0		1	2	0.440944	0.224138	0.04	0
0		1	2	0.379166	0.204434	0.02	0.109302
0		1	2	0.421658	0.258621	0.02	0
0		1	2	0.481763	0.167488	0	0
0		1	2	0.378834	0.184729	0.02	0.137209
0		1	2	0.353264	0.150246	0.02	0.313953
0		1	2	0.524311	0.108374	0	0
0		1	2	0.54107	0.0862069	0	0
0		1	2	0.476115	0.115764	0.02	0.0651163
0		1	2	0.484777	0.091133	0.02	0.0860465
0		1	2	0.567876	0.0517241	0	0
0		1	2	0.587513	0.0270936	0	0
0		1	2	0.593477	0.0197044	0	0
0		1	2	0.631949	-0.0270936	0	0
0		1	2	0.546481	0.00246305	0.02	0.12093
0		1	2	0.537526	0.0123153	0.02	0.12093
0		1	2	0.648475	-0.046798	0	0
0		1	2	0.650553	-0.0492611	0	0
0		1	2	0.656804	-0.0566502	0	0
0		1	2	0.55955	-0.0517241	0.04	0.252326
0		1	2	0.571947	-0.0615764	0.02	0.444186
0		1	2	0.672098	-0.0763547	0.02	0
0		1	2	0.694777	-0.100985	0	0
0		1	2	0.699042	-0.105911	0	0
0		1	2	0.676328	-0.0812808	0.02	0
0		1	2	0.684814	-0.091133	0.02	0
0		1	2	0.69052	-0.0960591	0	0
0		1	2	0.667879	-0.0714286	0.02	0
0		1	2	0.6511	-0.0517241	0.02	0
0		1	2	0.6511	-0.0517241	0.02	0
0		1	2	0.638625	-0.0369458	0.02	0
0		1	2	0.60134	-0.0270936	0.04	0.0546512
0		1	2	0.636556	-0.0344828	0.02	0
0		1	2	0.61602	-0.00985222	0.02	0
0		1	2	0.609919	-0.00246305	0.02	0
0		1	2	0.589793	0.0221675	0.02	0
0		1	2	0.601828	0.00738916	0.02	0
0		1	2	0.581839	0.0320197	0.02	0
0		1	2	0.541111	0.0837438	0.02	0
0		1	2	0.509603	0.125616	0.02	0
0		1	2	0.527962	0.100985	0.02	0
0		1	2	0.520556	0.110837	0.02	0
0		1	2	0.513233	0.12069	0.02	0
0		1	2	0.520556	0.110837	0.02	0
0		1	2	0.546815	0.0763547	0.02	0
0		1	2	0.577885	0.0369458	0.02	0
0		1	2	0.548726	0.0738916	0.02	0
0		1	2	0.575913	0.0394089	0.02	0
0		1	2	0.624199	-0.0197044	0.02	0
0		1	2	0.626251	-0.0221675	0.02	0
0		1	2	0.589793	0.0221675	0.02	0
0		1	2	0.535447	0.091133	0.02	0
0		1	2	0.527962	0.100985	0.02	0
0		1	2	0.498847	0.140394	0.02	0
0		1	2	0.456457	0.20197	0.02	0
0		1	2	0.448513	0.214286	0.02	0
0		1	2	0.433239	0.238916	0.02	0
0		1	2	0.458069	0.199507	0.02	0
0		1	2	0.454853	0.204434	0.02	0
0		1	2	0.488301	0.155172	0.02	0
0		1	2	0.505995	0.130542	0.02	0
0		1	2	0.476282	0.172414	0.02	0
0		1	2	0.495307	0.14532	0.02	0
0		1	2	0.476282	0.172414	0.02	0
0		1	2	0.481394	0.165025	0.02	0
0		1	2	0.513233	0.12069	0.02	0
0		1	2	0.502409	0.135468	0.02	0
0		1	2	0.47123	0.179803	0.02	0
0		1	2	0.47123	0.179803	0.02	0
0		1	2	0.483111	0.162562	0.02	0
0		1	2	0.479683	0.167488	0.02	0
0		1	2	0.481394	0.165025	0.02	0
0		1	2	0.502409	0.135468	0.02	0
0		1	2	0.47123	0.179803	0.02	0
0		1	2	0.491792	0.150246	0.02	0
0		1	2	0.516884	0.115764	0.02	0
0		1	2	0.516884	0.115764	0.02	0
0		1	2	0.556411	0.0640394	0.02	0
0		1	2	0.589793	0.0221675	0.02	0
0		1	2	0.589793	0.0221675	0.02	0
0		1	2	0.603846	0.00492611	0.02	0
0		1	2	0.642773	-0.0418719	0.02	0
0		1	2	0.634489	-0.0320197	0.02	0
0		1	2	0.646931	-0.046798	0.02	0
0		1	2	0.632425	-0.0295567	0.02	0
0		1	2	0.589793	0.0221675	0.02	0
0		1	2	0.57986	0.0344828	0.02	0
0		1	2	0.577885	0.0369458	0.02	0
0		1	2	0.550641	0.0714286	0.02	0
0		1	2	0.564164	0.0541872	0.02	0
0		1	2	0.546815	0.0763547	0.02	0
0		1	2	0.539218	0.0862069	0.02	0
0		1	2	0.564164	0.0541872	0.02	0
0		1	2	0.519327	0.0665025	0.04	0.0581395
0		1	2	0.521383	0.0566502	0.04	0.0697674
0		1	2	0.513653	0.0665025	0.04	0.0686047
0		1	2	0.505365	0.0763547	0.04	0.0686047
0		1	2	0.493043	0.091133	0.04	0.0686047
0		1	2	0.501243	0.0812808	0.04	0.0686047
0		1	2	0.497135	0.0862069	0.04	0.0686047
0		1	2	0.469506	0.12069	0.04	0.0674419
0		1	2	0.505365	0.0763547	0.04	0.0686047
0		1	2	0.469506	0.12069	0.04	0.0674419
0		1	2	0.471565	0.12069	0.04	0.0639535
0		1	2	0.441227	0.160099	0.04	0.0627907
0		1	2	0.391418	0.229064	0.04	0.0616279
0		1	2	0.384665	0.238916	0.04	0.0616279
0		1	2	0.388025	0.23399	0.04	0.0616279
0		1	2	0.380654	0.248768	0.04	0.0581395
0		1	2	0.421227	0.189655	0.04	0.0593023
0		1	2	0.435948	0.169951	0.04	0.0593023
0		1	2	0.41482	0.199507	0.04	0.0581395
0		1	2	0.401789	0.214286	0.04	0.0616279
0		1	2	0.382997	0.241379	0.04	0.0616279
0		1	2	0.394844	0.224138	0.04	0.0616279
0		1	2	0.417844	0.192118	0.04	0.0616279
0		1	2	0.42071	0.187192	0.04	0.0627907
0		1	2	0.412429	0.199507	0.04	0.0616279
0		1	2	0.437443	0.165025	0.04	0.0627907
0		1	2	0.426233	0.179803	0.04	0.0627907
0		1	2	0.405307	0.20936	0.04	0.0616279
0		1	2	0.396569	0.221675	0.04	0.0616279
0		1	2	0.408854	0.204434	0.04	0.0616279
0		1	2	0.394844	0.224138	0.04	0.0616279
0		1	2	0.408854	0.204434	0.04	0.0616279
0		1	2	0.398301	0.219212	0.04	0.0616279
0		1	2	0.416032	0.194581	0.04	0.0616279
0		1	2	0.460469	0.135468	0.04	0.0627907
0		1	2	0.477528	0.1133	0.04	0.0639535
0		1	2	0.458522	0.137931	0.04	0.0627907
0		1	2	0.499072	0.0862069	0.04	0.0651163
0		1	2	0.494995	0.091133	0.04	0.0651163
0		1	2	0.448861	0.150246	0.04	0.0627907
0		1	2	0.487555	0.100985	0.04	0.0639535
0		1	2	0.463677	0.130542	0.04	0.0639535
0		1	2	0.459614	0.133005	0.04	0.0674419
0		1	2	0.45486	0.135468	0.04	0.072093
0		1	2	0.472382	0.105911	0.04	0.0837209
0		1	2	0.468926	0.110837	0.04	0.0825581
0		1	2	0.505158	0.0714286	0.04	0.0767442
0		1	2	0.512941	0.0615764	0.04	0.077907
0		1	2	0.502851	0.0763547	0.04	0.0732558
0		1	2	0.495216	0.0862069	0.04	0.072093
0		1	2	0.494346	0.0812808	0.04	0.0813953
0		1	2	0.490803	0.0862069	0.04	0.0802326
0		1	2	0.47153	0.110837	0.04	0.077907
0		1	2	0.475603	0.105911	0.04	0.077907
0		1	2	0.494346	0.0812808	0.04	0.0813953
0		1	2	0.515738	0.0541872	0.04	0.0848837
0		1	2	0.521564	0.046798	0.04	0.0860465
0		1	2	0.533339	0.0320197	0.04	0.0883721
0		1	2	0.509613	0.0172414	0.04	0.181395
0		1	2	0.509613	0.0172414	0.04	0.181395
0		1	2	0.501505	0.0246305	0.04	0.184884
0		1	2	0.532105	0.00246305	0.04	0.155814
0		1	2	0.512488	0.00738916	0.04	0.203488
0		1	2	0.525049	-0.0123153	0.04	0.230233
0		1	2	0.53243	-0.0270936	0.04	0.27093
0		1	2	0.529991	-0.0246305	0.04	0.27093
0		1	2	0.543795	-0.0418719	0.04	0.302326
0		1	2	0.540856	-0.0394089	0.04	0.309302
0		1	2	0.529554	-0.0270936	0.04	0.296512
0		1	2	0.507261	-0.00246305	0.04	0.276744
0		1	2	0.522993	-0.0197044	0.04	0.288372
0		1	2	0.511699	-0.00738916	0.04	0.280233
0		1	2	0.521996	-0.0197044	0.04	0.298837
0		1	2	0.560625	-0.0566502	0.04	0.406977
0		1	2	0.599575	-0.0862069	0.02	0.462791
0		1	2	0.599279	-0.0862069	0.04	0.466279
0		1	2	0.583052	-0.0492611	0.02	0.534884
0		1	2	0.585638	-0.0566502	0.02	0.52093
0		1	2	0.58401	-0.0541872	0.02	0.523256
0		1	2	0.580937	-0.0665025	0.04	0.216279
0		1	2	0.573927	-0.0714286	0.04	0.393023
0		1	2	0.604168	-0.100985	0.02	0.390698
0		1	2	0.589825	-0.0886699	0.04	0.374419
0		1	2	0.705457	-0.1133	0	0
0		1	2	0.742147	-0.155172	0	0
0		1	2	0.690044	-0.14532	0.02	0.102326
0		1	2	0.692122	-0.135468	0.02	0.072093
0		1	2	0.605671	-0.100985	0.04	0.27093
0		1	2	0.648653	-0.0960591	0.02	0.0906977
0		1	2	0.653338	-0.105911	0.02	0.102326
0		1	2	0.632771	-0.0935961	0.02	0.127907
0		1	2	0.633524	-0.105911	0.02	0.162791
0		1	2	0.616302	-0.1133	0.04	0.286047
0		1	2	0.623446	-0.12069	0.04	0.288372
0		1	2	0.679162	-0.130542	0.04	0.0918605
0		1	2	0.653716	-0.105911	0.04	0.0988372
0		1	2	0.616112	-0.115764	0.04	0.348837
0		1	2	0.594963	-0.0935961	0.06	0.3031
0		1	2	0.567624	-0.0665025	0.06	0.307751
0		1	2	0.601825	-0.100985	0.06	0.375193
0		1	2	0.639901	-0.135468	0.06	0.418605
0		1	2	0.672477	-0.165025	0.02	0.434884
0		1	2	0.682935	-0.169951	0.02	0.469767
0		1	2	0.673272	-0.160099	0.02	0.469767
0		1	2	0.641971	-0.140394	0.06	0.298449
0		1	2	0.655223	-0.14532	0.02	0.237209
0		1	2	0.671589	-0.160099	0.02	0.460465
0		1	2	0.759599	-0.174877	0	0
0		1	2	0.777158	-0.194581	0	0
0		1	2	0.790394	-0.20936	0	0
0		1	2	0.763979	-0.179803	0	0
0		1	2	0.717761	-0.174877	0.02	0.102326
0		1	2	0.679043	-0.174877	0.02	0.406977
0		1	2	0.712546	-0.165025	0.02	0.0906977
0		1	2	0.658117	-0.152709	0.04	0.261628
0		1	2	0.679932	-0.169951	0.04	0.22907
0		1	2	0.750859	-0.165025	0	0
0		1	2	0.777158	-0.194581	0	0
0		1	2	0.781564	-0.199507	0	0
0		1	2	0.700037	-0.194581	0.02	0.42093
0		1	2	0.7539	-0.169951	0.02	0
0		1	2	0.72343	-0.135468	0.02	0
0		1	2	0.6422	-0.130542	0.04	0.223256
0		1	2	0.599679	-0.0862069	0.04	0.218605
0		1	2	0.599679	-0.0862069	0.04	0.218605
0		1	2	0.599922	-0.0862069	0.04	0.217442
0		1	2	0.578281	-0.0640394	0.04	0.217442
0		1	2	0.561139	-0.0517241	0.04	0.243023
0		1	2	0.556297	-0.046798	0.04	0.243023
0		1	2	0.570829	-0.0615764	0.04	0.243023
0		1	2	0.576505	-0.0665025	0.04	0.238372
0		1	2	0.574085	-0.0640394	0.04	0.238372
0		1	2	0.570626	-0.0615764	0.04	0.244186
0		1	2	0.58275	-0.0738916	0.04	0.244186
0		1	2	0.580324	-0.0714286	0.04	0.244186
0		1	2	0.594882	-0.0862069	0.04	0.244186
0		1	2	0.57305	-0.0640394	0.04	0.244186
0		1	2	0.531888	-0.0221675	0.04	0.244186
0		1	2	0.527414	-0.0197044	0.04	0.255814
0		1	2	0.558633	-0.0517241	0.04	0.25814
0		1	2	0.553591	-0.046798	0.04	0.259302
0		1	2	0.566152	-0.0615764	0.04	0.274419
0		1	2	0.585173	-0.0812808	0.04	0.27907
0		1	2	0.575652	-0.0714286	0.04	0.276744
0		1	2	0.566152	-0.0615764	0.04	0.274419
0		1	2	0.566152	-0.0615764	0.04	0.274419
0		1	2	0.537465	-0.0320197	0.04	0.269767
0		1	2	0.558968	-0.0541872	0.04	0.273256
0		1	2	0.614309	-0.0541872	0.02	0.0813953
0		1	2	0.636887	-0.0862069	0.02	0.0976744
0		1	2	0.607963	-0.0615764	0.02	0.113953
0		1	2	0.629663	-0.0935961	0.02	0.137209
0		1	2	0.615704	-0.103448	0.02	0.227907
0		1	2	0.628444	-0.12069	0.02	0.253488
0		1	2	0.614666	-0.0985222	0.02	0.209302
0		1	2	0.59996	-0.0788177	0.02	0.190698
0		1	2	0.613303	-0.0960591	0.02	0.204651
0		1	2	0.622331	-0.108374	0.02	0.218605
0		1	2	0.609363	-0.0935961	0.02	0.211628
0		1	2	0.619569	-0.0985222	0.02	0.188372
0		1	2	0.621949	-0.100985	0.02	0.188372
0		1	2	0.598095	-0.0665025	0.02	0.155814
0		1	2	0.624474	-0.105911	0.02	0.197674
0		1	2	0.637445	-0.125616	0.02	0.227907
0		1	2	0.623824	-0.0960591	0.04	0.160465
0		1	2	0.592167	-0.0862069	0.02	0.269767
0		1	2	0.600855	-0.0960591	0.02	0.27907
0		1	2	0.60316	-0.0935961	0.02	0.244186
0		1	2	0.611137	-0.105911	0.02	0.274419
0		1	2	0.627181	-0.12069	0.02	0.262791
0		1	2	0.627181	-0.12069	0.02	0.262791
0		1	2	0.607473	-0.091133	0.02	0.209302
0		1	2	0.632056	-0.125616	0.02	0.262791
0		1	2	0.675343	-0.169951	0.02	0.418605
0		1	2	0.757411	-0.172414	0	0
0		1	2	0.659626	-0.147783	0.02	0.225581
0		1	2	0.649752	-0.14532	0.02	0.27907
0		1	2	0.632698	-0.128079	0.04	0.269767
0		1	2	0.625618	-0.125616	0.06	0.34496
0		1	2	0.647992	-0.140394	0.04	0.246512
0		1	2	0.744322	-0.157635	0	0
0		1	2	0.667928	-0.160099	0.02	0.437209
0		1	2	0.660172	-0.155172	0.02	0.413953
0		1	2	0.684232	-0.174877	0.02	0.448837
0		1	2	0.647719	-0.14532	0.02	0.304651
0		1	2	0.696237	-0.179803	0.02	0.488372
0		1	2	0.679456	-0.17734	0.02	0.37907
0		1	2	0.637914	-0.135468	0.06	0.287598
0		1	2	0.628682	-0.125616	0.06	0.281395
0		1	2	0.616665	-0.115764	0.06	0.310077
0		1	2	0.597268	-0.0960591	0.06	0.305426
0		1	2	0.593084	-0.091133	0.06	0.295349
0		1	2	0.59486	-0.0935961	0.06	0.304651
0		1	2	0.57723	-0.0763547	0.06	0.311628
0		1	2	0.601669	-0.100985	0.06	0.314728
0		1	2	0.584567	-0.0837438	0.06	0.312402
0		1	2	0.572639	-0.0714286	0.06	0.306202
0		1	2	0.584785	-0.0837438	0.06	0.308528
0		1	2	0.562611	-0.0615764	0.06	0.309302
0		1	2	0.543095	-0.0418719	0.06	0.306977
0		1	2	0.538078	-0.0369458	0.06	0.308528
0		1	2	0.526298	-0.0246305	0.06	0.301551
0		1	2	0.528753	-0.0270936	0.06	0.301551
0		1	2	0.533604	-0.0320197	0.06	0.302326
0		1	2	0.574687	-0.0738916	0.06	0.313179
0		1	2	0.56006	-0.0591133	0.06	0.310853
0		1	2	0.538515	-0.0369458	0.06	0.302326
0		1	2	0.581988	-0.0812808	0.06	0.314728
0		1	2	0.625755	-0.125616	0.06	0.356588
0		1	2	0.629385	-0.115764	0.06	0.213178
0		1	2	0.616418	-0.115764	0.04	0.323256
0		1	2	0.630848	-0.108374	0.02	0.181395
0		1	2	0.62815	-0.100985	0.02	0.165116
0		1	2	0.635123	-0.115764	0.02	0.193023
0		1	2	0.622331	-0.108374	0.02	0.218605
0		1	2	0.629557	-0.115764	0.02	0.218605
0		1	2	0.606975	-0.0788177	0.02	0.165116
0		1	2	0.587273	-0.0714286	0.02	0.213953
0		1	2	0.58779	-0.0714286	0.02	0.211628
0		1	2	0.576801	-0.0566502	0.02	0.197674
0		1	2	0.579767	-0.0591133	0.02	0.195349
0		1	2	0.560196	-0.0295567	0.02	0.165116
0		1	2	0.570874	-0.0566502	0.02	0.223256
0		1	2	0.591299	-0.0886699	0.02	0.304651
0		1	2	0.555724	-0.0172414	0.02	0.144186
0		1	2	0.545484	-0.00246305	0.02	0.134884
0		1	2	0.524155	0.0270936	0.02	0.12093
0		1	2	0.528325	0.0123153	0.02	0.144186
0		1	2	0.542807	-0.0172414	0.02	0.183721
0		1	2	0.565658	-0.0566502	0.02	0.251163
0		1	2	0.612291	-0.100985	0.02	0.453488
0		1	2	0.655416	-0.137931	0.02	0.488372
0		1	2	0.621507	-0.12069	0.04	0.318605
0		1	2	0.577577	-0.0763547	0.04	0.311628
0		1	2	0.591504	-0.091133	0.04	0.337209
0		1	2	0.611268	-0.110837	0.04	0.354651
0		1	2	0.616654	-0.110837	0.06	0.427907
0		1	2	0.622394	-0.110837	0.06	0.462791
0		1	2	0.602904	-0.0886699	0.06	0.473644
0		1	2	0.606951	-0.103448	0.06	0.408528
0		1	2	0.605175	-0.100985	0.04	0.411628
0		1	2	0.591707	-0.0812808	0.02	0.446512
0		1	2	0.598328	-0.0960591	0.04	0.295349
0		1	2	0.633263	-0.0812808	0.02	0.0953488
0		1	2	0.627987	-0.0714286	0.02	0.0860465
0		1	2	0.610705	-0.091133	0.02	0.195349
0		1	2	0.568127	-0.0665025	0.04	0.381395
0		1	2	0.569982	-0.0689655	0.04	0.37093
0		1	2	0.583089	-0.0812808	0.02	0.32093
0		1	2	0.620981	-0.105911	0.04	0.477907
0		1	2	0.599633	-0.0837438	0.04	0.47907
0		1	2	0.612546	-0.0985222	0.02	0.467442
0		1	2	0.588101	-0.0812808	0.02	0.423256
0		1	2	0.59395	-0.0862069	0.02	0.430233
0		1	2	0.592313	-0.0812808	0.04	0.231395
0		1	2	0.569744	-0.0615764	0.06	0.247286
0		1	2	0.703316	-0.110837	0	0
0		1	2	0.707599	-0.115764	0	0
0		1	2	0.642814	-0.137931	0.02	0.411628
0		1	2	0.678446	-0.0837438	0.02	0
0		1	2	0.680566	-0.0862069	0.02	0
0		1	2	0.693336	-0.100985	0.02	0
0		1	2	0.691202	-0.0985222	0.02	0
0		1	2	0.672098	-0.0763547	0.02	0
0		1	2	0.6511	-0.0517241	0.02	0
0		1	2	0.628306	-0.0246305	0.02	0
0		1	2	0.659469	-0.0615764	0.02	0
0		1	2	0.655279	-0.0566502	0.02	0
0		1	2	0.663669	-0.0665025	0.02	0
0		1	2	0.684814	-0.091133	0.02	0
0		1	2	0.678446	-0.0837438	0.02	0
0		1	2	0.693336	-0.100985	0.02	0
0		1	2	0.701893	-0.110837	0.02	0
0		1	2	0.714791	-0.125616	0.02	0
0		1	2	0.737802	-0.150246	0	0
0		1	2	0.7465	-0.160099	0	0
0		1	2	0.759599	-0.174877	0	0
0		1	2	0.759599	-0.174877	0	0
0		1	2	0.745159	-0.160099	0.02	0
0		1	2	0.749526	-0.165025	0.02	0
0		1	2	0.720135	-0.174877	0.02	0.0953488
0		1	2	0.685202	-0.17734	0.04	0.24186
0		1	2	0.705652	-0.204434	0.02	0.332558
0		1	2	0.725567	-0.224138	0.02	0.365116
0		1	2	0.799248	-0.219212	0	0
0		1	2	0.799248	-0.219212	0	0
0		1	2	0.719445	-0.20936	0.02	0.230233
0		1	2	0.808125	-0.229064	0	0
0		1	2	0.801465	-0.221675	0	0
0		1	2	0.754092	-0.20936	0.02	0.0906977
0		1	2	0.715222	-0.20936	0.02	0.425581
0		1	2	0.799248	-0.219212	0	0
0		1	2	0.828179	-0.251232	0	0
0		1	2	0.839366	-0.263547	0	0
0		1	2	0.826971	-0.251232	0.02	0
0		1	2	0.848338	-0.273399	0	0
0		1	2	0.852831	-0.278325	0	0
0		1	2	0.861832	-0.288177	0	0
0		1	2	0.814222	-0.293103	0.02	0.523256
0		1	2	0.821114	-0.29803	0.02	0.532558
0		1	2	0.816112	-0.295566	0.02	0.52093
0		1	2	0.797752	-0.273399	0.02	0.534884
0		1	2	0.752532	-0.241379	0.04	0.47093
0		1	2	0.728217	-0.219212	0.04	0.455814
0		1	2	0.742949	-0.224138	0.02	0.504651
0		1	2	0.740549	-0.221675	0.02	0.504651
0		1	2	0.702932	-0.199507	0.02	0.4
0		1	2	0.727506	-0.20197	0.02	0.530233
0		1	2	0.708317	-0.204434	0.04	0.272093
0		1	2	0.676285	-0.174877	0.04	0.304651
0		1	2	0.654451	-0.150246	0.04	0.272093
0		1	2	0.672918	-0.172414	0.04	0.326744
0		1	2	0.668602	-0.155172	0.06	0.210077
0		1	2	0.674921	-0.174877	0.06	0.351163
0		1	2	0.697447	-0.192118	0.06	0.257365
0		1	2	0.693385	-0.192118	0.04	0.380233
0		1	2	0.685061	-0.184729	0.04	0.336047
0		1	2	0.714694	-0.214286	0.04	0.356977
0		1	2	0.717536	-0.214286	0.06	0.275193
0		1	2	0.717895	-0.216749	0.04	0.30814
0		1	2	0.789055	-0.23399	0.02	0.630233
0		1	2	0.751092	-0.248768	0.02	0.3
0		1	2	0.834887	-0.258621	0	0
0		1	2	0.841607	-0.26601	0	0
0		1	2	0.761556	-0.253695	0.02	0.24186
0		1	2	0.824734	-0.248768	0.02	0
0		1	2	0.737377	-0.236453	0.04	0.374419
0		1	2	0.731777	-0.229064	0.04	0.283721
0		1	2	0.713613	-0.206897	0.06	0.245737
0		1	2	0.740624	-0.238916	0.04	0.389535
0		1	2	0.740018	-0.238916	0.02	0.348837
0		1	2	0.757681	-0.241379	0.04	0.188372
0		1	2	0.77772	-0.253695	0.02	0.155814
0		1	2	0.768687	-0.23399	0.02	0.118605
0		1	2	0.761086	-0.219212	0.02	0.0976744
0		1	2	0.776769	-0.243842	0.02	0.123256
0		1	2	0.75957	-0.238916	0.02	0.172093
0		1	2	0.735632	-0.214286	0.02	0.172093
0		1	2	0.735632	-0.214286	0.02	0.172093
0		1	2	0.731188	-0.226601	0.02	0.272093
0		1	2	0.747692	-0.246305	0.02	0.365116
0		1	2	0.763891	-0.256158	0.02	0.444186
0		1	2	0.848338	-0.273399	0	0
0		1	2	0.879889	-0.307882	0	0
0		1	2	0.873109	-0.300493	0	0
0		1	2	0.86634	-0.293103	0	0
0		1	2	0.851658	-0.278325	0.02	0
0		1	2	0.851658	-0.278325	0.02	0
0		1	2	0.821768	-0.246305	0.04	0
0		1	2	0.837458	-0.263547	0.04	0
0		1	2	0.817297	-0.241379	0.04	0
0		1	2	0.806143	-0.229064	0.04	0
0		1	2	0.808371	-0.231527	0.04	0
0		1	2	0.830726	-0.256158	0.04	0
0		1	2	0.819532	-0.243842	0.04	0
0		1	2	0.837458	-0.263547	0.04	0
0		1	2	0.851658	-0.278325	0.02	0
0		1	2	0.849408	-0.275862	0.02	0
0		1	2	0.842664	-0.268473	0.02	0
0		1	2	0.776386	-0.273399	0.02	0.288372
0		1	2	0.85958	-0.285714	0	0
0		1	2	0.864086	-0.29064	0	0
0		1	2	0.779798	-0.278325	0.02	0.369767
0		1	2	0.847159	-0.273399	0.02	0
0		1	2	0.774452	-0.273399	0.02	0.348837
0		1	2	0.820264	-0.243842	0.02	0
0		1	2	0.820264	-0.243842	0.02	0
0		1	2	0.824734	-0.248768	0.02	0
0		1	2	0.818031	-0.241379	0.02	0
0		1	2	0.766103	-0.263547	0.02	0.295349
0		1	2	0.786863	-0.253695	0.02	0.12093
0		1	2	0.783482	-0.248768	0.02	0.116279
0		1	2	0.762052	-0.238916	0.04	0.15814
0		1	2	0.76745	-0.258621	0.04	0.22907
0		1	2	0.757586	-0.243842	0.04	0.201163
0		1	2	0.773567	-0.263547	0.04	0.22093
0		1	2	0.749042	-0.23399	0.04	0.195349
0		1	2	0.772243	-0.258621	0.02	0.204651
0		1	2	0.782199	-0.278325	0.02	0.276744
0		1	2	0.86634	-0.293103	0	0
0		1	2	0.778359	-0.263547	0.02	0.197674
0		1	2	0.775149	-0.273399	0.04	0.295349
0		1	2	0.877628	-0.305419	0	0
0		1	2	0.86634	-0.293103	0	0
0		1	2	0.861832	-0.288177	0	0
0		1	2	0.879889	-0.307882	0	0
0		1	2	0.884414	-0.312808	0	0
0		1	2	0.834775	-0.293103	0.02	0.0860465
0		1	2	0.83064	-0.283251	0.02	0.0697674
0		1	2	0.779993	-0.278325	0.04	0.296512
0		1	2	0.798138	-0.29064	0.02	0.24186
0		1	2	0.822229	-0.317734	0.02	0.267442
0		1	2	0.839868	-0.32266	0.02	0.17907
0		1	2	0.835628	-0.32266	0.02	0.202326
0		1	2	0.833992	-0.317734	0.02	0.502326
0		1	2	0.836924	-0.317734	0.02	0.169767
0		1	2	0.832986	-0.293103	0.04	0.0895349
0		1	2	0.825057	-0.283251	0.04	0.0848837
0		1	2	0.809746	-0.278325	0.04	0.12093
0		1	2	0.847159	-0.273399	0.02	0
0		1	2	0.865185	-0.293103	0.02	0
0		1	2	0.886678	-0.315271	0	0
0		1	2	0.875368	-0.302956	0	0
0		1	2	0.884414	-0.312808	0	0
0		1	2	0.902557	-0.332512	0	0
0		1	2	0.893477	-0.32266	0	0
0		1	2	0.817549	-0.312808	0.02	0.265116
0		1	2	0.907102	-0.337438	0	0
0		1	2	0.920763	-0.352217	0	0
0		1	2	0.911652	-0.342365	0	0
0		1	2	0.908276	-0.339901	0.02	0
0		1	2	0.913928	-0.344828	0	0
0		1	2	0.911652	-0.342365	0	0
0		1	2	0.927607	-0.359606	0	0
0		1	2	0.948186	-0.381773	0	0
0		1	2	0.915012	-0.381773	0.02	0.102326
0		1	2	0.952768	-0.386699	0	0
0		1	2	0.942546	-0.376847	0.02	0
0		1	2	0.93903	-0.371921	0	0
0		1	2	0.955061	-0.389163	0	0
0		1	2	0.959649	-0.394089	0	0
0		1	2	0.937965	-0.371921	0.02	0
0		1	2	0.937965	-0.371921	0.02	0
0		1	2	0.944838	-0.37931	0.02	0
0		1	2	0.887733	-0.374384	0.02	0.195349
0		1	2	0.888924	-0.374384	0.02	0.188372
0		1	2	0.899866	-0.386699	0.02	0.195349
0		1	2	0.896193	-0.381773	0.02	0.188372
0		1	2	0.902267	-0.386699	0.02	0.181395
0		1	2	0.937965	-0.371921	0.02	0
0		1	2	0.942546	-0.376847	0.02	0
0		1	2	0.942546	-0.376847	0.02	0
0		1	2	0.957355	-0.391626	0	0
0		1	2	0.902267	-0.386699	0.02	0.181395
0		1	2	0.96424	-0.399015	0	0
0		1	2	0.978033	-0.413793	0	0
0		1	2	0.975733	-0.41133	0	0
0		1	2	0.973432	-0.408867	0	0
0		1	2	0.971133	-0.406404	0	0
0		1	2	0.975733	-0.41133	0	0
0		1	2	0.975733	-0.41133	0	0
0		1	2	0.919171	-0.416256	0.02	0.404651
0		1	2	0.984941	-0.421182	0	0
0		1	2	0.987245	-0.423645	0	0
0		1	2	0.984941	-0.421182	0	0
0		1	2	0.998776	-0.435961	0	0
0		1	2	0.991855	-0.428571	0	0
0		1	2	0.991855	-0.428571	0	0
0		1	2	0.987245	-0.423645	0	0
0		1	2	0.916043	-0.406404	0.02	0.469767
0		1	2	0.915695	-0.41133	0.02	0.423256
0		1	2	0.922144	-0.421182	0.02	0.330233
0		1	2	0.987245	-0.423645	0	0
0		1	2	0.912213	-0.41133	0.02	0.346512
0		1	2	0.924714	-0.423645	0.02	0.362791
0		1	2	0.98955	-0.426108	0	0
0		1	2	0.925613	-0.418719	0.02	0.448837
0		1	2	0.980335	-0.416256	0	0
0		1	2	0.975733	-0.41133	0	0
0		1	2	0.984941	-0.421182	0	0
0		1	2	0.978033	-0.413793	0	0
0		1	2	0.994161	-0.431034	0	0
0		1	2	0.98955	-0.426108	0	0
0		1	2	0.974707	-0.41133	0.02	0
0		1	2	0.972405	-0.408867	0.02	0
0		1	2	0.923528	-0.416256	0.02	0.234884
0		1	2	0.916417	-0.413793	0.02	0.4
0		1	2	0.905655	-0.403941	0.02	0.304651
0		1	2	0.929387	-0.401478	0.02	0.12093
0		1	2	0.931465	-0.406404	0.02	0.132558
0		1	2	0.933709	-0.41133	0.02	0.144186
0		1	2	0.922617	-0.401478	0.02	0.151163
0		1	2	0.917091	-0.391626	0.02	0.132558
0		1	2	0.910955	-0.401478	0.02	0.218605
0		1	2	0.897184	-0.37931	0.02	0.169767
0		1	2	0.924243	-0.357143	0.02	0
0		1	2	0.877437	-0.334975	0.02	0.0767442
0		1	2	0.819003	-0.312808	0.02	0.251163
0		1	2	0.828744	-0.327586	0.02	0.325581
0		1	2	0.804491	-0.302956	0.02	0.313953
0		1	2	0.786201	-0.283251	0.02	0.288372
0		1	2	0.781635	-0.278325	0.02	0.283721
0		1	2	0.7898	-0.273399	0.02	0.188372
0		1	2	0.761722	-0.238916	0.02	0.162791
0		1	2	0.773443	-0.253695	0.02	0.174419
0		1	2	0.769824	-0.256158	0.02	0.204651
0		1	2	0.767405	-0.253695	0.02	0.204651
0		1	2	0.746926	-0.229064	0.02	0.186047
0		1	2	0.762994	-0.248768	0.02	0.202326
0		1	2	0.754885	-0.246305	0.02	0.237209
0		1	2	0.752781	-0.243842	0.02	0.234884
0		1	2	0.752781	-0.243842	0.02	0.234884
0		1	2	0.76125	-0.253695	0.02	0.244186
0		1	2	0.761556	-0.253695	0.02	0.24186
0		1	2	0.770139	-0.263547	0.02	0.251163
0		1	2	0.743877	-0.236453	0.02	0.246512
0		1	2	0.743877	-0.236453	0.02	0.246512
0		1	2	0.737844	-0.229064	0.02	0.237209
0		1	2	0.729161	-0.219212	0.02	0.230233
0		1	2	0.747253	-0.238916	0.02	0.239535
0		1	2	0.751641	-0.238916	0.02	0.211628
0		1	2	0.763898	-0.253695	0.02	0.225581
0		1	2	0.784436	-0.275862	0.02	0.234884
0		1	2	0.794186	-0.293103	0.02	0.332558
0		1	2	0.749267	-0.243842	0.02	0.262791
0		1	2	0.736501	-0.23399	0.02	0.297674
0		1	2	0.736501	-0.23399	0.02	0.297674
0		1	2	0.727507	-0.224138	0.02	0.286047
0		1	2	0.716504	-0.211823	0.02	0.272093
0		1	2	0.732061	-0.229064	0.02	0.290698
0		1	2	0.757255	-0.256158	0.02	0.351163
0		1	2	0.726156	-0.224138	0.02	0.306977
0		1	2	0.709088	-0.206897	0.02	0.304651
0		1	2	0.716011	-0.214286	0.02	0.313953
0		1	2	0.706763	-0.204434	0.02	0.302326
0		1	2	0.702141	-0.199507	0.02	0.297674
0		1	2	0.706763	-0.204434	0.02	0.302326
0		1	2	0.744985	-0.243842	0.02	0.353488
0		1	2	0.758287	-0.256158	0.02	0.383721
0		1	2	0.771946	-0.268473	0.02	0.404651
0		1	2	0.748473	-0.243842	0.02	0.416279
0		1	2	0.742363	-0.236453	0.02	0.427907
0		1	2	0.74563	-0.238916	0.02	0.434884
0		1	2	0.724	-0.219212	0.02	0.416279
0		1	2	0.712925	-0.20936	0.02	0.402326
0		1	2	0.716966	-0.214286	0.02	0.390698
0		1	2	0.71412	-0.204434	0.04	0.227907
0		1	2	0.729822	-0.226601	0.04	0.277907
0		1	2	0.734326	-0.231527	0.04	0.282558
0		1	2	0.696694	-0.194581	0.04	0.293023
0		1	2	0.723256	-0.221675	0.04	0.3
0		1	2	0.739189	-0.238916	0.04	0.34186
0		1	2	0.71952	-0.219212	0.04	0.35
0		1	2	0.729752	-0.226601	0.04	0.40814
0		1	2	0.736716	-0.23399	0.04	0.403488
0		1	2	0.752229	-0.236453	0.04	0.495349
0		1	2	0.759222	-0.241379	0.04	0.505814
0		1	2	0.753626	-0.243842	0.04	0.462791
0		1	2	0.738099	-0.224138	0.04	0.484884
0		1	2	0.739005	-0.224138	0.04	0.489535
0		1	2	0.728038	-0.219212	0.04	0.454651
0		1	2	0.748889	-0.23399	0.04	0.490698
0		1	2	0.725808	-0.224138	0.04	0.388372
0		1	2	0.723735	-0.221675	0.04	0.394186
0		1	2	0.692649	-0.189655	0.02	0.293023
0		1	2	0.715512	-0.214286	0.02	0.355814
0		1	2	0.68099	-0.179803	0.02	0.339535
0		1	2	0.650916	-0.150246	0.04	0.365116
0		1	2	0.649994	-0.14532	0.04	0.418605
0		1	2	0.647415	-0.142857	0.04	0.417442
0		1	2	0.654494	-0.150246	0.04	0.415116
0		1	2	0.635741	-0.133005	0.04	0.398837
0		1	2	0.633188	-0.130542	0.04	0.397674
0		1	2	0.622809	-0.12069	0.04	0.390698
0		1	2	0.635543	-0.133005	0.04	0.396512
0		1	2	0.643099	-0.140394	0.04	0.398837
0		1	2	0.674199	-0.169951	0.04	0.416279
0		1	2	0.684501	-0.179803	0.04	0.42093
0		1	2	0.681818	-0.174877	0.04	0.438372
0		1	2	0.639557	-0.135468	0.04	0.412791
0		1	2	0.618899	-0.115764	0.04	0.402326
0		1	2	0.634413	-0.130542	0.04	0.410465
0		1	2	0.613887	-0.110837	0.04	0.401163
0		1	2	0.583939	-0.0812808	0.04	0.395349
0		1	2	0.606877	-0.103448	0.04	0.404651
0		1	2	0.590999	-0.0886699	0.04	0.39186
0		1	2	0.624139	-0.12069	0.04	0.405814
0		1	2	0.60877	-0.105911	0.04	0.398837
0		1	2	0.616255	-0.115764	0.04	0.32907
0		1	2	0.601656	-0.100985	0.04	0.323256
0		1	2	0.587123	-0.0862069	0.04	0.317442
0		1	2	0.601656	-0.100985	0.04	0.323256
0		1	2	0.546523	-0.044335	0.04	0.298837
0		1	2	0.54407	-0.0418719	0.04	0.298837
0		1	2	0.555926	-0.0517241	0.06	0.275193
0		1	2	0.560721	-0.0566502	0.06	0.27597
0		1	2	0.507609	-0.00246305	0.06	0.271319
0		1	2	0.47362	0.0320197	0.06	0.270542
0		1	2	0.480922	0.0246305	0.06	0.270542
0		1	2	0.47362	0.0320197	0.06	0.270542
0		1	2	0.468753	0.0369458	0.06	0.270542
0		1	2	0.451729	0.0541872	0.06	0.270542
0		1	2	0.46632	0.0394089	0.06	0.270542
0		1	2	0.433967	0.0714286	0.06	0.275193
0		1	2	0.421935	0.0837438	0.06	0.274419
0		1	2	0.390519	0.115764	0.06	0.273644
0		1	2	0.337504	0.169951	0.06	0.272867
0		1	2	0.275404	0.23399	0.06	0.272093
0		1	2	0.256423	0.253695	0.06	0.272093
0		1	2	0.233103	0.278325	0.06	0.271319
0		1	2	0.256423	0.253695	0.06	0.272093
0		1	2	0.270649	0.238916	0.06	0.272093
0		1	2	0.246975	0.263547	0.06	0.272093
0		1	2	0.270649	0.238916	0.06	0.272093
0		1	2	0.291169	0.216749	0.06	0.27597
0		1	2	0.264887	0.243842	0.06	0.27597
0		1	2	0.236647	0.273399	0.06	0.275193
0		1	2	0.20777	0.302956	0.06	0.277519
0		1	2	0.25934	0.248768	0.06	0.27907
0		1	2	0.235771	0.273399	0.06	0.278295
0		1	2	0.247631	0.261084	0.06	0.278295
0		1	2	0.254571	0.253695	0.06	0.27907
0		1	2	0.210107	0.300493	0.06	0.277519
0		1	2	0.216902	0.293103	0.06	0.278295
0		1	2	0.257698	0.248768	0.06	0.286047
0		1	2	0.257698	0.248768	0.06	0.286047
0		1	2	0.315188	0.189655	0.06	0.288372
0		1	2	0.34373	0.160099	0.06	0.292249
0		1	2	0.351386	0.152709	0.06	0.289923
0		1	2	0.328656	0.174877	0.06	0.295349
0		1	2	0.350391	0.152709	0.06	0.2969
0		1	2	0.355275	0.147783	0.06	0.2969
0		1	2	0.372184	0.130542	0.06	0.298449
0		1	2	0.386034	0.115764	0.06	0.306202
0		1	2	0.390864	0.110837	0.06	0.306977
0		1	2	0.389166	0.110837	0.06	0.34496
0		1	2	0.386738	0.1133	0.06	0.348837
0		1	2	0.423805	0.0763547	0.06	0.35504
0		1	2	0.423765	0.0763547	0.06	0.353488
0		1	2	0.453268	0.046798	0.06	0.351163
0		1	2	0.458799	0.0418719	0.06	0.318605
0		1	2	0.458538	0.0418719	0.06	0.32403
0		1	2	0.468381	0.0320197	0.06	0.32403
0		1	2	0.498007	0.0221675	0.06	0.203101
0		1	2	0.518691	0	0.06	0.205426
0		1	2	0.494173	0.0270936	0.06	0.2
0		1	2	0.472628	0.046798	0.06	0.209302
0		1	2	0.463414	0.0566502	0.06	0.208527
0		1	2	0.467685	0.0517241	0.06	0.210077
0		1	2	0.439436	0.0812808	0.06	0.210077
0		1	2	0.430058	0.091133	0.06	0.210077
0		1	2	0.374307	0.150246	0.06	0.210077
0		1	2	0.392782	0.130542	0.06	0.210077
0		1	2	0.378914	0.14532	0.06	0.210077
0		1	2	0.336758	0.192118	0.06	0.206977
0		1	2	0.31218	0.219212	0.06	0.206977
0		1	2	0.31218	0.219212	0.06	0.206977
0		1	2	0.305032	0.231527	0.04	0.2
0		1	2	0.315399	0.219212	0.04	0.201163
0		1	2	0.314357	0.219212	0.04	0.203488
0		1	2	0.296889	0.238916	0.04	0.203488
0		1	2	0.287701	0.248768	0.04	0.204651
0		1	2	0.296343	0.238916	0.04	0.204651
0		1	2	0.340541	0.189655	0.04	0.204651
0		1	2	0.349543	0.179803	0.04	0.204651
0		1	2	0.353607	0.174877	0.04	0.205814
0		1	2	0.342787	0.187192	0.04	0.204651
0		1	2	0.345506	0.184729	0.04	0.203488
0		1	2	0.306123	0.229064	0.04	0.202326
0		1	2	0.341496	0.189655	0.04	0.202326
0		1	2	0.341496	0.189655	0.04	0.202326
0		1	2	0.314877	0.219212	0.04	0.202326
0		1	2	0.314877	0.219212	0.04	0.202326
0		1	2	0.297439	0.238916	0.04	0.202326
0		1	2	0.277267	0.263547	0.04	0.2
0		1	2	0.254555	0.29064	0.04	0.2
0		1	2	0.228139	0.317734	0.06	0.206202
0		1	2	0.196851	0.359606	0.06	0.205426
0		1	2	0.205297	0.347291	0.06	0.206202
0		1	2	0.182736	0.37931	0.06	0.206202
0		1	2	0.153567	0.431034	0.06	0.206202
0		1	2	0.144195	0.455665	0.06	0.206202
0		1	2	0.137298	0.495074	0.06	0.206202
0		1	2	0.137563	0.490148	0.06	0.206202
0		1	2	0.134471	0.490148	0.06	0.209302
0		1	2	0.1342	0.495074	0.06	0.209302
0		1	2	0.134921	0.485222	0.06	0.209302
0		1	2	0.13978	0.539409	0.06	0.209302
0		1	2	0.141984	0.544335	0.06	0.208527
0		1	2	0.153798	0.573892	0.06	0.208527
0		1	2	0.189984	0.633005	0.06	0.207752
0		1	2	0.212228	0.662562	0.06	0.206977
0		1	2	0.219866	0.672414	0.06	0.206977
0		1	2	0.221803	0.674877	0.06	0.206977
0		1	2	0.183222	0.623153	0.06	0.207752
0		1	2	0.17675	0.613301	0.06	0.207752
0		1	2	0.204779	0.652709	0.06	0.206977
0		1	2	0.24925	0.699507	0.04	0.195349
0		1	2	0.239507	0.687192	0.04	0.195349
0		1	2	0.23001	0.674877	0.04	0.195349
0		1	2	0.189624	0.618227	0.04	0.196512
0		1	2	0.178006	0.598522	0.04	0.196512
0		1	2	0.182714	0.608374	0.04	0.197674
0		1	2	0.171761	0.58867	0.04	0.197674
0		1	2	0.164619	0.573892	0.04	0.197674
0		1	2	0.15229	0.539409	0.04	0.197674
0		1	2	0.147186	0.495074	0.04	0.197674
0		1	2	0.143852	0.480296	0.04	0.202326
0		1	2	0.148323	0.536946	0.04	0.201163
0		1	2	0.144406	0.514778	0.04	0.201163
0		1	2	0.150334	0.544335	0.04	0.201163
0		1	2	0.143732	0.504926	0.04	0.201163
0		1	2	0.142582	0.495074	0.04	0.202326
0		1	2	0.149234	0.455665	0.04	0.202326
0		1	2	0.168567	0.406404	0.04	0.204651
0		1	2	0.174188	0.401478	0.04	0.201163
0		1	2	0.186739	0.37931	0.04	0.202326
0		1	2	0.206134	0.339901	0.04	0.215116
0		1	2	0.233291	0.305419	0.04	0.216279
0		1	2	0.181759	0.362069	0.04	0.226744
0		1	2	0.170815	0.376847	0.04	0.226744
0		1	2	0.195841	0.337438	0.04	0.236047
0		1	2	0.183758	0.352217	0.04	0.236047
0		1	2	0.166128	0.376847	0.04	0.233721
0		1	2	0.158848	0.389163	0.04	0.231395
0		1	2	0.126098	0.450739	0.04	0.22907
0		1	2	0.128103	0.445813	0.04	0.22907
0		1	2	0.128103	0.445813	0.04	0.22907
0		1	2	0.142206	0.416256	0.04	0.230233
0		1	2	0.121091	0.465517	0.04	0.22907
0		1	2	0.125845	0.460591	0.04	0.225581
0		1	2	0.127289	0.463054	0.04	0.223256
0		1	2	0.123667	0.472906	0.04	0.224419
0		1	2	0.129626	0.455665	0.04	0.223256
0		1	2	0.123055	0.504926	0.04	0.222093
0		1	2	0.12315	0.475369	0.04	0.224419
0		1	2	0.124525	0.519704	0.04	0.222093
0		1	2	0.130705	0.544335	0.04	0.222093
0		1	2	0.131561	0.546798	0.04	0.222093
0		1	2	0.127198	0.522168	0.04	0.219767
0		1	2	0.126792	0.519704	0.04	0.219767
0		1	2	0.14058	0.559113	0.04	0.217442
0		1	2	0.162078	0.598522	0.04	0.216279
0		1	2	0.178959	0.623153	0.04	0.215116
0		1	2	0.171463	0.613301	0.04	0.216279
0		1	2	0.171463	0.613301	0.04	0.216279
0		1	2	0.199707	0.652709	0.04	0.216279
0		1	2	0.179143	0.628079	0.04	0.219767
0		1	2	0.178342	0.628079	0.04	0.22093
0		1	2	0.20787	0.665025	0.04	0.218605
0		1	2	0.159999	0.600985	0.04	0.22093
0		1	2	0.140977	0.568965	0.04	0.222093
0		1	2	0.142469	0.573892	0.04	0.223256
0		1	2	0.153615	0.593596	0.04	0.223256
0		1	2	0.188484	0.642857	0.04	0.222093
0		1	2	0.175777	0.625616	0.04	0.222093
0		1	2	0.216451	0.67734	0.04	0.22093
0		1	2	0.233483	0.697044	0.04	0.219767
0		1	2	0.221153	0.682266	0.04	0.219767
0		1	2	0.169714	0.615764	0.04	0.22093
0		1	2	0.185544	0.637931	0.04	0.22093
0		1	2	0.1639	0.608374	0.04	0.222093
0		1	2	0.185544	0.637931	0.04	0.22093
0		1	2	0.170023	0.623153	0.04	0.227907
0		1	2	0.158068	0.603448	0.04	0.225581
0		1	2	0.151803	0.593596	0.04	0.225581
0		1	2	0.211102	0.672414	0.04	0.223256
0		1	2	0.168929	0.618227	0.04	0.224419
0		1	2	0.186996	0.642857	0.04	0.224419
0		1	2	0.160092	0.58867	0.04	0.211628
0		1	2	0.168726	0.603448	0.04	0.211628
0		1	2	0.203457	0.652709	0.04	0.210465
0		1	2	0.221785	0.679803	0.04	0.215116
0		1	2	0.263235	0.731527	0.04	0.219767
0		1	2	0.320577	0.793103	0.04	0.215116
0		1	2	0.307123	0.778325	0.04	0.215116
0		1	2	0.287354	0.758621	0.04	0.219767
0		1	2	0.344483	0.82266	0.04	0.224419
0		1	2	0.332152	0.810345	0.04	0.226744
0		1	2	0.355274	0.834975	0.04	0.226744
0		1	2	0.359923	0.839902	0.04	0.226744
0		1	2	0.36225	0.842365	0.04	0.226744
0		1	2	0.349867	0.830049	0.04	0.22907
0		1	2	0.387609	0.869458	0.04	0.227907
0		1	2	0.324024	0.802956	0.04	0.230233
0		1	2	0.261913	0.736453	0.04	0.232558
0		1	2	0.248653	0.721675	0.04	0.232558
0		1	2	0.232863	0.704434	0.04	0.233721
