0	4.49304	4	0.0808786		4	4	4.49304	4
1	4.49304	4.10768	0.108671		4.49304	4	4.49304	4.10768
2	4.49304	4.10768	0.180245		4.49304	4.10768	5.7978	4.10768
3	4.49304	4.21494	0.144032		4.49304	4.10768	4.49304	4.21494
4	4.31833	4.21494	0.139114		4.49304	4.21494	4.31833	4.21494
5	4.31833	4.21494	0.0879716		4.31833	4.21494	4.31833	3.90607
6	4.31833	4.21494	0.174857		4.31833	4.21494	3.33208	4.21494
7	4.31833	4.21494	0.127797		4.31833	4.21494	4.31833	4.94099
8	3.53424	4.21494	0.110737		4.31833	4.21494	3.53424	4.21494
9	3.53424	4.21494	0.127496		3.53424	4.21494	3.53424	2.31765
10	3.53424	4.21494	0.0815446		3.53424	4.21494	4.83407	4.21494
11	3.53424	4.21494	0.149824		3.53424	4.21494	3.53424	4.13806
12	2.83167	4.21494	0.245236		3.53424	4.21494	2.83167	4.21494
13	2.83167	4.21494	0.0778081		2.83167	4.21494	2.83167	3.93778
14	2.83167	4.21494	0.0843525		2.83167	4.21494	1.17319	4.21494
15	2.83167	4.21494	0.107154		2.83167	4.21494	2.83167	4.40494
16	2.83167	4.21494	0.111876		2.83167	4.21494	3.18062	4.21494
17	2.83167	3.37756	0.139152		2.83167	4.21494	2.83167	3.37756
18	2.83167	3.37756	0.146792		2.83167	3.37756	2.58262	3.37756
19	2.83167	5.88364	0.0800291		2.83167	3.37756	2.83167	5.88364
20	3.87748	5.88364	0.131497		2.83167	5.88364	3.87748	5.88364
21	3.87748	5.77923	0.116958		3.87748	5.88364	3.87748	5.77923
22	3.87748	5.77923	0.13142		3.87748	5.77923	3.99611	5.77923
23	3.87748	4.83414	0.119657		3.87748	5.77923	3.87748	4.83414
24	2.98784	4.83414	0.172291		3.87748	4.83414	2.98784	4.83414
25	2.98784	4.83414	0.150406		2.98784	4.83414	2.98784	3.45417
26	2.43898	4.83414	0.137023		2.98784	4.83414	2.43898	4.83414
27	2.43898	4.87855	0.118313		2.43898	4.83414	2.43898	4.87855
28	2.43898	4.87855	0.114413		2.43898	4.87855	3.06713	4.87855
29	2.43898	4.87855	0.0936029		2.43898	4.87855	2.43898	6.06982
30	3.06272	4.87855	0.131713		2.43898	4.87855	3.06272	4.87855
31	3.06272	4.87855	0.0855422		3.06272	4.87855	3.06272	4.13208
32	3.06272	4.87855	0.106294		3.06272	4.87855	3.77858	4.87855
33	3.06272	4.87855	0.160367		3.06272	4.87855	3.06272	4.75955
34	1.85147	4.87855	0.10995		3.06272	4.87855	1.85147	4.87855
35	1.85147	4.87855	0.156811		1.85147	4.87855	1.85147	5.4299
36	1.85147	4.87855	0.101485		1.85147	4.87855	1.21551	4.87855
37	1.85147	3.49938	0.140292		1.85147	4.87855	1.85147	3.49938
38	2.0919	3.49938	0.149731		1.85147	3.49938	2.0919	3.49938
39	2.0919	4.55817	0.151883		2.0919	3.49938	2.0919	4.55817
40	2.0919	4.55817	0.15721		2.0919	4.55817	2.1211	4.55817
41	2.0919	3.52969	0.148809		2.0919	4.55817	2.0919	3.52969
42	2.10505	3.52969	0.106395		2.0919	3.52969	2.10505	3.52969
43	2.10505	3.52969	0.157004		2.10505	3.52969	2.10505	4.8303
44	2.10505	3.52969	0.147066		2.10505	3.52969	1.69333	3.52969
45	2.10505	4.81003	0.12022		2.10505	3.52969	2.10505	4.81003
46	2.10505	4.81003	0.178698		2.10505	4.81003	2.02617	4.81003
47	2.10505	5.0192	0.145439		2.10505	4.81003	2.10505	5.0192
48	2.10505	5.0192	0.153009		2.10505	5.0192	-0.118609	5.0192
49	2.10505	5.75623	0.162568		2.10505	5.0192	2.10505	5.75623
50	2.10505	5.75623	0.0570816		2.10505	5.75623	1.72614	5.75623
51	2.10505	4.83593	0.159774		2.10505	5.75623	2.10505	4.83593
52	1.52167	4.83593	0.164363		2.10505	4.83593	1.52167	4.83593
53	1.52167	4.83593	0.157507		1.52167	4.83593	1.52167	4.64564
54	1.64584	4.83593	0.123409		1.52167	4.83593	1.64584	4.83593
55	1.64584	3.51482	0.070972		1.64584	4.83593	1.64584	3.51482
56	1.64584	3.51482	0.153334		1.64584	3.51482	2.34933	3.51482
57	1.64584	3.51482	0.136319		1.64584	3.51482	1.64584	2.15787
58	1.64584	3.51482	0.0893875		1.64584	3.51482	2.26983	3.51482
59	1.64584	3.51482	0.151663		1.64584	3.51482	1.64584	3.22515
60	2.39732	3.51482	0.13607		1.64584	3.51482	2.39732	3.51482
61	2.39732	3.23297	0.14489		2.39732	3.51482	2.39732	3.23297
62	2.39732	3.23297	0.104822		2.39732	3.23297	-0.484786	3.23297
63	2.39732	3.23297	0.162564		2.39732	3.23297	2.39732	2.03823
64	2.9407	3.23297	0.0999809		2.39732	3.23297	2.9407	3.23297
65	2.9407	4.62725	0.140968		2.9407	3.23297	2.9407	4.62725
66	2.9407	4.62725	0.184796		2.9407	4.62725	1.68807	4.62725
67	2.9407	4.62725	0.117441		2.9407	4.62725	2.9407	5.80135
68	3.31188	4.62725	0.133484		2.9407	4.62725	3.31188	4.62725
69	3.31188	4.62725	0.125406		3.31188	4.62725	3.31188	5.22606
70	3.31188	4.62725	0.168222		3.31188	4.62725	3.83977	4.62725
71	3.31188	4.62725	0.151319		3.31188	4.62725	3.31188	3.59202
72	3.44243	4.62725	0.1689		3.31188	4.62725	3.44243	4.62725
73	3.44243	4.62725	0.184317		3.44243	4.62725	3.44243	4.74888
74	3.04631	4.62725	0.131936		3.44243	4.62725	3.04631	4.62725
75	3.04631	4.46835	0.0716663		3.04631	4.62725	3.04631	4.46835
76	3.04631	4.46835	0.161085		3.04631	4.46835	3.53555	4.46835
77	3.04631	4.46835	0.0567272		3.04631	4.46835	3.04631	4.31284
78	3.04631	4.46835	0.161228		3.04631	4.46835	3.09793	4.46835
79	3.04631	5.17095	0.140237		3.04631	4.46835	3.04631	5.17095
80	3.04631	5.17095	0.156884		3.04631	5.17095	3.11985	5.17095
81	3.04631	5.17095	0.143336		3.04631	5.17095	3.04631	5.92788
82	3.04631	5.17095	0.172977		3.04631	5.17095	2.05861	5.17095
83	3.04631	5.17095	0.143115		3.04631	5.17095	3.04631	4.63182
84	3.72818	5.17095	0.104357		3.04631	5.17095	3.72818	5.17095
85	3.72818	6.36619	0.152039		3.72818	5.17095	3.72818	6.36619
86	4.62403	6.36619	0.18572		3.72818	6.36619	4.62403	6.36619
87	4.62403	5.91095	0.115009		4.62403	6.36619	4.62403	5.91095
88	4.02134	5.91095	0.160451		4.62403	5.91095	4.02134	5.91095
89	4.02134	5.48663	0.0859851		4.02134	5.91095	4.02134	5.48663
90	4.02134	5.48663	0.0841918		4.02134	5.48663	4.31017	5.48663
91	4.02134	5.48663	0.109341		4.02134	5.48663	4.02134	4.72409
92	4.53404	5.48663	0.119381		4.02134	5.48663	4.53404	5.48663
93	4.53404	4.67445	0.153173		4.53404	5.48663	4.53404	4.67445
94	4.53404	4.67445	0.150529		4.53404	4.67445	6.87927	4.67445
95	4.53404	5.32681	0.154136		4.53404	4.67445	4.53404	5.32681
96	4.49129	5.32681	0.14613		4.53404	5.32681	4.49129	5.32681
97	4.49129	5.32681	0.091195		4.49129	5.32681	4.49129	4.56606
98	4.49129	5.32681	0.100071		4.49129	5.32681	4.79792	5.32681
99	4.49129	5.32681	0.162536		4.49129	5.32681	4.49129	5.55261
100	5.09444	5.32681	0.132912		4.49129	5.32681	5.09444	5.32681
101	5.09444	5.32681	0.0343563		5.09444	5.32681	5.09444	5.55794
102	4.9596	5.32681	0.134528		5.09444	5.32681	4.9596	5.32681
103	4.9596	5.43602	0.175054		4.9596	5.32681	4.9596	5.43602
104	4.9596	5.43602	0.14101		4.9596	5.43602	5.25961	5.43602
105	4.9596	5.43602	0.082961		4.9596	5.43602	4.9596	5.08743
106	4.9596	5.43602	0.120185		4.9596	5.43602	5.0848	5.43602
107	4.9596	5.43602	0.129243		4.9596	5.43602	4.9596	7.15009
108	4.67714	5.43602	0.0851985		4.9596	5.43602	4.67714	5.43602
109	4.67714	5.18739	0.10043		4.67714	5.43602	4.67714	5.18739
110	4.67714	5.18739	0.0920173		4.67714	5.18739	4.89142	5.18739
111	4.67714	6.90477	0.144133		4.67714	5.18739	4.67714	6.90477
112	4.67714	6.90477	0.14646		4.67714	6.90477	5.23303	6.90477
113	4.67714	6.90477	0.158228		4.67714	6.90477	4.67714	7.13377
114	2.63791	6.90477	0.129389		4.67714	6.90477	2.63791	6.90477
115	2.63791	6.90477	0.146059		2.63791	6.90477	2.63791	6.96209
116	2.41604	6.90477	0.134704		2.63791	6.90477	2.41604	6.90477
117	2.41604	8.35591	0.116621		2.41604	6.90477	2.41604	8.35591
118	2.41604	8.35591	0.0952797		2.41604	8.35591	4.84426	8.35591
119	2.41604	8.35591	0.155847		2.41604	8.35591	2.41604	9.29766
120	2.04708	8.35591	0.171241		2.41604	8.35591	2.04708	8.35591
121	2.04708	8.68629	0.177096		2.04708	8.35591	2.04708	8.68629
122	1.30221	8.68629	0.186678		2.04708	8.68629	1.30221	8.68629
123	1.30221	9.48009	0.149156		1.30221	8.68629	1.30221	9.48009
124	1.30221	9.48009	0.191928		1.30221	9.48009	2.33868	9.48009
125	1.30221	10.1083	0.152331		1.30221	9.48009	1.30221	10.1083
126	1.30221	10.1083	0.165984		1.30221	10.1083	1.28622	10.1083
127	1.30221	10.9261	0.171189		1.30221	10.1083	1.30221	10.9261
128	1.30221	10.9261	0.197679		1.30221	10.9261	1.87926	10.9261
129	1.30221	9.68875	0.165834		1.30221	10.9261	1.30221	9.68875
130	1.30221	9.68875	0.194707		1.30221	9.68875	1.75494	9.68875
131	1.30221	9.68875	0.198596		1.30221	9.68875	1.30221	9.81213
132	1.30221	9.68875	0.155744		1.30221	9.68875	-0.156995	9.68875
133	1.30221	9.68875	0.141495		1.30221	9.68875	1.30221	12.3057
134	1.4397	9.68875	0.184806		1.30221	9.68875	1.4397	9.68875
135	1.4397	9.53134	0.172388		1.4397	9.68875	1.4397	9.53134
136	3.6243	9.53134	0.137726		1.4397	9.53134	3.6243	9.53134
137	3.6243	9.49419	0.20103		3.6243	9.53134	3.6243	9.49419
138	3.6243	9.49419	0.15133		3.6243	9.49419	4.14836	9.49419
139	3.6243	9.69698	0.147875		3.6243	9.49419	3.6243	9.69698
140	2.71778	9.69698	0.148367		3.6243	9.69698	2.71778	9.69698
141	2.71778	9.69698	0.13193		2.71778	9.69698	2.71778	9.19492
142	4.15568	9.69698	0.175868		2.71778	9.69698	4.15568	9.69698
143	4.15568	9.69698	0.10758		4.15568	9.69698	4.15568	10.5277
144	4.72826	9.69698	0.147192		4.15568	9.69698	4.72826	9.69698
145	4.72826	9.69698	0.143827		4.72826	9.69698	4.72826	9.30948
146	4.55197	9.69698	0.0532495		4.72826	9.69698	4.55197	9.69698
147	4.55197	9.69698	0.143068		4.55197	9.69698	4.55197	9.28079
148	4.55197	9.69698	0.144845		4.55197	9.69698	4.10993	9.69698
149	4.55197	9.69698	0.128816		4.55197	9.69698	4.55197	9.8436
150	3.75072	9.69698	0.121908		4.55197	9.69698	3.75072	9.69698
151	3.75072	8.68449	0.136518		3.75072	9.69698	3.75072	8.68449
152	3.73541	8.68449	0.121415		3.75072	8.68449	3.73541	8.68449
153	3.73541	8.68449	0.135512		3.73541	8.68449	3.73541	9.24057
154	3.73541	8.68449	0.181475		3.73541	8.68449	4.15514	8.68449
155	3.73541	8.2749	0.113912		3.73541	8.68449	3.73541	8.2749
156	3.73541	8.2749	0.155085		3.73541	8.2749	4.26842	8.2749
157	3.73541	8.2749	0.135807		3.73541	8.2749	3.73541	7.3696
158	3.73541	8.2749	0.0774899		3.73541	8.2749	3.14424	8.2749
159	3.73541	8.2749	0.0308474		3.73541	8.2749	3.73541	6.2665
160	3.73541	8.2749	0.157177		3.73541	8.2749	2.46954	8.2749
161	3.73541	7.59922	0.169718		3.73541	8.2749	3.73541	7.59922
162	2.96647	7.59922	0.164962		3.73541	7.59922	2.96647	7.59922
163	2.96647	7.59922	0.0682635		2.96647	7.59922	2.96647	8.57512
164	2.96647	7.59922	0.0870147		2.96647	7.59922	3.27643	7.59922
165	2.96647	7.59922	0.184333		2.96647	7.59922	2.96647	6.40757
166	1.43135	7.59922	0.132691		2.96647	7.59922	1.43135	7.59922
167	1.43135	7.59922	0.104829		1.43135	7.59922	1.43135	5.66802
168	1.43135	7.59922	0.149727		1.43135	7.59922	1.89137	7.59922
169	1.43135	7.59922	0.182468		1.43135	7.59922	1.43135	8.19507
170	0.476093	7.59922	0.220701		1.43135	7.59922	0.476093	7.59922
171	0.476093	7.59922	0.152171		0.476093	7.59922	0.476093	7.45484
172	2.24456	7.59922	0.103358		0.476093	7.59922	2.24456	7.59922
173	2.24456	6.66404	0.141453		2.24456	7.59922	2.24456	6.66404
174	2.24456	6.66404	0.137797		2.24456	6.66404	1.88335	6.66404
175	2.24456	7.1442	0.1467		2.24456	6.66404	2.24456	7.1442
176	3.44144	7.1442	0.197767		2.24456	7.1442	3.44144	7.1442
177	3.44144	7.1442	0.185049		3.44144	7.1442	3.44144	6.6089
178	1.94643	7.1442	0.151906		3.44144	7.1442	1.94643	7.1442
179	1.94643	7.9935	0.192379		1.94643	7.1442	1.94643	7.9935
180	2.76715	7.9935	0.16435		1.94643	7.9935	2.76715	7.9935
181	2.76715	7.11091	0.170088		2.76715	7.9935	2.76715	7.11091
182	3.36991	7.11091	0.117783		2.76715	7.11091	3.36991	7.11091
183	3.36991	6.25519	0.118714		3.36991	7.11091	3.36991	6.25519
184	3.36991	6.25519	0.105936		3.36991	6.25519	4.15106	6.25519
185	3.36991	6.25519	0.139092		3.36991	6.25519	3.36991	7.56254
186	3.26831	6.25519	0.129179		3.36991	6.25519	3.26831	6.25519
187	3.26831	6.25519	0.133532		3.26831	6.25519	3.26831	5.27874
188	3.26831	6.25519	0.155725		3.26831	6.25519	2.67855	6.25519
189	3.26831	6.25519	0.100121		3.26831	6.25519	3.26831	6.90288
190	3.26831	6.25519	0.113252		3.26831	6.25519	3.30568	6.25519
191	3.26831	6.25519	0.108862		3.26831	6.25519	3.26831	7.5221
192	3.69293	6.25519	0.0714854		3.26831	6.25519	3.69293	6.25519
193	3.69293	6.25519	0.0953205		3.69293	6.25519	3.69293	7.21153
194	3.59605	6.25519	0.0774244		3.69293	6.25519	3.59605	6.25519
195	3.59605	5.79665	0.0941859		3.59605	6.25519	3.59605	5.79665
196	3.59605	5.79665	0.1552		3.59605	5.79665	2.19526	5.79665
197	3.59605	5.79665	0.133514		3.59605	5.79665	3.59605	6.40069
198	3.64511	5.79665	0.188141		3.59605	5.79665	3.64511	5.79665
199	3.64511	5.79665	0.121781		3.64511	5.79665	3.64511	3.95237
200	3.73307	5.79665	0.112778		3.64511	5.79665	3.73307	5.79665
201	3.73307	5.79665	0.112236		3.73307	5.79665	3.73307	5.78128
202	3.73307	5.79665	0.20562		3.73307	5.79665	2.50047	5.79665
203	3.73307	3.85936	0.201412		3.73307	5.79665	3.73307	3.85936
204	4.09234	3.85936	0.0560674		3.73307	3.85936	4.09234	3.85936
205	4.09234	3.77127	0.151226		4.09234	3.85936	4.09234	3.77127
206	4.09234	3.77127	0.245505		4.09234	3.77127	4.44467	3.77127
207	4.09234	3.77127	0.112277		4.09234	3.77127	4.09234	3.04246
208	4.09234	3.77127	0.159121		4.09234	3.77127	4.80444	3.77127
209	4.09234	4.36898	0.188616		4.09234	3.77127	4.09234	4.36898
210	4.42791	4.36898	0.179498		4.09234	4.36898	4.42791	4.36898
211	4.42791	4.36898	0.165019		4.42791	4.36898	4.42791	3.23262
212	4.42791	4.36898	0.150943		4.42791	4.36898	3.42115	4.36898
213	4.42791	4.36898	0.139148		4.42791	4.36898	4.42791	2.48562
214	3.05443	4.36898	0.125505		4.42791	4.36898	3.05443	4.36898
215	3.05443	5.45438	0.202767		3.05443	4.36898	3.05443	5.45438
216	3.05443	5.45438	0.11808		3.05443	5.45438	4.10759	5.45438
217	3.05443	4.93662	0.0699552		3.05443	5.45438	3.05443	4.93662
218	3.05443	4.93662	0.118862		3.05443	4.93662	3.53967	4.93662
219	3.05443	4.3376	0.194702		3.05443	4.93662	3.05443	4.3376
220	3.05443	4.3376	0.0922617		3.05443	4.3376	2.11099	4.3376
221	3.05443	4.62693	0.153479		3.05443	4.3376	3.05443	4.62693
222	3.05443	4.62693	0.164007		3.05443	4.62693	3.92132	4.62693
223	3.05443	4.62693	0.124955		3.05443	4.62693	3.05443	3.51342
224	4.0066	4.62693	0.137547		3.05443	4.62693	4.0066	4.62693
225	4.0066	4.75148	0.138532		4.0066	4.62693	4.0066	4.75148
226	3.66167	4.75148	0.127394		4.0066	4.75148	3.66167	4.75148
227	3.66167	4.75148	0.0932127		3.66167	4.75148	3.66167	5.92585
228	3.66167	4.75148	0.0981122		3.66167	4.75148	4.81592	4.75148
229	3.66167	4.75148	0.129191		3.66167	4.75148	3.66167	4.8549
230	3.66167	4.75148	0.156784		3.66167	4.75148	3.41012	4.75148
231	3.66167	4.75148	0.126042		3.66167	4.75148	3.66167	4.24447
232	3.45279	4.75148	0.155802		3.66167	4.75148	3.45279	4.75148
233	3.45279	4.4391	0.180848		3.45279	4.75148	3.45279	4.4391
234	5.34384	4.4391	0.230763		3.45279	4.4391	5.34384	4.4391
235	5.34384	4.4391	0.182693		5.34384	4.4391	5.34384	4.46374
236	4.81188	4.4391	0.0997369		5.34384	4.4391	4.81188	4.4391
237	4.81188	6.46378	0.187566		4.81188	4.4391	4.81188	6.46378
238	4.39628	6.46378	0.157768		4.81188	6.46378	4.39628	6.46378
239	4.39628	6.46378	0.0715744		4.39628	6.46378	4.39628	7.22089
240	4.39628	6.46378	0.171569		4.39628	6.46378	4.89049	6.46378
241	4.39628	6.62302	0.131785		4.39628	6.46378	4.39628	6.62302
242	5.12791	6.62302	0.0599264		4.39628	6.62302	5.12791	6.62302
243	5.12791	5.37419	0.201778		5.12791	6.62302	5.12791	5.37419
244	5.06323	5.37419	0.131113		5.12791	5.37419	5.06323	5.37419
245	5.06323	5.34689	0.0705426		5.06323	5.37419	5.06323	5.34689
246	5.06323	5.34689	0.133858		5.06323	5.34689	6.37388	5.34689
247	5.06323	5.34689	0.132244		5.06323	5.34689	5.06323	4.86031
248	5.68381	5.34689	0.141246		5.06323	5.34689	5.68381	5.34689
249	5.68381	5.05923	0.0877508		5.68381	5.34689	5.68381	5.05923
250	5.68381	5.05923	0.177665		5.68381	5.05923	7.34563	5.05923
251	5.68381	5.05923	0.158598		5.68381	5.05923	5.68381	5.35246
252	5.68381	5.05923	0.147344		5.68381	5.05923	5.21201	5.05923
253	5.68381	5.05923	0.163603		5.68381	5.05923	5.68381	5.22272
254	5.68381	5.05923	0.182958		5.68381	5.05923	6.071	5.05923
255	5.68381	3.92062	0.291196		5.68381	5.05923	5.68381	3.92062
256	5.27422	3.92062	0.143986		5.68381	3.92062	5.27422	3.92062
257	5.27422	3.92062	0.194797		5.27422	3.92062	5.27422	3.23948
258	5.07183	3.92062	0.21547		5.27422	3.92062	5.07183	3.92062
259	5.07183	4.5323	0.145213		5.07183	3.92062	5.07183	4.5323
260	5.07183	4.5323	0.174665		5.07183	4.5323	7.10522	4.5323
261	5.07183	4.5323	0.148254		5.07183	4.5323	5.07183	3.93949
262	5.07183	4.5323	0.142096		5.07183	4.5323	5.64993	4.5323
263	5.07183	4.5323	0.191846		5.07183	4.5323	5.07183	4.78913
264	5.83788	4.5323	0.13316		5.07183	4.5323	5.83788	4.5323
265	5.83788	4.5323	0.295653		5.83788	4.5323	5.83788	2.67052
266	5.83788	4.5323	0.116552		5.83788	4.5323	5.29517	4.5323
267	5.83788	6.39565	0.145199		5.83788	4.5323	5.83788	6.39565
268	3.94735	6.39565	0.137406		5.83788	6.39565	3.94735	6.39565
269	3.94735	6.39565	0.0939909		3.94735	6.39565	3.94735	5.94984
270	3.94735	6.39565	0.0845927		3.94735	6.39565	4.14748	6.39565
271	3.94735	6.39565	0.137838		3.94735	6.39565	3.94735	4.89107
272	3.81778	6.39565	0.16088		3.94735	6.39565	3.81778	6.39565
273	3.81778	6.39565	0.166197		3.81778	6.39565	3.81778	5.79525
274	3.81778	6.39565	0.133927		3.81778	6.39565	4.2339	6.39565
275	3.81778	6.39565	0.096447		3.81778	6.39565	3.81778	7.96387
276	3.81778	6.39565	0.16285		3.81778	6.39565	4.65339	6.39565
277	3.81778	6.39565	0.0843115		3.81778	6.39565	3.81778	5.0355
278	3.81778	6.39565	0.157196		3.81778	6.39565	4.96976	6.39565
279	3.81778	5.58917	0.151738		3.81778	6.39565	3.81778	5.58917
280	3.81778	5.58917	0.121892		3.81778	5.58917	4.64215	5.58917
281	3.81778	5.58917	0.134571		3.81778	5.58917	3.81778	4.76417
282	3.62833	5.58917	0.108891		3.81778	5.58917	3.62833	5.58917
283	3.62833	4.75453	0.15423		3.62833	5.58917	3.62833	4.75453
284	3.77843	4.75453	0.148452		3.62833	4.75453	3.77843	4.75453
285	3.77843	5.03657	0.172272		3.77843	4.75453	3.77843	5.03657
286	3.77843	5.03657	0.0756634		3.77843	5.03657	3.78167	5.03657
287	3.77843	5.03657	0.124842		3.77843	5.03657	3.77843	6.13921
288	3.77843	5.03657	0.13753		3.77843	5.03657	3.29664	5.03657
289	3.77843	5.12225	0.191182		3.77843	5.03657	3.77843	5.12225
290	2.7416	5.12225	0.14416		3.77843	5.12225	2.7416	5.12225
291	2.7416	4.56786	0.132933		2.7416	5.12225	2.7416	4.56786
292	2.7416	4.56786	0.140603		2.7416	4.56786	2.5446	4.56786
293	2.7416	4.56786	0.121665		2.7416	4.56786	2.7416	4.84149
294	2.7416	4.56786	0.11072		2.7416	4.56786	0.977186	4.56786
295	2.7416	4.56786	0.0909542		2.7416	4.56786	2.7416	4.92204
296	2.7416	4.56786	0.132047		2.7416	4.56786	3.14593	4.56786
297	2.7416	3.69008	0.14981		2.7416	4.56786	2.7416	3.69008
298	2.7416	3.69008	0.182123		2.7416	3.69008	2.15454	3.69008
299	2.7416	2.91805	0.109094		2.7416	3.69008	2.7416	2.91805
300	2.7416	2.91805	0.0947047		2.7416	2.91805	3.90599	2.91805
301	2.7416	2.91805	0.204642		2.7416	2.91805	2.7416	2.51896
302	2.20485	2.91805	0.136898		2.7416	2.91805	2.20485	2.91805
303	2.20485	5.3551	0.124994		2.20485	2.91805	2.20485	5.3551
304	2.75853	5.3551	0.145448		2.20485	5.3551	2.75853	5.3551
305	2.75853	6.39885	0.146265		2.75853	5.3551	2.75853	6.39885
306	2.75853	6.39885	0.160204		2.75853	6.39885	2.97613	6.39885
307	2.75853	6.96063	0.135576		2.75853	6.39885	2.75853	6.96063
308	3.16058	6.96063	0.136898		2.75853	6.96063	3.16058	6.96063
309	3.16058	5.97781	0.152688		3.16058	6.96063	3.16058	5.97781
310	3.55621	5.97781	0.0893749		3.16058	5.97781	3.55621	5.97781
311	3.55621	5.4575	0.186765		3.55621	5.97781	3.55621	5.4575
312	3.55621	5.4575	0.114156		3.55621	5.4575	3.88717	5.4575
313	3.55621	6.40064	0.143111		3.55621	5.4575	3.55621	6.40064
314	3.55621	6.40064	0.132489		3.55621	6.40064	3.55287	6.40064
315	3.55621	6.88118	0.111321		3.55621	6.40064	3.55621	6.88118
316	3.55621	6.88118	0.179183		3.55621	6.88118	2.22291	6.88118
317	3.55621	7.78189	0.168166		3.55621	6.88118	3.55621	7.78189
318	3.55621	7.78189	0.100215		3.55621	7.78189	4.7397	7.78189
319	3.55621	7.78189	0.149531		3.55621	7.78189	3.55621	8.25581
320	3.55621	7.78189	0.160199		3.55621	7.78189	3.18672	7.78189
321	3.55621	7.78189	0.142245		3.55621	7.78189	3.55621	7.14771
322	3.89594	7.78189	0.0929938		3.55621	7.78189	3.89594	7.78189
323	3.89594	7.78189	0.0783521		3.89594	7.78189	3.89594	7.99262
324	3.89594	7.78189	0.191648		3.89594	7.78189	3.5951	7.78189
325	3.89594	8.72777	0.0843407		3.89594	7.78189	3.89594	8.72777
326	4.07265	8.72777	0.163923		3.89594	8.72777	4.07265	8.72777
327	4.07265	8.72777	0.147413		4.07265	8.72777	4.07265	7.71195
328	4.07265	8.72777	0.0732995		4.07265	8.72777	2.44046	8.72777
329	4.07265	9.08328	0.12777		4.07265	8.72777	4.07265	9.08328
330	4.07265	9.08328	0.129006		4.07265	9.08328	5.36986	9.08328
331	4.07265	9.08328	0.123266		4.07265	9.08328	4.07265	8.82951
332	3.28826	9.08328	0.176885		4.07265	9.08328	3.28826	9.08328
333	3.28826	9.43255	0.107081		3.28826	9.08328	3.28826	9.43255
334	3.28826	9.43255	0.160266		3.28826	9.43255	1.77095	9.43255
335	3.28826	10.5209	0.158144		3.28826	9.43255	3.28826	10.5209
336	3.28826	10.5209	0.163677		3.28826	10.5209	2.5291	10.5209
337	3.28826	10.5209	0.10635		3.28826	10.5209	3.28826	10.0749
338	3.28826	10.5209	0.154494		3.28826	10.5209	4.12252	10.5209
339	3.28826	10.5209	0.185762		3.28826	10.5209	3.28826	9.65306
340	3.28826	10.5209	0.136441		3.28826	10.5209	3.80606	10.5209
341	3.28826	10.5209	0.13866		3.28826	10.5209	3.28826	9.96651
342	3.71084	10.5209	0.129848		3.28826	10.5209	3.71084	10.5209
343	3.71084	9.23142	0.161906		3.71084	10.5209	3.71084	9.23142
344	3.70228	9.23142	0.171666		3.71084	9.23142	3.70228	9.23142
345	3.70228	9.23142	0.149098		3.70228	9.23142	3.70228	10.635
346	3.70228	9.23142	0.103256		3.70228	9.23142	3.81147	9.23142
347	3.70228	9.23142	0.152966		3.70228	9.23142	3.70228	6.45348
348	2.05495	9.23142	0.162259		3.70228	9.23142	2.05495	9.23142
349	2.05495	8.01083	0.153651		2.05495	9.23142	2.05495	8.01083
350	2.05495	8.01083	0.143245		2.05495	8.01083	1.68881	8.01083
351	2.05495	8.01083	0.153223		2.05495	8.01083	2.05495	7.47964
352	3.60458	8.01083	0.101965		2.05495	8.01083	3.60458	8.01083
353	3.60458	8.01083	0.138951		3.60458	8.01083	3.60458	7.11849
354	3.60458	8.01083	0.127149		3.60458	8.01083	1.8299	8.01083
355	3.60458	8.01083	0.123585		3.60458	8.01083	3.60458	5.89907
356	3.60458	8.01083	0.189169		3.60458	8.01083	1.92991	8.01083
357	3.60458	8.01083	0.137326		3.60458	8.01083	3.60458	8.49541
358	3.60458	8.01083	0.162268		3.60458	8.01083	4.28275	8.01083
359	3.60458	7.20021	0.142252		3.60458	8.01083	3.60458	7.20021
360	3.60458	7.20021	0.119534		3.60458	7.20021	3.88419	7.20021
361	3.60458	7.55976	0.207782		3.60458	7.20021	3.60458	7.55976
362	3.60458	7.55976	0.154775		3.60458	7.55976	3.78672	7.55976
363	3.60458	6.7131	0.14566		3.60458	7.55976	3.60458	6.7131
364	3.60458	6.7131	0.138571		3.60458	6.7131	4.53728	6.7131
365	3.60458	6.45974	0.168755		3.60458	6.7131	3.60458	6.45974
366	3.60458	6.45974	0.11862		3.60458	6.45974	2.99593	6.45974
367	3.60458	6.45974	0.126281		3.60458	6.45974	3.60458	5.27335
368	2.06487	6.45974	0.17124		3.60458	6.45974	2.06487	6.45974
369	2.06487	5.8715	0.181678		2.06487	6.45974	2.06487	5.8715
370	3.01675	5.8715	0.127506		2.06487	5.8715	3.01675	5.8715
371	3.01675	5.8715	0.119682		3.01675	5.8715	3.01675	5.64254
372	3.01675	5.8715	0.14503		3.01675	5.8715	2.0922	5.8715
373	3.01675	5.8715	0.107898		3.01675	5.8715	3.01675	5.85157
374	3.01675	5.8715	0.166956		3.01675	5.8715	3.82257	5.8715
375	3.01675	5.8715	0.173349		3.01675	5.8715	3.01675	5.65857
376	3.01675	5.8715	0.177477		3.01675	5.8715	1.95869	5.8715
377	3.01675	5.8715	0.0552699		3.01675	5.8715	3.01675	5.49673
378	3.01675	5.8715	0.144146		3.01675	5.8715	2.58898	5.8715
379	3.01675	5.8715	0.109404		3.01675	5.8715	3.01675	8.26001
380	3.12618	5.8715	0.182845		3.01675	5.8715	3.12618	5.8715
381	3.12618	5.8715	0.117625		3.12618	5.8715	3.12618	6.55853
382	4.68571	5.8715	0.119771		3.12618	5.8715	4.68571	5.8715
383	4.68571	5.8715	0.137147		4.68571	5.8715	4.68571	5.80926
384	3.46428	5.8715	0.0855458		4.68571	5.8715	3.46428	5.8715
385	3.46428	5.8715	0.172666		3.46428	5.8715	3.46428	5.3423
386	4.5088	5.8715	0.0781765		3.46428	5.8715	4.5088	5.8715
387	4.5088	7.74163	0.155614		4.5088	5.8715	4.5088	7.74163
388	4.15392	7.74163	0.131139		4.5088	7.74163	4.15392	7.74163
389	4.15392	7.78184	0.0905058		4.15392	7.74163	4.15392	7.78184
390	4.15392	7.78184	0.12809		4.15392	7.78184	2.54997	7.78184
391	4.15392	6.69678	0.121486		4.15392	7.78184	4.15392	6.69678
392	4.15392	6.69678	0.114885		4.15392	6.69678	4.76144	6.69678
393	4.15392	6.69678	0.139096		4.15392	6.69678	4.15392	7.72085
394	3.78147	6.69678	0.18199		4.15392	6.69678	3.78147	6.69678
395	3.78147	6.69678	0.0259472		3.78147	6.69678	3.78147	6.94349
396	3.78147	6.69678	0.108503		3.78147	6.69678	2.83002	6.69678
397	3.78147	5.63805	0.0966703		3.78147	6.69678	3.78147	5.63805
398	3.78147	5.63805	0.137361		3.78147	5.63805	3.70429	5.63805
399	3.78147	5.63805	0.160596		3.78147	5.63805	3.78147	4.62426
400	3.78147	5.63805	0.170336		3.78147	5.63805	3.91602	5.63805
401	3.78147	7.93161	0.144431		3.78147	5.63805	3.78147	7.93161
402	5.0023	7.93161	0.161838		3.78147	7.93161	5.0023	7.93161
403	5.0023	7.45562	0.202172		5.0023	7.93161	5.0023	7.45562
404	5.0023	7.45562	0.12431		5.0023	7.45562	5.07878	7.45562
405	5.0023	7.45562	0.145231		5.0023	7.45562	5.0023	5.71597
406	3.86533	7.45562	0.182431		5.0023	7.45562	3.86533	7.45562
407	3.86533	8.63673	0.154865		3.86533	7.45562	3.86533	8.63673
408	3.77038	8.63673	0.124457		3.86533	8.63673	3.77038	8.63673
409	3.77038	8.57912	0.137107		3.77038	8.63673	3.77038	8.57912
410	3.77038	8.57912	0.104934		3.77038	8.57912	2.90271	8.57912
411	3.77038	6.80067	0.162708		3.77038	8.57912	3.77038	6.80067
412	4.48559	6.80067	0.0285301		3.77038	6.80067	4.48559	6.80067
413	4.48559	6.80067	0.160744		4.48559	6.80067	4.48559	6.2352
414	4.48559	6.80067	0.137547		4.48559	6.80067	4.68161	6.80067
415	4.48559	7.50213	0.126863		4.48559	6.80067	4.48559	7.50213
416	4.48559	7.50213	0.0816647		4.48559	7.50213	5.568	7.50213
417	4.48559	8.17096	0.0800727		4.48559	7.50213	4.48559	8.17096
418	4.48559	8.17096	0.143858		4.48559	8.17096	6.43502	8.17096
419	4.48559	8.30538	0.132794		4.48559	8.17096	4.48559	8.30538
420	4.48559	8.30538	0.17032		4.48559	8.30538	5.66743	8.30538
421	4.48559	8.30538	0.206584		4.48559	8.30538	4.48559	11.56
422	5.64632	8.30538	0.140421		4.48559	8.30538	5.64632	8.30538
423	5.64632	8.89141	0.166893		5.64632	8.30538	5.64632	8.89141
424	5.86522	8.89141	0.196245		5.64632	8.89141	5.86522	8.89141
425	5.86522	7.40634	0.0879421		5.86522	8.89141	5.86522	7.40634
426	5.35114	7.40634	0.126507		5.86522	7.40634	5.35114	7.40634
427	5.35114	7.40634	0.0888273		5.35114	7.40634	5.35114	8.31698
428	5.35114	7.40634	0.185978		5.35114	7.40634	6.05352	7.40634
429	5.35114	7.40634	0.124396		5.35114	7.40634	5.35114	6.83986
430	5.35114	7.40634	0.142585		5.35114	7.40634	6.28008	7.40634
431	5.35114	7.99696	0.16653		5.35114	7.40634	5.35114	7.99696
432	5.35114	7.99696	0.163416		5.35114	7.99696	4.88334	7.99696
433	5.35114	7.62941	0.114998		5.35114	7.99696	5.35114	7.62941
434	5.35114	7.62941	0.0992802		5.35114	7.62941	3.48618	7.62941
435	5.35114	6.78224	0.147123		5.35114	7.62941	5.35114	6.78224
436	5.35114	6.78224	0.149765		5.35114	6.78224	5.46506	6.78224
437	5.35114	7.41306	0.107019		5.35114	6.78224	5.35114	7.41306
438	5.35114	7.41306	0.186314		5.35114	7.41306	4.35645	7.41306
439	5.35114	6.27701	0.199879		5.35114	7.41306	5.35114	6.27701
440	5.35114	6.27701	0.16385		5.35114	6.27701	4.96198	6.27701
441	5.35114	6.68299	0.139599		5.35114	6.27701	5.35114	6.68299
442	3.39394	6.68299	0.0990908		5.35114	6.68299	3.39394	6.68299
443	3.39394	6.71961	0.102065		3.39394	6.68299	3.39394	6.71961
444	4.38403	6.71961	0.163584		3.39394	6.71961	4.38403	6.71961
445	4.38403	5.83525	0.221475		4.38403	6.71961	4.38403	5.83525
446	5.52659	5.83525	0.0773102		4.38403	5.83525	5.52659	5.83525
447	5.52659	5.83525	0.130495		5.52659	5.83525	5.52659	5.67404
448	4.32161	5.83525	0.104145		5.52659	5.83525	4.32161	5.83525
449	4.32161	7.34997	0.123333		4.32161	5.83525	4.32161	7.34997
450	4.32161	7.34997	0.163905		4.32161	7.34997	3.50341	7.34997
451	4.32161	7.34997	0.156432		4.32161	7.34997	4.32161	5.17179
452	4.32161	7.34997	0.198957		4.32161	7.34997	6.06852	7.34997
453	4.32161	7.7727	0.114931		4.32161	7.34997	4.32161	7.7727
454	4.73353	7.7727	0.134003		4.32161	7.7727	4.73353	7.7727
455	4.73353	8.18416	0.147429		4.73353	7.7727	4.73353	8.18416
456	4.73353	8.18416	0.109587		4.73353	8.18416	3.96411	8.18416
457	4.73353	8.64921	0.180795		4.73353	8.18416	4.73353	8.64921
458	4.18079	8.64921	0.156903		4.73353	8.64921	4.18079	8.64921
459	4.18079	8.68342	0.14288		4.18079	8.64921	4.18079	8.68342
460	2.61113	8.68342	0.151801		4.18079	8.68342	2.61113	8.68342
461	2.61113	8.68342	0.124651		2.61113	8.68342	2.61113	8.33717
462	2.61113	8.68342	0.152753		2.61113	8.68342	3.61488	8.68342
463	2.61113	9.31606	0.161629		2.61113	8.68342	2.61113	9.31606
464	2.61113	9.31606	0.182697		2.61113	9.31606	1.08124	9.31606
465	2.61113	9.31606	0.150804		2.61113	9.31606	2.61113	8.62041
466	2.61113	9.31606	0.0810418		2.61113	9.31606	4.05894	9.31606
467	2.61113	9.31606	0.127812		2.61113	9.31606	2.61113	8.36613
468	2.40764	9.31606	0.181451		2.61113	9.31606	2.40764	9.31606
469	2.40764	9.31606	0.212703		2.40764	9.31606	2.40764	9.0293
470	2.40764	9.31606	0.188436		2.40764	9.31606	0.937326	9.31606
471	2.40764	9.31606	0.115822		2.40764	9.31606	2.40764	9.78475
472	2.40764	9.31606	0.163561		2.40764	9.31606	-0.514931	9.31606
473	2.40764	7.82791	0.129081		2.40764	9.31606	2.40764	7.82791
474	2.40764	7.82791	0.128057		2.40764	7.82791	2.58496	7.82791
475	2.40764	6.57165	0.19401		2.40764	7.82791	2.40764	6.57165
476	2.40764	6.57165	0.0914439		2.40764	6.57165	2.50678	6.57165
477	2.40764	6.57165	0.161174		2.40764	6.57165	2.40764	8.07487
478	2.45494	6.57165	0.198675		2.40764	6.57165	2.45494	6.57165
479	2.45494	7.72851	0.133299		2.45494	6.57165	2.45494	7.72851
480	2.45494	7.72851	0.098639		2.45494	7.72851	1.81121	7.72851
481	2.45494	8.39464	0.139379		2.45494	7.72851	2.45494	8.39464
482	2.98217	8.39464	0.149121		2.45494	8.39464	2.98217	8.39464
483	2.98217	8.03779	0.154292		2.98217	8.39464	2.98217	8.03779
484	2.98217	8.03779	0.119923		2.98217	8.03779	4.61622	8.03779
485	2.98217	8.03779	0.157654		2.98217	8.03779	2.98217	7.91894
486	4.06973	8.03779	0.107969		2.98217	8.03779	4.06973	8.03779
487	4.06973	8.03779	0.0312865		4.06973	8.03779	4.06973	7.14553
488	5.41354	8.03779	0.15266		4.06973	8.03779	5.41354	8.03779
489	5.41354	8.03779	0.156628		5.41354	8.03779	5.41354	8.38696
490	2.53627	8.03779	0.183896		5.41354	8.03779	2.53627	8.03779
491	2.53627	8.03779	0.207203		2.53627	8.03779	2.53627	8.76735
492	2.53627	8.03779	0.0959679		2.53627	8.03779	2.7072	8.03779
493	2.53627	8.42104	0.180628		2.53627	8.03779	2.53627	8.42104
494	2.53627	8.42104	0.0759745		2.53627	8.42104	2.79864	8.42104
495	2.53627	9.44296	0.130368		2.53627	8.42104	2.53627	9.44296
496	2.53627	9.44296	0.149785		2.53627	9.44296	1.42541	9.44296
497	2.53627	9.44296	0.155119		2.53627	9.44296	2.53627	10.3445
498	2.53627	9.44296	0.219736		2.53627	9.44296	3.0637	9.44296
499	2.53627	9.44296	0.139044		2.53627	9.44296	2.53627	9.17191
500	3.34935	9.44296	0.14205		2.53627	9.44296	3.34935	9.44296
501	3.34935	8.99471	0.175463		3.34935	9.44296	3.34935	8.99471
502	3.34935	8.99471	0.0917847		3.34935	8.99471	4.37137	8.99471
503	3.34935	9.30875	0.111293		3.34935	8.99471	3.34935	9.30875
504	3.34935	9.30875	0.126893		3.34935	9.30875	1.16893	9.30875
505	3.34935	9.94896	0.105685		3.34935	9.30875	3.34935	9.94896
506	3.27226	9.94896	0.274361		3.34935	9.94896	3.27226	9.94896
507	3.27226	9.94896	0.16938		3.27226	9.94896	3.27226	11.3129
508	3.27226	9.94896	0.138702		3.27226	9.94896	3.89767	9.94896
509	3.27226	9.79683	0.119421		3.27226	9.94896	3.27226	9.79683
510	3.27226	9.79683	0.159736		3.27226	9.79683	2.20956	9.79683
511	3.27226	9.15746	0.189706		3.27226	9.79683	3.27226	9.15746
512	2.33272	9.15746	0.152744		3.27226	9.15746	2.33272	9.15746
513	2.33272	8.26973	0.160051		2.33272	9.15746	2.33272	8.26973
514	2.33272	8.26973	0.161198		2.33272	8.26973	0.624318	8.26973
515	2.33272	9.74505	0.166423		2.33272	8.26973	2.33272	9.74505
516	2.64958	9.74505	0.158648		2.33272	9.74505	2.64958	9.74505
517	2.64958	9.80498	0.164949		2.64958	9.74505	2.64958	9.80498
518	1.11682	9.80498	0.180839		2.64958	9.80498	1.11682	9.80498
519	1.11682	9.80498	0.161087		1.11682	9.80498	1.11682	8.76319
520	1.11682	9.80498	0.154725		1.11682	9.80498	0.690931	9.80498
521	1.11682	9.80498	0.163151		1.11682	9.80498	1.11682	9.79167
522	0.0704669	9.80498	0.119173		1.11682	9.80498	0.0704669	9.80498
523	0.0704669	9.80498	0.108763		0.0704669	9.80498	0.0704669	10.1167
524	0.683627	9.80498	0.237887		0.0704669	9.80498	0.683627	9.80498
525	0.683627	10.7573	0.149984		0.683627	9.80498	0.683627	10.7573
526	0.683627	10.7573	0.160997		0.683627	10.7573	3.41215	10.7573
527	0.683627	10.4292	0.229047		0.683627	10.7573	0.683627	10.4292
528	0.807745	10.4292	0.183744		0.683627	10.4292	0.807745	10.4292
529	0.807745	10.6385	0.16246		0.807745	10.4292	0.807745	10.6385
530	2.02354	10.6385	0.138181		0.807745	10.6385	2.02354	10.6385
531	2.02354	11.4419	0.210333		2.02354	10.6385	2.02354	11.4419
532	2.02354	11.4419	0.149021		2.02354	11.4419	1.73362	11.4419
533	2.02354	12.4188	0.119807		2.02354	11.4419	2.02354	12.4188
534	2.02354	12.4188	0.144387		2.02354	12.4188	2.65556	12.4188
535	2.02354	12.4188	0.157811		2.02354	12.4188	2.02354	10.6093
536	2.02354	12.4188	0.185455		2.02354	12.4188	2.47415	12.4188
537	2.02354	12.4188	0.114162		2.02354	12.4188	2.02354	11.8534
538	1.29203	12.4188	0.20039		2.02354	12.4188	1.29203	12.4188
539	1.29203	12.4188	0.133933		1.29203	12.4188	1.29203	13.3306
540	1.29203	12.4188	0.114613		1.29203	12.4188	1.52264	12.4188
541	1.29203	12.4188	0.201682		1.29203	12.4188	1.29203	12.379
542	1.47392	12.4188	0.174696		1.29203	12.4188	1.47392	12.4188
543	1.47392	12.4188	0.201614		1.47392	12.4188	1.47392	13.1076
544	1.47392	12.4188	0.238442		1.47392	12.4188	1.40731	12.4188
545	1.47392	11.7831	0.192626		1.47392	12.4188	1.47392	11.7831
546	1.47392	11.7831	0.166336		1.47392	11.7831	3.63622	11.7831
547	1.47392	11.7831	0.19821		1.47392	11.7831	1.47392	11.4133
548	1.47392	11.7831	0.140299		1.47392	11.7831	0.997904	11.7831
549	1.47392	11.7831	0.119648		1.47392	11.7831	1.47392	12.3314
550	2.57805	11.7831	0.160209		1.47392	11.7831	2.57805	11.7831
551	2.57805	11.7831	0.138854		2.57805	11.7831	2.57805	12.7059
552	2.57805	11.7831	0.142578		2.57805	11.7831	2.79279	11.7831
553	2.57805	12.7513	0.17428		2.57805	11.7831	2.57805	12.7513
554	4.9156	12.7513	0.147757		2.57805	12.7513	4.9156	12.7513
555	4.9156	12.5878	0.139959		4.9156	12.7513	4.9156	12.5878
556	4.9156	12.5878	0.155719		4.9156	12.5878	6.91421	12.5878
557	4.9156	12.0658	0.0899757		4.9156	12.5878	4.9156	12.0658
558	5.81375	12.0658	0.094069		4.9156	12.0658	5.81375	12.0658
559	5.81375	12.0658	0.0904395		5.81375	12.0658	5.81375	12.592
560	3.67774	12.0658	0.139585		5.81375	12.0658	3.67774	12.0658
561	3.67774	11.227	0.134276		3.67774	12.0658	3.67774	11.227
562	3.67774	11.227	0.132826		3.67774	11.227	3.93336	11.227
563	3.67774	11.227	0.157192		3.67774	11.227	3.67774	10.9876
564	3.67774	11.227	0.164545		3.67774	11.227	3.38409	11.227
565	3.67774	12.1214	0.189234		3.67774	11.227	3.67774	12.1214
566	4.32526	12.1214	0.150523		3.67774	12.1214	4.32526	12.1214
567	4.32526	12.1214	0.137005		4.32526	12.1214	4.32526	12.3093
568	2.97161	12.1214	0.0842694		4.32526	12.1214	2.97161	12.1214
569	2.97161	11.3339	0.185112		2.97161	12.1214	2.97161	11.3339
570	2.97161	11.3339	0.142585		2.97161	11.3339	4.80396	11.3339
571	2.97161	11.3339	0.235545		2.97161	11.3339	2.97161	10.8445
572	2.66715	11.3339	0.156493		2.97161	11.3339	2.66715	11.3339
573	2.66715	11.3339	0.140019		2.66715	11.3339	2.66715	12.315
574	2.66715	11.3339	0.175279		2.66715	11.3339	2.91657	11.3339
575	2.66715	12.2354	0.135385		2.66715	11.3339	2.66715	12.2354
576	2.66715	12.2354	0.17756		2.66715	12.2354	1.89506	12.2354
577	2.66715	12.2354	0.184419		2.66715	12.2354	2.66715	12.1184
578	2.66715	12.2354	0.134213		2.66715	12.2354	1.9268	12.2354
579	2.66715	12.9573	0.129686		2.66715	12.2354	2.66715	12.9573
580	3.25846	12.9573	0.120384		2.66715	12.9573	3.25846	12.9573
581	3.25846	12.9573	0.182173		3.25846	12.9573	3.25846	13.1043
582	1.24747	12.9573	0.18703		3.25846	12.9573	1.24747	12.9573
583	1.24747	12.9573	0.208617		1.24747	12.9573	1.24747	12.2173
584	1.24747	12.9573	0.166416		1.24747	12.9573	0.134292	12.9573
585	1.24747	14.3672	0.110285		1.24747	12.9573	1.24747	14.3672
586	1.24747	14.3672	0.208442		1.24747	14.3672	1.59406	14.3672
587	1.24747	14.3672	0.192791		1.24747	14.3672	1.24747	13.2476
588	1.24747	14.3672	0.201995		1.24747	14.3672	1.64939	14.3672
589	1.24747	15.1598	0.195259		1.24747	14.3672	1.24747	15.1598
590	1.89282	15.1598	0.224433		1.24747	15.1598	1.89282	15.1598
591	1.89282	14.6342	0.188529		1.89282	15.1598	1.89282	14.6342
592	1.79585	14.6342	0.149617		1.89282	14.6342	1.79585	14.6342
593	1.79585	15.1916	0.191562		1.79585	14.6342	1.79585	15.1916
594	1.28446	15.1916	0.197709		1.79585	15.1916	1.28446	15.1916
595	1.28446	16.7406	0.194428		1.28446	15.1916	1.28446	16.7406
596	2.46773	16.7406	0.154851		1.28446	16.7406	2.46773	16.7406
597	2.46773	16.5941	0.159644		2.46773	16.7406	2.46773	16.5941
598	2.46773	16.5941	0.191425		2.46773	16.5941	1.63325	16.5941
599	2.46773	18.0373	0.162424		2.46773	16.5941	2.46773	18.0373
600	3.09789	18.0373	0.15814		2.46773	18.0373	3.09789	18.0373
601	3.09789	17.7404	0.193808		3.09789	18.0373	3.09789	17.7404
602	3.09789	17.7404	0.150314		3.09789	17.7404	2.59375	17.7404
603	3.09789	17.7404	0.217907		3.09789	17.7404	3.09789	17.994
604	3.09789	17.7404	0.153499		3.09789	17.7404	2.24819	17.7404
605	3.09789	17.7256	0.140171		3.09789	17.7404	3.09789	17.7256
606	3.18801	17.7256	0.110357		3.09789	17.7256	3.18801	17.7256
607	3.18801	17.7256	0.18434		3.18801	17.7256	3.18801	17.6229
608	3.1252	17.7256	0.181686		3.18801	17.7256	3.1252	17.7256
609	3.1252	17.7256	0.199267		3.1252	17.7256	3.1252	17.4566
610	3.1252	17.7256	0.186878		3.1252	17.7256	2.62249	17.7256
611	3.1252	17.7256	0.150872		3.1252	17.7256	3.1252	17.7362
612	3.1252	17.7256	0.190845		3.1252	17.7256	2.41069	17.7256
613	3.1252	17.7256	0.170217		3.1252	17.7256	3.1252	16.9424
614	2.79089	17.7256	0.13742		3.1252	17.7256	2.79089	17.7256
615	2.79089	19.0432	0.152775		2.79089	17.7256	2.79089	19.0432
616	2.70958	19.0432	0.196352		2.79089	19.0432	2.70958	19.0432
617	2.70958	19.4163	0.203444		2.70958	19.0432	2.70958	19.4163
618	3.46874	19.4163	0.181957		2.70958	19.4163	3.46874	19.4163
619	3.46874	18.7628	0.17345		3.46874	19.4163	3.46874	18.7628
620	3.66212	18.7628	0.139421		3.46874	18.7628	3.66212	18.7628
621	3.66212	20.3314	0.204069		3.66212	18.7628	3.66212	20.3314
622	5.59784	20.3314	0.17538		3.66212	20.3314	5.59784	20.3314
623	5.59784	20.3314	0.183026		5.59784	20.3314	5.59784	22.6877
624	5.59784	20.3314	0.188456		5.59784	20.3314	4.67456	20.3314
625	5.59784	20.1531	0.170155		5.59784	20.3314	5.59784	20.1531
626	6.15009	20.1531	0.1624		5.59784	20.1531	6.15009	20.1531
627	6.15009	19.2237	0.227573		6.15009	20.1531	6.15009	19.2237
628	7.93314	19.2237	0.156019		6.15009	19.2237	7.93314	19.2237
629	7.93314	18.8813	0.0631063		7.93314	19.2237	7.93314	18.8813
630	7.24608	18.8813	0.242392		7.93314	18.8813	7.24608	18.8813
631	7.24608	18.8813	0.0830194		7.24608	18.8813	7.24608	17.648
632	8.15097	18.8813	0.0869608		7.24608	18.8813	8.15097	18.8813
633	8.15097	18.8813	0.114065		8.15097	18.8813	8.15097	18.8478
634	8.15097	18.8813	0.134349		8.15097	18.8813	8.81078	18.8813
635	8.15097	18.8813	0.151483		8.15097	18.8813	8.15097	19.3055
636	6.47791	18.8813	0.195883		8.15097	18.8813	6.47791	18.8813
637	6.47791	18.8813	0.166912		6.47791	18.8813	6.47791	18.18
638	6.47791	18.8813	0.10661		6.47791	18.8813	6.35655	18.8813
639	6.47791	19.2804	0.12573		6.47791	18.8813	6.47791	19.2804
640	6.47791	19.2804	0.122733		6.47791	19.2804	5.32254	19.2804
641	6.47791	18.7514	0.154917		6.47791	19.2804	6.47791	18.7514
642	6.67396	18.7514	0.101726		6.47791	18.7514	6.67396	18.7514
643	6.67396	18.7514	0.168293		6.67396	18.7514	6.67396	19.9799
644	6.59048	18.7514	0.193104		6.67396	18.7514	6.59048	18.7514
645	6.59048	18.608	0.0747403		6.59048	18.7514	6.59048	18.608
646	8.26353	18.608	0.0809691		6.59048	18.608	8.26353	18.608
647	8.26353	19.1136	0.106998		8.26353	18.608	8.26353	19.1136
648	8.26353	19.1136	0.205437		8.26353	19.1136	9.53847	19.1136
649	8.26353	19.8008	0.129728		8.26353	19.1136	8.26353	19.8008
650	8.48538	19.8008	0.140374		8.26353	19.8008	8.48538	19.8008
651	8.48538	20.912	0.0986144		8.48538	19.8008	8.48538	20.912
652	8.48538	20.912	0.153729		8.48538	20.912	7.227	20.912
653	8.48538	21.3781	0.154582		8.48538	20.912	8.48538	21.3781
654	8.48538	21.3781	0.150224		8.48538	21.3781	8.73708	21.3781
655	8.48538	22.298	0.13277		8.48538	21.3781	8.48538	22.298
656	8.48538	22.298	0.108256		8.48538	22.298	9.47384	22.298
657	8.48538	22.298	0.0929801		8.48538	22.298	8.48538	22.0747
658	8.48538	22.298	0.154074		8.48538	22.298	8.10791	22.298
659	8.48538	21.3328	0.156835		8.48538	22.298	8.48538	21.3328
660	8.48538	21.3328	0.143657		8.48538	21.3328	8.27232	21.3328
661	8.48538	21.2734	0.135463		8.48538	21.3328	8.48538	21.2734
662	8.47202	21.2734	0.0920137		8.48538	21.2734	8.47202	21.2734
663	8.47202	21.2734	0.152607		8.47202	21.2734	8.47202	21.2552
664	8.47202	21.2734	0.0968425		8.47202	21.2734	8.626	21.2734
665	8.47202	21.8342	0.153897		8.47202	21.2734	8.47202	21.8342
666	10.602	21.8342	0.126088		8.47202	21.8342	10.602	21.8342
667	10.602	21.9415	0.164751		10.602	21.8342	10.602	21.9415
668	10.602	21.9415	0.157072		10.602	21.9415	9.42659	21.9415
669	10.602	22.5451	0.137588		10.602	21.9415	10.602	22.5451
670	10.602	22.5451	0.189664		10.602	22.5451	11.0838	22.5451
671	10.602	22.5451	0.092216		10.602	22.5451	10.602	24.0958
672	10.602	22.5451	0.11315		10.602	22.5451	9.91913	22.5451
673	10.602	23.4206	0.0812073		10.602	22.5451	10.602	23.4206
674	10.1354	23.4206	0.128837		10.602	23.4206	10.1354	23.4206
675	10.1354	23.4206	0.180684		10.1354	23.4206	10.1354	24.5955
676	10.4208	23.4206	0.148038		10.1354	23.4206	10.4208	23.4206
677	10.4208	23.8554	0.190847		10.4208	23.4206	10.4208	23.8554
678	10.4208	23.8554	0.159623		10.4208	23.8554	12.0627	23.8554
679	10.4208	23.8554	0.175363		10.4208	23.8554	10.4208	23.172
680	10.6931	23.8554	0.148548		10.4208	23.8554	10.6931	23.8554
681	10.6931	23.8554	0.170853		10.6931	23.8554	10.6931	26.7945
682	10.0727	23.8554	0.132642		10.6931	23.8554	10.0727	23.8554
683	10.0727	23.8554	0.127967		10.0727	23.8554	10.0727	23.3807
684	10.4476	23.8554	0.119428		10.0727	23.8554	10.4476	23.8554
685	10.4476	24.2279	0.0917846		10.4476	23.8554	10.4476	24.2279
686	11.1146	24.2279	0.156463		10.4476	24.2279	11.1146	24.2279
687	11.1146	23.4735	0.174184		11.1146	24.2279	11.1146	23.4735
688	11.1146	23.4735	0.147917		11.1146	23.4735	11.4617	23.4735
689	11.1146	23.1986	0.12676		11.1146	23.4735	11.1146	23.1986
690	10.7895	23.1986	0.123371		11.1146	23.1986	10.7895	23.1986
691	10.7895	23.1986	0.103372		10.7895	23.1986	10.7895	22.8228
692	9.17376	23.1986	0.102901		10.7895	23.1986	9.17376	23.1986
693	9.17376	22.4713	0.120745		9.17376	23.1986	9.17376	22.4713
694	7.69923	22.4713	0.135654		9.17376	22.4713	7.69923	22.4713
695	7.69923	22.4713	0.137736		7.69923	22.4713	7.69923	23.4829
696	9.89072	22.4713	0.134754		7.69923	22.4713	9.89072	22.4713
697	9.89072	22.4713	0.136825		9.89072	22.4713	9.89072	21.9208
698	9.89072	22.4713	0.110838		9.89072	22.4713	9.13677	22.4713
699	9.89072	22.4713	0.152716		9.89072	22.4713	9.89072	21.8825
700	9.89072	22.4713	0.164569		9.89072	22.4713	10.0049	22.4713
701	9.89072	21.4449	0.134163		9.89072	22.4713	9.89072	21.4449
702	10.3958	21.4449	0.120196		9.89072	21.4449	10.3958	21.4449
703	10.3958	21.4449	0.129359		10.3958	21.4449	10.3958	22.5045
704	9.02924	21.4449	0.0977297		10.3958	21.4449	9.02924	21.4449
705	9.02924	19.5845	0.100427		9.02924	21.4449	9.02924	19.5845
706	9.61909	19.5845	0.170178		9.02924	19.5845	9.61909	19.5845
707	9.61909	19.3945	0.173707		9.61909	19.5845	9.61909	19.3945
708	11.0307	19.3945	0.167937		9.61909	19.3945	11.0307	19.3945
709	11.0307	20.1336	0.103845		11.0307	19.3945	11.0307	20.1336
710	11.0307	20.1336	0.13687		11.0307	20.1336	11.1066	20.1336
711	11.0307	19.7037	0.102433		11.0307	20.1336	11.0307	19.7037
712	11.783	19.7037	0.167419		11.0307	19.7037	11.783	19.7037
713	11.783	19.7037	0.157984		11.783	19.7037	11.783	19.4069
714	13.6086	19.7037	0.140592		11.783	19.7037	13.6086	19.7037
715	13.6086	20.9732	0.177069		13.6086	19.7037	13.6086	20.9732
716	13.6086	20.9732	0.141653		13.6086	20.9732	12.0572	20.9732
717	13.6086	20.9732	0.14079		13.6086	20.9732	13.6086	21.1064
718	13.6086	20.9732	0.129782		13.6086	20.9732	14.4799	20.9732
719	13.6086	21.1564	0.111615		13.6086	20.9732	13.6086	21.1564
720	13.6086	21.1564	0.10883		13.6086	21.1564	14.2997	21.1564
721	13.6086	21.1564	0.112916		13.6086	21.1564	13.6086	19.4479
722	13.6722	21.1564	0.116737		13.6086	21.1564	13.6722	21.1564
723	13.6722	21.4472	0.0882557		13.6722	21.1564	13.6722	21.4472
724	13.6722	21.4472	0.0549057		13.6722	21.4472	14.157	21.4472
725	13.6722	20.219	0.0737507		13.6722	21.4472	13.6722	20.219
726	13.6722	20.219	0.194947		13.6722	20.219	13.3628	20.219
727	13.6722	20.2722	0.129846		13.6722	20.219	13.6722	20.2722
728	13.3005	20.2722	0.102344		13.6722	20.2722	13.3005	20.2722
729	13.3005	20.454	0.100987		13.3005	20.2722	13.3005	20.454
730	13.3005	20.454	0.107781		13.3005	20.454	11.8934	20.454
731	13.3005	20.3268	0.155031		13.3005	20.454	13.3005	20.3268
732	13.3005	20.3268	0.169207		13.3005	20.3268	14.3498	20.3268
733	13.3005	20.3268	0.119617		13.3005	20.3268	13.3005	21.08
734	13.3005	20.3268	0.145876		13.3005	20.3268	13.4313	20.3268
735	13.3005	20.3268	0.149476		13.3005	20.3268	13.3005	20.853
736	13.3005	20.3268	0.13577		13.3005	20.3268	12.1981	20.3268
737	13.3005	20.7395	0.0692049		13.3005	20.3268	13.3005	20.7395
738	13.3005	20.7395	0.102206		13.3005	20.7395	12.7626	20.7395
739	13.3005	20.7395	0.126945		13.3005	20.7395	13.3005	20.7419
740	12.2026	20.7395	0.135277		13.3005	20.7395	12.2026	20.7395
741	12.2026	18.7924	0.135361		12.2026	20.7395	12.2026	18.7924
742	13.1317	18.7924	0.129268		12.2026	18.7924	13.1317	18.7924
743	13.1317	18.7924	0.145374		13.1317	18.7924	13.1317	20.8149
744	13.1317	18.7924	0.130568		13.1317	18.7924	15.6608	18.7924
745	13.1317	17.4766	0.181103		13.1317	18.7924	13.1317	17.4766
746	13.1317	17.4766	0.106551		13.1317	17.4766	13.6525	17.4766
747	13.1317	17.8326	0.208615		13.1317	17.4766	13.1317	17.8326
748	13.1317	17.8326	0.137246		13.1317	17.8326	12.2207	17.8326
749	13.1317	17.8326	0.114632		13.1317	17.8326	13.1317	16.9947
750	13.1317	17.8326	0.162194		13.1317	17.8326	12.7387	17.8326
751	13.1317	18.319	0.173521		13.1317	17.8326	13.1317	18.319
752	13.1317	18.319	0.110322		13.1317	18.319	10.6495	18.319
753	13.1317	18.319	0.117029		13.1317	18.319	13.1317	16.8163
754	12.61	18.319	0.137355		13.1317	18.319	12.61	18.319
755	12.61	18.319	0.216953		12.61	18.319	12.61	17.353
756	11.7869	18.319	0.177429		12.61	18.319	11.7869	18.319
757	11.7869	21.0803	0.0947755		11.7869	18.319	11.7869	21.0803
758	11.7869	21.0803	0.0759166		11.7869	21.0803	12.4947	21.0803
759	11.7869	21.0803	0.130758		11.7869	21.0803	11.7869	21.5072
760	11.7869	21.0803	0.141372		11.7869	21.0803	11.8878	21.0803
761	11.7869	21.0803	0.167212		11.7869	21.0803	11.7869	22.6542
762	11.7869	21.0803	0.115319		11.7869	21.0803	12.8976	21.0803
763	11.7869	21.0803	0.111106		11.7869	21.0803	11.7869	21.4825
764	11.8524	21.0803	0.120066		11.7869	21.0803	11.8524	21.0803
765	11.8524	21.2174	0.121243		11.8524	21.0803	11.8524	21.2174
766	12.8105	21.2174	0.103655		11.8524	21.2174	12.8105	21.2174
767	12.8105	21.2174	0.196255		12.8105	21.2174	12.8105	19.8819
768	12.8105	21.2174	0.122843		12.8105	21.2174	11.5432	21.2174
769	12.8105	21.2174	0.105561		12.8105	21.2174	12.8105	21.7446
770	12.8105	21.2174	0.145169		12.8105	21.2174	13.0902	21.2174
771	12.8105	21.2174	0.0816869		12.8105	21.2174	12.8105	21.0801
772	12.8105	21.2174	0.10906		12.8105	21.2174	12.5696	21.2174
773	12.8105	22.0565	0.194524		12.8105	21.2174	12.8105	22.0565
774	11.1211	22.0565	0.135105		12.8105	22.0565	11.1211	22.0565
775	11.1211	23.0978	0.163077		11.1211	22.0565	11.1211	23.0978
776	11.1211	23.0978	0.148518		11.1211	23.0978	11.4259	23.0978
777	11.1211	23.0629	0.162471		11.1211	23.0978	11.1211	23.0629
778	10.5226	23.0629	0.159252		11.1211	23.0629	10.5226	23.0629
779	10.5226	22.822	0.140474		10.5226	23.0629	10.5226	22.822
780	10.5833	22.822	0.114206		10.5226	22.822	10.5833	22.822
781	10.5833	22.822	0.133385		10.5833	22.822	10.5833	23.8298
782	11.0283	22.822	0.125147		10.5833	22.822	11.0283	22.822
783	11.0283	22.822	0.164138		11.0283	22.822	11.0283	22.8002
784	12.2284	22.822	0.108028		11.0283	22.822	12.2284	22.822
785	12.2284	23.8716	0.138765		12.2284	22.822	12.2284	23.8716
786	11.5557	23.8716	0.0858839		12.2284	23.8716	11.5557	23.8716
787	11.5557	23.2047	0.193363		11.5557	23.8716	11.5557	23.2047
788	12.151	23.2047	0.0968884		11.5557	23.2047	12.151	23.2047
789	12.151	22.603	0.118464		12.151	23.2047	12.151	22.603
790	10.9681	22.603	0.124593		12.151	22.603	10.9681	22.603
791	10.9681	22.3423	0.119078		10.9681	22.603	10.9681	22.3423
792	10.9681	22.3423	0.113653		10.9681	22.3423	10.6652	22.3423
793	10.9681	22.3423	0.119631		10.9681	22.3423	10.9681	21.6701
794	10.9681	22.3423	0.174398		10.9681	22.3423	10.9999	22.3423
795	10.9681	23.5987	0.241094		10.9681	22.3423	10.9681	23.5987
796	11.4817	23.5987	0.173634		10.9681	23.5987	11.4817	23.5987
797	11.4817	23.5987	0.154863		11.4817	23.5987	11.4817	23.7224
798	11.4817	23.5987	0.155849		11.4817	23.5987	11.5507	23.5987
799	11.4817	23.5987	0.0816915		11.4817	23.5987	11.4817	24.9149
800	11.4817	23.5987	0.182537		11.4817	23.5987	9.9908	23.5987
801	11.4817	23.4693	0.127208		11.4817	23.5987	11.4817	23.4693
802	10.3126	23.4693	0.119305		11.4817	23.4693	10.3126	23.4693
803	10.3126	23.4693	0.138161		10.3126	23.4693	10.3126	23.0665
804	10.6409	23.4693	0.146928		10.3126	23.4693	10.6409	23.4693
805	10.6409	22.6103	0.121758		10.6409	23.4693	10.6409	22.6103
806	10.6409	22.6103	0.130678		10.6409	22.6103	10.9134	22.6103
807	10.6409	22.7303	0.118733		10.6409	22.6103	10.6409	22.7303
808	9.55073	22.7303	0.146001		10.6409	22.7303	9.55073	22.7303
809	9.55073	22.7303	0.085293		9.55073	22.7303	9.55073	22.1374
810	9.95566	22.7303	0.141906		9.55073	22.7303	9.95566	22.7303
811	9.95566	22.7303	0.161737		9.95566	22.7303	9.95566	23.7241
812	9.35843	22.7303	0.127925		9.95566	22.7303	9.35843	22.7303
813	9.35843	23.4849	0.1714		9.35843	22.7303	9.35843	23.4849
814	10.3134	23.4849	0.164626		9.35843	23.4849	10.3134	23.4849
815	10.3134	23.0017	0.149978		10.3134	23.4849	10.3134	23.0017
816	10.3134	23.0017	0.160632		10.3134	23.0017	9.94946	23.0017
817	10.3134	23.1166	0.0723862		10.3134	23.0017	10.3134	23.1166
818	10.3134	23.1166	0.103545		10.3134	23.1166	7.72055	23.1166
819	10.3134	23.1166	0.124746		10.3134	23.1166	10.3134	22.7397
820	10.3134	23.1166	0.138178		10.3134	23.1166	10.159	23.1166
821	10.3134	21.5594	0.148294		10.3134	23.1166	10.3134	21.5594
822	10.1915	21.5594	0.152596		10.3134	21.5594	10.1915	21.5594
823	10.1915	22.7033	0.136724		10.1915	21.5594	10.1915	22.7033
824	10.1915	22.7033	0.159812		10.1915	22.7033	11.0754	22.7033
825	10.1915	22.7033	0.108454		10.1915	22.7033	10.1915	21.5327
826	9.53069	22.7033	0.17874		10.1915	22.7033	9.53069	22.7033
827	9.53069	22.7033	0.153718		9.53069	22.7033	9.53069	22.0428
828	9.53069	22.7033	0.124223		9.53069	22.7033	10.7106	22.7033
829	9.53069	22.7033	0.189977		9.53069	22.7033	9.53069	21.4226
830	9.53069	22.7033	0.112526		9.53069	22.7033	7.5429	22.7033
831	9.53069	22.1181	0.119412		9.53069	22.7033	9.53069	22.1181
832	10.1384	22.1181	0.179903		9.53069	22.1181	10.1384	22.1181
833	10.1384	21.1949	0.0945398		10.1384	22.1181	10.1384	21.1949
834	10.1384	21.1949	0.0809429		10.1384	21.1949	11.2055	21.1949
835	10.1384	22.7614	0.167639		10.1384	21.1949	10.1384	22.7614
836	10.1384	22.7614	0.143129		10.1384	22.7614	9.51358	22.7614
837	10.1384	22.7614	0.123281		10.1384	22.7614	10.1384	22.5398
838	12.0585	22.7614	0.142985		10.1384	22.7614	12.0585	22.7614
839	12.0585	23.8007	0.205807		12.0585	22.7614	12.0585	23.8007
840	11.11	23.8007	0.137703		12.0585	23.8007	11.11	23.8007
841	11.11	23.8007	0.15641		11.11	23.8007	11.11	24.1596
842	11.3723	23.8007	0.125378		11.11	23.8007	11.3723	23.8007
843	11.3723	23.8007	0.0669205		11.3723	23.8007	11.3723	23.0658
844	12.7804	23.8007	0.163548		11.3723	23.8007	12.7804	23.8007
845	12.7804	23.8007	0.133551		12.7804	23.8007	12.7804	25.4793
846	13.1712	23.8007	0.101458		12.7804	23.8007	13.1712	23.8007
847	13.1712	23.1766	0.100027		13.1712	23.8007	13.1712	23.1766
848	13.1712	23.1766	0.164354		13.1712	23.1766	13.2381	23.1766
849	13.1712	24.3592	0.12043		13.1712	23.1766	13.1712	24.3592
850	11.6892	24.3592	0.0952299		13.1712	24.3592	11.6892	24.3592
851	11.6892	23.2992	0.139871		11.6892	24.3592	11.6892	23.2992
852	11.6892	23.2992	0.128075		11.6892	23.2992	10.484	23.2992
853	11.6892	23.8261	0.137631		11.6892	23.2992	11.6892	23.8261
854	11.6519	23.8261	0.115904		11.6892	23.8261	11.6519	23.8261
855	11.6519	23.8368	0.17638		11.6519	23.8261	11.6519	23.8368
856	11.7512	23.8368	0.151055		11.6519	23.8368	11.7512	23.8368
857	11.7512	23.8368	0.142689		11.7512	23.8368	11.7512	24.4051
858	11.7512	23.8368	0.139586		11.7512	23.8368	11.3113	23.8368
859	11.7512	23.8368	0.0854422		11.7512	23.8368	11.7512	24.3296
860	11.7512	23.8368	0.173227		11.7512	23.8368	10.6263	23.8368
861	11.7512	23.8368	0.103925		11.7512	23.8368	11.7512	25.3237
862	11.7512	23.8368	0.095066		11.7512	23.8368	11.3017	23.8368
863	11.7512	23.8368	0.216973		11.7512	23.8368	11.7512	25.0215
864	11.7512	23.8368	0.166995		11.7512	23.8368	9.7523	23.8368
865	11.7512	25.0233	0.159817		11.7512	23.8368	11.7512	25.0233
866	11.8226	25.0233	0.0536313		11.7512	25.0233	11.8226	25.0233
867	11.8226	24.4313	0.132944		11.8226	25.0233	11.8226	24.4313
868	11.8226	24.4313	0.112694		11.8226	24.4313	11.4596	24.4313
869	11.8226	24.0485	0.0875378		11.8226	24.4313	11.8226	24.0485
870	11.8226	24.0485	0.157158		11.8226	24.0485	11.6721	24.0485
871	11.8226	23.6163	0.160093		11.8226	24.0485	11.8226	23.6163
872	11.8226	23.6163	0.066909		11.8226	23.6163	11.494	23.6163
873	11.8226	23.6163	0.116789		11.8226	23.6163	11.8226	25.0283
874	11.8226	23.6163	0.0218006		11.8226	23.6163	10.2384	23.6163
875	11.8226	24.3149	0.133057		11.8226	23.6163	11.8226	24.3149
876	12.8478	24.3149	0.123831		11.8226	24.3149	12.8478	24.3149
877	12.8478	25.1605	0.107078		12.8478	24.3149	12.8478	25.1605
878	12.8478	25.1605	0.102886		12.8478	25.1605	13.3973	25.1605
879	12.8478	24.273	0.144179		12.8478	25.1605	12.8478	24.273
880	12.8478	24.273	0.0975887		12.8478	24.273	13.2467	24.273
881	12.8478	24.7861	0.157639		12.8478	24.273	12.8478	24.7861
882	10.5281	24.7861	0.169232		12.8478	24.7861	10.5281	24.7861
883	10.5281	24.7861	0.141855		10.5281	24.7861	10.5281	25.3156
884	10.5281	24.7861	0.121198		10.5281	24.7861	9.73082	24.7861
885	10.5281	23.8715	0.161961		10.5281	24.7861	10.5281	23.8715
886	9.67361	23.8715	0.124023		10.5281	23.8715	9.67361	23.8715
887	9.67361	23.8715	0.163026		9.67361	23.8715	9.67361	23.6913
888	9.67361	23.8715	0.171475		9.67361	23.8715	8.38129	23.8715
889	9.67361	23.8715	0.134864		9.67361	23.8715	9.67361	24.1206
890	9.67361	23.8715	0.137062		9.67361	23.8715	8.91204	23.8715
891	9.67361	24.7621	0.149973		9.67361	23.8715	9.67361	24.7621
892	9.67361	24.7621	0.157699		9.67361	24.7621	8.49806	24.7621
893	9.67361	24.7621	0.164512		9.67361	24.7621	9.67361	22.5581
894	9.67361	24.7621	0.169774		9.67361	24.7621	9.55962	24.7621
895	9.67361	25.1974	0.131596		9.67361	24.7621	9.67361	25.1974
896	9.67361	25.1974	0.122011		9.67361	25.1974	8.59168	25.1974
897	9.67361	24.6995	0.12846		9.67361	25.1974	9.67361	24.6995
898	9.96872	24.6995	0.201575		9.67361	24.6995	9.96872	24.6995
899	9.96872	24.8052	0.214312		9.96872	24.6995	9.96872	24.8052
900	9.96872	24.8052	0.160409		9.96872	24.8052	10.396	24.8052
901	9.96872	23.667	0.0580942		9.96872	24.8052	9.96872	23.667
902	11.2286	23.667	0.129939		9.96872	23.667	11.2286	23.667
903	11.2286	24.329	0.0984391		11.2286	23.667	11.2286	24.329
904	11.2286	24.329	0.129539		11.2286	24.329	11.5029	24.329
905	11.2286	24.329	0.137907		11.2286	24.329	11.2286	22.9718
906	11.2286	24.329	0.140417		11.2286	24.329	13.298	24.329
907	11.2286	22.9678	0.200897		11.2286	24.329	11.2286	22.9678
908	11.2286	22.9678	0.148537		11.2286	22.9678	13.3998	22.9678
909	11.2286	23.2079	0.122389		11.2286	22.9678	11.2286	23.2079
910	12.2551	23.2079	0.120462		11.2286	23.2079	12.2551	23.2079
911	12.2551	23.8189	0.0913397		12.2551	23.2079	12.2551	23.8189
912	12.1653	23.8189	0.149231		12.2551	23.8189	12.1653	23.8189
913	12.1653	23.8189	0.156005		12.1653	23.8189	12.1653	24.4418
914	12.475	23.8189	0.131297		12.1653	23.8189	12.475	23.8189
915	12.475	22.8928	0.155105		12.475	23.8189	12.475	22.8928
916	12.9413	22.8928	0.101612		12.475	22.8928	12.9413	22.8928
917	12.9413	21.3589	0.127743		12.9413	22.8928	12.9413	21.3589
918	12.9413	21.3589	0.12637		12.9413	21.3589	13.1363	21.3589
919	12.9413	21.3589	0.159093		12.9413	21.3589	12.9413	24.4145
920	12.9413	21.3589	0.110761		12.9413	21.3589	12.8593	21.3589
921	12.9413	21.402	0.131829		12.9413	21.3589	12.9413	21.402
922	12.9413	21.402	0.09524		12.9413	21.402	13.8393	21.402
923	12.9413	21.402	0.0805252		12.9413	21.402	12.9413	19.9965
924	12.9413	21.402	0.142592		12.9413	21.402	12.939	21.402
925	12.9413	21.402	0.021486		12.9413	21.402	12.9413	21.6154
926	12.9413	21.402	0.131352		12.9413	21.402	12.7005	21.402
927	12.9413	21.402	0.0617337		12.9413	21.402	12.9413	23.3298
928	13.3333	21.402	0.199435		12.9413	21.402	13.3333	21.402
929	13.3333	21.402	0.101361		13.3333	21.402	13.3333	21.6011
930	13.6446	21.402	0.115052		13.3333	21.402	13.6446	21.402
931	13.6446	21.402	0.114697		13.6446	21.402	13.6446	20.7064
932	13.6446	21.402	0.180325		13.6446	21.402	13.9038	21.402
933	13.6446	22.2629	0.0722098		13.6446	21.402	13.6446	22.2629
934	13.6446	22.2629	0.14595		13.6446	22.2629	14.6693	22.2629
935	13.6446	22.1184	0.130031		13.6446	22.2629	13.6446	22.1184
936	12.0645	22.1184	0.0358322		13.6446	22.1184	12.0645	22.1184
937	12.0645	23.5012	0.141505		12.0645	22.1184	12.0645	23.5012
938	12.0645	23.5012	0.150745		12.0645	23.5012	11.3436	23.5012
939	12.0645	22.2285	0.133956		12.0645	23.5012	12.0645	22.2285
940	12.639	22.2285	0.127287		12.0645	22.2285	12.639	22.2285
941	12.639	22.508	0.111341		12.639	22.2285	12.639	22.508
942	12.639	22.508	0.167659		12.639	22.508	13.848	22.508
943	12.639	22.508	0.062921		12.639	22.508	12.639	23.2035
944	14.4664	22.508	0.153201		12.639	22.508	14.4664	22.508
945	14.4664	22.508	0.161069		14.4664	22.508	14.4664	22.1741
946	14.4664	22.508	0.0903302		14.4664	22.508	15.3045	22.508
947	14.4664	22.508	0.120739		14.4664	22.508	14.4664	22.483
948	13.3543	22.508	0.113294		14.4664	22.508	13.3543	22.508
949	13.3543	22.508	0.0860206		13.3543	22.508	13.3543	22.8941
950	13.2879	22.508	0.0696698		13.3543	22.508	13.2879	22.508
951	13.2879	21.922	0.144207		13.2879	22.508	13.2879	21.922
952	13.2879	21.922	0.202663		13.2879	21.922	12.458	21.922
953	13.2879	21.922	0.11786		13.2879	21.922	13.2879	23.0036
954	14.1813	21.922	0.137048		13.2879	21.922	14.1813	21.922
955	14.1813	21.8962	0.107026		14.1813	21.922	14.1813	21.8962
956	13.4577	21.8962	0.145394		14.1813	21.8962	13.4577	21.8962
957	13.4577	21.8962	0.134175		13.4577	21.8962	13.4577	22.5674
958	14.4422	21.8962	0.136155		13.4577	21.8962	14.4422	21.8962
959	14.4422	21.8962	0.168233		14.4422	21.8962	14.4422	21.6879
960	14.4422	21.8962	0.146611		14.4422	21.8962	13.8563	21.8962
961	14.4422	22.4642	0.191434		14.4422	21.8962	14.4422	22.4642
962	15.0902	22.4642	0.0810361		14.4422	22.4642	15.0902	22.4642
963	15.0902	23.6559	0.0976785		15.0902	22.4642	15.0902	23.6559
964	14.8857	23.6559	0.0558914		15.0902	23.6559	14.8857	23.6559
965	14.8857	23.9044	0.121029		14.8857	23.6559	14.8857	23.9044
966	15.4544	23.9044	0.106384		14.8857	23.9044	15.4544	23.9044
967	15.4544	24.1096	0.0705199		15.4544	23.9044	15.4544	24.1096
968	15.4544	24.1096	0.125351		15.4544	24.1096	14.5802	24.1096
969	15.4544	25.26	0.104784		15.4544	24.1096	15.4544	25.26
970	15.4544	25.26	0.118359		15.4544	25.26	17.0829	25.26
971	15.4544	24.945	0.16975		15.4544	25.26	15.4544	24.945
972	15.4544	24.945	0.213284		15.4544	24.945	15.7295	24.945
973	15.4544	26.0817	0.0845604		15.4544	24.945	15.4544	26.0817
974	13.9456	26.0817	0.134564		15.4544	26.0817	13.9456	26.0817
975	13.9456	26.0817	0.146785		13.9456	26.0817	13.9456	26.6311
976	13.9456	26.0817	0.158939		13.9456	26.0817	14.0384	26.0817
977	13.9456	25.5287	0.137796		13.9456	26.0817	13.9456	25.5287
978	13.9456	25.5287	0.10387		13.9456	25.5287	12.5526	25.5287
979	13.9456	25.5287	0.131001		13.9456	25.5287	13.9456	23.663
980	13.8074	25.5287	0.0688248		13.9456	25.5287	13.8074	25.5287
981	13.8074	24.4008	0.129105		13.8074	25.5287	13.8074	24.4008
982	13.8074	24.4008	0.14316		13.8074	24.4008	13.4924	24.4008
983	13.8074	23.341	0.196169		13.8074	24.4008	13.8074	23.341
984	13.5496	23.341	0.153405		13.8074	23.341	13.5496	23.341
985	13.5496	23.341	0.173885		13.5496	23.341	13.5496	22.1875
986	11.8623	23.341	0.165812		13.5496	23.341	11.8623	23.341
987	11.8623	23.341	0.157175		11.8623	23.341	11.8623	22.8107
988	11.1393	23.341	0.114549		11.8623	23.341	11.1393	23.341
989	11.1393	23.341	0.119941		11.1393	23.341	11.1393	24.012
990	11.4342	23.341	0.146105		11.1393	23.341	11.4342	23.341
991	11.4342	23.341	0.119341		11.4342	23.341	11.4342	24.9255
992	11.761	23.341	0.184465		11.4342	23.341	11.761	23.341
993	11.761	23.1098	0.133521		11.761	23.341	11.761	23.1098
994	11.761	23.1098	0.152324		11.761	23.1098	12.0779	23.1098
995	11.761	23.1098	0.130529		11.761	23.1098	11.761	21.6887
996	11.761	23.1098	0.134675		11.761	23.1098	11.3725	23.1098
997	11.761	21.6177	0.174996		11.761	23.1098	11.761	21.6177
998	11.0396	21.6177	0.160447		11.761	21.6177	11.0396	21.6177
999	11.0396	20.0963	0.113491		11.0396	21.6177	11.0396	20.0963
