0	1.10081	1.86971
1	1.10081	1.86971
2	1.10081	1.86971
3	1.35659	0.734558
4	1.35659	0.734558
5	1.35659	0.734558
6	0.945141	1.11536
7	1.04799	1.99322
8	1.13207	1.92973
9	0.617012	2.58533
10	0.434111	1.36044
11	0.434111	1.36044
12	0.434111	1.36044
13	1.54093	2.99352
14	1.54093	2.99352
15	1.30723	2.81612
16	1.30723	2.81612
17	1.30723	2.81612
18	1.62198	1.44551
19	1.62198	1.44551
20	1.62198	1.44551
21	0.452401	2.26713
22	0.452401	2.26713
23	0.132459	2.4573
24	1.17815	1.78507
25	1.97851	3.13953
26	1.97851	3.13953
27	1.61092	2.3812
28	0.0333161	1.86445
29	0.930606	1.64882
30	0.595609	2.0152
31	0.595609	2.0152
32	0.0741398	1.53207
33	0.0741398	1.53207
34	1.24693	1.68023
35	1.24693	1.68023
36	1.76964	1.76469
37	1.76964	1.76469
38	2.90145	2.60598
39	2.38276	2.34779
40	3.62237	1.74395
41	4.19488	1.08402
42	5.82132	0.436623
43	5.97159	1.62632
44	5.97159	1.62632
45	5.97159	1.62632
46	7.94793	0.682093
47	7.94793	0.682093
48	7.57698	1.09279
49	7.57698	1.09279
50	8.80419	0.683042
51	8.80419	0.683042
52	9.94387	0.436179
53	9.94387	0.436179
54	9.94387	0.436179
55	9.94387	0.436179
56	9.94387	0.436179
57	9.94387	0.436179
58	9.21686	1.03127
59	10.8505	1.53274
60	10.2082	0.681658
61	10.2082	0.681658
62	10.2082	0.681658
63	10.2082	0.681658
64	11.6869	1.67464
65	14.5404	0.761552
66	13.0699	1.67977
67	13.0699	1.67977
68	13.5795	1.88123
69	13.6452	2.12632
70	11.6803	2.06922
71	11.7021	2.03764
72	11.7021	2.03764
73	11.561	3.0646
74	12.6426	2.33904
75	13.8699	1.77124
76	13.6341	1.76361
77	14.6893	3.09818
78	14.6893	3.09818
79	14.6893	3.09818
80	13.7979	2.5009
81	13.5979	2.41138
82	13.5979	2.41138
83	12.9896	1.52754
84	13.1887	0.555383
85	13.964	2.25263
86	13.964	2.25263
87	14.8366	2.3071
88	14.8366	2.3071
89	13.7321	3.78146
90	14.5084	5.52119
91	14.5084	5.52119
92	11.6924	3.91548
93	10.6124	3.96137
94	10.6124	3.96137
95	10.6124	3.96137
96	10.6124	3.96137
97	10.6124	3.96137
98	11.1072	2.34869
99	10.8308	1.99932
100	8.38564	3.19614
101	8.38564	3.19614
102	7.6706	3.84079
103	7.6706	3.84079
104	7.6706	3.84079
105	7.56995	4.2041
106	8.40449	5.40502
107	7.39617	6.808
108	7.61457	8.80121
109	8.88362	9.21957
110	8.88362	9.21957
111	8.88362	9.21957
112	8.88362	9.21957
113	8.88362	9.21957
114	8.88362	9.21957
115	8.75466	10.6393
116	8.75466	10.6393
117	8.75466	10.6393
118	8.13502	11.2621
119	8.13502	11.2621
120	7.58486	12.9602
121	10.5553	12.5718
122	10.5553	12.5718
123	10.5553	12.5718
124	10.5553	12.5718
125	10.5553	12.5718
126	10.3928	12.9087
127	9.82347	13.583
128	9.79126	14.6448
129	9.79126	14.6448
130	10.4197	13.0768
131	10.4197	13.0768
132	10.4197	13.0768
133	10.2041	12.4912
134	9.81463	14.0961
135	8.98325	12.4994
136	8.98325	12.4994
137	8.98325	12.4994
138	8.98325	12.4994
139	10.3654	11.3778
140	10.1215	13.2417
141	10.1215	13.2417
142	10.1215	13.2417
143	9.98639	12.1718
144	9.98639	12.1718
145	9.98639	12.1718
146	9.98639	12.1718
147	9.98639	12.1718
148	9.98639	12.1718
149	9.98639	12.1718
150	9.98639	12.1718
151	9.98639	12.1718
152	10.4055	10.7769
153	10.3441	10.9826
154	10.3441	10.9826
155	10.3441	10.9826
156	9.86904	10.0695
157	10.2205	10.1339
158	10.2205	10.1339
159	11.0743	11.7121
160	10.205	11.7874
161	10.205	11.7874
162	10.205	11.7874
163	10.2232	11.434
164	11.4811	10.5855
165	11.4811	10.5855
166	9.96816	12.3119
167	11.3943	12.5756
168	11.3943	12.5756
169	10.0761	14.1073
170	10.0761	14.1073
171	11.9119	15.3932
172	12.0699	16.2369
173	14.0341	14.8859
174	14.0341	14.8859
175	14.0341	14.8859
176	14.0341	14.8859
177	12.3806	14.1039
178	12.3806	14.1039
179	14.1271	14.7351
180	15.8729	13.1854
181	15.7444	12.1455
182	15.7444	12.1455
183	17.0588	13.6313
184	17.0588	13.6313
185	17.0588	13.6313
186	16.7487	12.6758
187	18.2486	10.7553
188	19.6218	10.144
189	19.6218	10.144
190	18.2377	11.9196
191	19.1115	11.6442
192	19.0766	12.9327
193	18.8046	14.1087
194	19.2694	14.0963
195	19.7978	12.5133
196	19.7978	12.5133
197	19.7978	12.5133
198	19.649	11.1458
199	18.3452	13.0394
200	18.3376	11.3354
201	17.0587	11.6073
202	16.4768	12.5478
203	15.4629	10.584
204	16.4994	9.08588
205	16.1631	8.27954
206	16.1631	8.27954
207	16.1631	8.27954
208	16.1631	8.27954
209	17.8468	9.39626
210	16.1365	7.28569
211	14.2813	6.83775
212	14.4159	6.50394
213	13.6722	6.1498
214	13.9404	7.55485
215	16.3629	7.21031
216	15.4773	6.14328
217	16.0369	6.2082
218	16.0369	6.2082
219	15.4186	5.73682
220	14.4186	5.85016
221	14.4186	5.85016
222	15.1429	6.30758
223	13.6094	8.50186
224	15.4545	8.20593
225	15.4545	8.20593
226	15.4545	8.20593
227	16.7629	7.64928
228	16.7517	8.02825
229	16.6812	7.33007
230	16.6812	7.33007
231	16.6812	7.33007
232	14.843	9.42918
233	12.7768	9.44969
234	13.0509	8.89081
235	12.1061	8.46966
236	11.9062	7.93231
237	13.123	6.98574
238	13.123	6.98574
239	13.123	6.98574
240	11.3282	6.58779
241	11.7999	5.54295
242	11.7999	5.54295
243	11.7999	5.54295
244	10.2525	5.43418
245	10.2525	5.43418
246	10.2525	5.43418
247	10.2525	5.43418
248	9.63041	5.33408
249	9.63041	5.33408
250	9.63041	5.33408
251	9.63041	5.33408
252	9.63041	5.33408
253	9.63041	5.33408
254	9.29678	6.99753
255	9.29678	6.99753
256	8.56265	6.9096
257	7.68848	5.05791
258	7.16852	6.88649
259	6.35565	6.88636
260	4.78956	6.5716
261	2.92555	5.34447
262	2.97797	4.14932
263	2.97797	4.14932
264	2.97797	4.14932
265	2.99317	4.72696
266	0.883628	4.57668
267	0.883628	4.57668
268	0.883628	4.57668
269	0.113583	5.85856
270	0.27566	6.31263
271	0.324419	8.38733
272	1.01958	8.29626
273	0.665746	8.82678
274	0.82557	8.80289
275	0.82557	8.80289
276	0.82557	8.80289
277	0.82557	8.80289
278	0.728768	9.33319
279	0.611136	10.2189
280	0.867694	10.1625
281	0.867694	10.1625
282	0.867694	10.1625
283	0.867694	10.1625
284	0.867694	10.1625
285	0.314014	11.9511
286	0.235825	11.6865
287	0.235825	11.6865
288	1.62726	14.598
289	2.28446	16.0268
290	2.28446	16.0268
291	2.67394	17.1138
292	3.93757	17.2172
293	3.93757	17.2172
294	5.20793	16.7705
295	6.97061	16.9255
296	6.97061	16.9255
297	6.63992	17.0247
298	6.63992	17.0247
299	5.28655	17.9759
300	4.36095	19.5103
301	4.36095	19.5103
302	4.36095	19.5103
303	3.71698	20.3512
304	3.71698	20.3512
305	3.71698	20.3512
306	3.54721	20.5727
307	3.54721	20.5727
308	3.54721	20.5727
309	3.54721	20.5727
310	3.54721	20.5727
311	3.54721	20.5727
312	3.54721	20.5727
313	3.54721	20.5727
314	2.62901	19.5687
315	2.62901	19.5687
316	2.81448	20.9615
317	3.70498	19.845
318	3.70498	19.845
319	4.25163	20.2665
320	4.43922	20.0165
321	4.43922	20.0165
322	4.43922	20.0165
323	6.14574	20.0848
324	6.27329	19.7464
325	6.27329	19.7464
326	6.27329	19.7464
327	6.27329	19.7464
328	6.27329	19.7464
329	6.27329	19.7464
330	6.27329	19.7464
331	6.59912	18.8648
332	5.57704	18.6342
333	6.24351	20.2605
334	5.36349	20.8904
335	5.00443	22.4899
336	6.31417	22.6814
337	6.31417	22.6814
338	6.99007	22.4739
339	6.99007	22.4739
340	6.99007	22.4739
341	6.99007	22.4739
342	6.99007	22.4739
343	4.61107	23.5631
344	5.29259	22.5221
345	5.29259	22.5221
346	7.13176	22.5745
347	7.13176	22.5745
348	7.13176	22.5745
349	7.13176	22.5745
350	7.13176	22.5745
351	7.13176	22.5745
352	7.13176	22.5745
353	7.81908	23.1672
354	7.81908	23.1672
355	7.81908	23.1672
356	7.96526	22.7579
357	7.56112	21.4785
358	8.12317	21.0087
359	7.47594	20.5546
360	7.47594	20.5546
361	7.47594	20.5546
362	7.31282	19.8004
363	7.31282	19.8004
364	7.31282	19.8004
365	7.31282	19.8004
366	8.74444	21.2073
367	8.74444	21.2073
368	8.74444	21.2073
369	9.23253	22.8528
370	9.23253	22.8528
371	7.57385	23.4909
372	8.17596	24.1146
373	9.2921	24.396
374	9.2921	24.396
375	9.2921	24.396
376	9.2921	24.396
377	9.12197	24.5651
378	10.9618	23.8381
379	10.9618	23.8381
380	10.9618	23.8381
381	10.9618	23.8381
382	12.3036	23.8459
383	12.3036	23.8459
384	13.7495	24.1581
385	14.1718	24.8607
386	11.791	24.5771
387	10.3055	25.4463
388	10.4662	24.8167
389	11.0202	25.3893
390	11.0202	25.3893
391	11.0202	25.3893
392	12.6954	25.1137
393	10.8959	25.3078
394	10.8959	25.3078
395	10.1992	27.5216
396	11.2091	29.1385
397	11.2091	29.1385
398	12.599	29.5419
399	11.4004	30.9801
400	11.2618	32.1444
401	12.1681	33.0655
402	12.1681	33.0655
403	12.1681	33.0655
404	12.1681	33.0655
405	12.1681	33.0655
406	12.1681	33.0655
407	13.9477	32.3835
408	13.701	31.162
409	13.701	31.162
410	13.701	31.162
411	15.3141	31.0922
412	15.3141	31.0922
413	15.3141	31.0922
414	15.3141	31.0922
415	16.3849	29.4582
416	16.3849	29.4582
417	16.3849	29.4582
418	16.3849	29.4582
419	16.3849	29.4582
420	15.4392	29.2087
421	14.1306	29.1597
422	13.2144	29.4428
423	13.2144	29.4428
424	11.9946	26.9857
425	11.9946	26.9857
426	11.9946	26.9857
427	12.455	28.0181
428	11.8004	29.3437
429	11.8004	29.3437
430	11.8004	29.3437
431	12.4218	30.2306
432	13.4835	29.8347
433	14.3344	31.238
434	14.6244	31.3239
435	14.6244	31.3239
436	13.9268	30.9712
437	13.9268	30.9712
438	14.206	34.7798
439	14.206	34.7798
440	14.206	34.7798
441	15.851	34.1282
442	17.594	33.3522
443	17.594	33.3522
444	17.3061	32.4893
445	16.7591	32.3005
446	17.0191	31.5081
447	17.0191	31.5081
448	18.0661	32.1262
449	18.0661	32.1262
450	18.0661	32.1262
451	16.92	31.6596
452	15.7386	31.3161
453	14.8366	31.5181
454	14.8366	31.5181
455	14.8366	31.5181
456	14.8366	31.5181
457	14.1691	30.5566
458	13.944	28.534
459	13.944	28.534
460	12.7328	29.0799
461	14.1697	30.1093
462	14.1697	30.1093
463	14.1697	30.1093
464	12.8348	28.1465
465	12.8348	28.1465
466	12.6786	28.6331
467	12.4564	28.4151
468	12.4564	28.4151
469	12.4564	28.4151
470	12.4564	28.4151
471	11.032	28.5041
472	12.456	25.9488
473	12.456	25.9488
474	12.456	25.9488
475	12.456	25.9488
476	11.8844	25.945
477	11.8844	25.945
478	11.8844	25.945
479	11.8844	25.945
480	12.1264	24.1099
481	12.4687	23.4813
482	12.923	22.335
483	12.923	22.335
484	12.923	22.335
485	12.923	22.335
486	13.1701	21.7446
487	13.8936	23.1091
488	13.0317	22.0727
489	13.0317	22.0727
490	13.0317	22.0727
491	12.5577	22.3125
492	12.0211	22.8455
493	12.0211	22.8455
494	12.0223	23.5625
495	12.0464	23.6631
496	12.0464	23.6631
497	12.0464	23.6631
498	12.0464	23.6631
499	10.7946	23.7802
500	10.1952	25.7798
501	10.1952	25.7798
502	10.1952	25.7798
503	9.87016	26.6216
504	9.87016	26.6216
505	10.3003	27.7003
506	10.3003	27.7003
507	10.3003	27.7003
508	10.2886	28.8253
509	11.0117	30.1778
510	11.8251	31.5246
511	11.8251	31.5246
512	11.8251	31.5246
513	10.6097	32.1713
514	10.7833	33.5185
515	10.0018	35.4012
516	10.0018	35.4012
517	10.2164	34.6119
518	11.276	35.4928
519	11.6566	35.4883
520	11.8228	35.8458
521	11.7407	35.3749
522	10.8365	34.7791
523	10.8365	34.7791
524	10.383	34.3896
525	10.383	34.3896
526	9.69052	34.6753
527	10.5428	33.9773
528	10.5428	33.9773
529	10.5428	33.9773
530	10.8122	34.6443
531	11.6507	35.6932
532	10.0592	35.1704
533	10.0592	35.1704
534	10.0592	35.1704
535	8.60449	35.3519
536	8.60449	35.3519
537	7.93216	35.3811
538	7.72303	36.5924
539	8.3749	34.5556
540	8.08565	33.4149
541	7.03495	34.9811
542	7.03495	34.9811
543	7.84618	35.2891
544	7.84618	35.2891
545	8.49819	34.6981
546	8.49819	34.6981
547	8.49819	34.6981
548	7.41824	36.0691
549	7.55596	36.1579
550	7.00368	37.6443
551	7.00368	37.6443
552	7.00368	37.6443
553	8.39886	36.0002
554	8.39886	36.0002
555	7.3278	35.8381
556	7.3278	35.8381
557	6.06774	36.6781
558	4.8281	37.6457
559	4.8281	37.6457
560	5.78132	37.4278
561	5.78132	37.4278
562	5.53054	38.9663
563	5.53054	38.9663
564	5.53054	38.9663
565	5.32676	38.4412
566	5.32676	38.4412
567	5.32676	38.4412
568	4.52298	39.8768
569	4.81625	39.1952
570	4.13162	39.2258
571	4.13162	39.2258
572	5.27071	40.0836
573	4.04411	41.723
574	5.24628	41.9268
575	5.24628	41.9268
576	5.24628	41.9268
577	5.24628	41.9268
578	4.96741	41.882
579	4.96741	41.882
580	4.96741	41.882
581	4.60174	44.2808
582	5.36737	44.5621
583	5.29719	44.3341
584	3.59614	43.8836
585	2.76568	42.7541
586	2.76568	42.7541
587	2.76568	42.7541
588	3.1878	41.7033
589	3.78579	41.9241
590	5.27398	40.6486
591	5.27398	40.6486
592	6.84197	41.633
593	6.84197	41.633
594	6.84197	41.633
595	6.93091	42.2865
596	5.66619	41.8753
597	5.74115	41.9675
598	6.02573	40.4187
599	6.02573	40.4187
600	6.02573	40.4187
601	6.67325	39.4796
602	6.67325	39.4796
603	7.00055	38.4386
604	7.00055	38.4386
605	6.44226	37.7711
606	4.76868	37.6588
607	4.76868	37.6588
608	5.51996	39.8437
609	5.51996	39.8437
610	5.51996	39.8437
611	5.7726	37.9113
612	5.7726	37.9113
613	4.42311	36.5079
614	5.63611	36.093
615	5.63611	36.093
616	6.52258	35.9723
617	6.49422	37.2628
618	6.49422	37.2628
619	4.57463	36.3116
620	4.57463	36.3116
621	4.20983	36.2879
622	4.20983	36.2879
623	4.20983	36.2879
624	2.95737	36.9508
625	2.95737	36.9508
626	3.7	36.9638
627	3.03368	37.4093
628	2.645	37.8786
629	2.645	37.8786
630	3.14811	38.2375
631	3.14811	38.2375
632	4.3116	37.9254
633	4.3116	37.9254
634	4.4705	38.8828
635	5.52582	38.6924
636	5.72137	40.5128
637	5.72137	40.5128
638	5.72137	40.5128
639	5.72137	40.5128
640	4.46106	40.5393
641	5.15072	40.5672
642	2.65014	39.285
643	3.95642	38.7003
644	3.95642	38.7003
645	3.95642	38.7003
646	3.95642	38.7003
647	3.062	38.7043
648	4.34908	37.7837
649	4.34908	37.7837
650	4.34908	37.7837
651	4.21716	38.0936
652	4.21716	38.0936
653	3.81721	38.073
654	3.81721	38.073
655	3.81721	38.073
656	5.09873	38.3221
657	5.22035	36.3154
658	5.22035	36.3154
659	6.20203	37.2701
660	6.20203	37.2701
661	6.20203	37.2701
662	6.20203	37.2701
663	7.28928	36.2857
664	7.31177	36.7312
665	7.35821	36.5922
666	7.35821	36.5922
667	7.35821	36.5922
668	5.99289	36.6817
669	5.99289	36.6817
670	7.05879	36.2693
671	6.52068	37.8218
672	6.68688	37.1705
673	6.73867	37.815
674	5.08213	37.2312
675	6.11612	37.3665
676	5.57559	36.4946
677	5.0901	35.2832
678	4.32044	35.3903
679	4.32044	35.3903
680	5.25462	36.0685
681	5.25462	36.0685
682	5.25462	36.0685
683	5.51981	37.0072
684	5.51981	37.0072
685	5.51981	37.0072
686	4.42873	35.7186
687	4.69011	34.1322
688	4.97441	34.5216
689	4.29687	34.5067
690	3.81408	36.0639
691	3.81408	36.0639
692	4.21696	35.0461
693	3.82886	35.9759
694	3.82886	35.9759
695	3.82886	35.9759
696	3.82886	35.9759
697	3.82886	35.9759
698	5.60407	36.9494
699	5.60407	36.9494
700	4.63179	37.3041
701	4.93273	35.941
702	5.27967	33.7423
703	5.97237	33.9804
704	6.34863	34.4147
705	6.474	35.2844
706	6.474	35.2844
707	6.12259	34.8382
708	6.12259	34.8382
709	6.52972	34.5585
710	6.52972	34.5585
711	7.63905	34.8706
712	7.63905	34.8706
713	7.81806	33.8079
714	7.81806	33.8079
715	6.34519	34.3842
716	9.3533	34.7575
717	7.7766	34.9318
718	8.46882	35.9775
719	8.46882	35.9775
720	8.46882	35.9775
721	8.75037	35.7595
722	8.75037	35.7595
723	8.75037	35.7595
724	8.75037	35.7595
725	8.75037	35.7595
726	7.91979	37.1734
727	7.7295	37.2785
728	7.94672	38.5307
729	7.94672	38.5307
730	8.24324	38.6342
731	8.24324	38.6342
732	8.24324	38.6342
733	8.24324	38.6342
734	8.24324	38.6342
735	8.24324	38.6342
736	7.05538	39.3346
737	6.29298	39.11
738	6.29298	39.11
739	6.29298	39.11
740	5.39151	39.5225
741	7.07478	39.7301
742	9.10791	38.6693
743	9.0171	38.4684
744	9.24365	39.3472
745	9.24365	39.3472
746	8.34421	38.3975
747	8.34421	38.3975
748	8.34421	38.3975
749	8.67025	38.5353
750	8.67025	38.5353
751	7.60551	38.9758
752	7.60551	38.9758
753	7.74637	40.0767
754	7.57897	40.7594
755	8.48902	40.5535
756	8.33582	39.3698
757	8.87045	39.493
758	8.21278	39.3011
759	8.85654	40.7631
760	8.42392	40.7092
761	8.42392	40.7092
762	8.42392	40.7092
763	8.42392	40.7092
764	9.59551	39.9186
765	9.59551	39.9186
766	9.53918	41.2346
767	8.84706	38.8616
768	8.99611	38.9863
769	7.51709	37.5416
770	7.51709	37.5416
771	6.99455	37.5349
772	6.99455	37.5349
773	6.99455	37.5349
774	6.99455	37.5349
775	6.99455	37.5349
776	7.55655	37.2093
777	7.55655	37.2093
778	7.55655	37.2093
779	7.55655	37.2093
780	7.0265	37.6242
781	6.85918	37.3742
782	5.40703	39.2034
783	5.40703	39.2034
784	5.40703	39.2034
785	5.40703	39.2034
786	4.19326	37.7901
787	4.19326	37.7901
788	3.62647	37.6372
789	3.62647	37.6372
790	4.50907	38.3495
791	4.50907	38.3495
792	5.92178	38.6625
793	5.50347	36.4304
794	5.64345	38.7242
795	5.48886	37.3924
796	5.48886	37.3924
797	5.48886	37.3924
798	5.0566	35.9115
799	5.76194	35.5904
800	6.81447	36.4895
801	6.81447	36.4895
802	7.56636	36.1585
803	7.56636	36.1585
804	7.56636	36.1585
805	7.56636	36.1585
806	7.56636	36.1585
807	7.57004	35.1123
808	8.19579	34.201
809	7.91709	33.1081
810	8.2319	32.6869
811	8.2319	32.6869
812	8.20199	32.2356
813	8.20199	32.2356
814	6.44044	32.6217
815	6.44044	32.6217
816	6.44044	32.6217
817	6.44044	32.6217
818	6.44044	32.6217
819	6.44044	32.6217
820	6.44044	32.6217
821	7.87201	30.8019
822	7.87201	30.8019
823	7.01787	31.4858
824	8.0769	31.7511
825	8.0769	31.7511
826	8.0769	31.7511
827	6.9938	31.6211
828	6.33601	32.2357
829	6.33601	32.2357
830	5.24811	31.9382
831	5.10537	30.6283
832	7.00417	29.9749
833	7.80715	29.0699
834	7.42374	28.057
835	7.42374	28.057
836	7.42374	28.057
837	6.41784	26.6308
838	6.41784	26.6308
839	5.81185	27.3255
840	5.81185	27.3255
841	5.81185	27.3255
842	5.64933	28.5745
843	5.64933	28.5745
844	4.7059	29.0932
845	5.00477	30.0093
846	4.1046	29.7756
847	4.1046	29.7756
848	4.1046	29.7756
849	4.1046	29.7756
850	4.67531	29.3041
851	5.42595	28.2041
852	5.42595	28.2041
853	5.42595	28.2041
854	4.63748	28.3887
855	3.76794	26.4564
856	3.72846	26.9142
857	4.26717	26.9055
858	5.0077	27.4388
859	5.35489	28.5658
860	5.35489	28.5658
861	5.35489	28.5658
862	5.54711	29.7563
863	4.2205	29.3667
864	2.41248	28.822
865	2.41248	28.822
866	2.41248	28.822
867	2.41248	28.822
868	2.37698	28.5708
869	2.95502	28.6194
870	4.15514	28.1987
871	4.22173	27.2897
872	5.4524	28.4974
873	5.88819	29.2079
874	5.88819	29.2079
875	6.37039	29.9284
876	6.37039	29.9284
877	6.37039	29.9284
878	6.93454	31.8199
879	7.48336	32.749
880	7.48336	32.749
881	6.72673	33.5994
882	4.85895	33.7954
883	4.85895	33.7954
884	5.07089	34.272
885	4.46559	34.3875
886	5.11091	35.2322
887	5.11091	35.2322
888	5.79834	37.2084
889	5.79834	37.2084
890	7.10502	38.4053
891	6.78106	37.2398
892	6.78106	37.2398
893	6.78106	37.2398
894	6.78106	37.2398
895	5.38675	35.5083
896	5.38675	35.5083
897	4.84339	34.5884
898	4.08722	32.5839
899	4.08722	32.5839
900	4.08722	32.5839
901	4.87827	33.262
902	5.3704	33.9321
903	4.57809	32.8753
904	2.46496	32.9783
905	2.66125	33.9754
906	2.66125	33.9754
907	1.74222	33.7453
908	3.20674	35.0193
909	3.80505	37.0318
910	3.80505	37.0318
911	2.45182	37.4875
912	2.45182	37.4875
913	2.39025	36.7178
914	2.90755	36.3275
915	2.90755	36.3275
916	2.90755	36.3275
917	2.90755	36.3275
918	1.94243	33.5229
919	1.8087	34.3561
920	2.29245	35.3681
921	3.23783	34.4477
922	3.7935	35.509
923	4.8173	34.4626
924	3.67671	34.9237
925	3.67671	34.9237
926	3.67671	34.9237
927	3.67671	34.9237
928	2.92439	34.2852
929	2.92439	34.2852
930	3.79036	32.7602
931	4.27948	32.9614
932	4.27948	32.9614
933	4.27948	32.9614
934	4.27948	32.9614
935	5.1129	33.3099
936	4.70625	31.3937
937	4.88136	31.2741
938	6.38394	31.2222
939	6.94146	32.1797
940	6.94146	32.1797
941	7.4979	32.6015
942	8.78375	32.7857
943	9.49241	31.3911
944	9.49241	31.3911
945	9.306	32.0207
946	9.71301	30.626
947	9.71301	30.626
948	9.71301	30.626
949	8.97546	32.4171
950	9.10084	32.4095
951	9.10084	32.4095
952	10.3697	33.7755
953	11.2963	35.9652
954	11.2963	35.9652
955	11.8819	36.3906
956	12.1303	35.1074
957	12.1303	35.1074
958	12.1303	35.1074
959	12.4093	35.7596
960	13.7078	33.7038
961	15.8896	34.4984
962	15.8896	34.4984
963	15.8896	34.4984
964	15.3501	34.6931
965	15.1028	36.3704
966	15.001	36.3913
967	15.001	36.3913
968	15.001	36.3913
969	15.567	37.1455
970	15.567	37.1455
971	15.7593	38.2853
972	15.7593	38.2853
973	15.2754	37.4777
974	16.1663	37.5305
975	16.1663	37.5305
976	16.1663	37.5305
977	16.1663	37.5305
978	15.0237	38.8308
979	16.2609	38.6756
980	16.2609	38.6756
981	16.2609	38.6756
982	16.2609	38.6756
983	17.1229	40.3125
984	16.6862	41.1253
985	17.3421	40.1779
986	19.6743	42.3843
987	20.4315	40.5304
988	20.4315	40.5304
989	20.501	40.4966
990	20.501	40.4966
991	20.501	40.4966
992	19.6077	39.9537
993	19.3762	40.3404
994	19.1229	40.6811
995	20.4446	41.7406
996	20.4446	41.7406
997	17.9916	42.0304
998	16.3992	42.6423
999	16.3992	42.6423
