0		1	1	0.348753	0.490148	0	0
0		1	1	0.361606	0.403941	0	0
0		1	1	0.081555	0.475369	0.02	0.276744
0		1	1	0.346294	0.480296	0.02	0
0		1	1	0.271002	0.455665	0.02	0.0790698
0		1	1	0.346294	0.480296	0.02	0
0		1	1	0.345874	0.509852	0.02	0
0		1	1	0.346294	0.519704	0.02	0
0		1	1	0.0751956	0.477833	0.02	0.283721
0		1	1	0.209523	0.527094	0.02	0.139535
0		1	1	0.272853	0.522168	0.02	0.0744186
0		1	1	0.285433	0.593596	0.02	0.0767442
0		1	1	0.342452	0.70197	0.02	0.0697674
0		1	1	0.332046	0.687192	0.02	0.072093
0		1	1	0.310364	0.657635	0.02	0.0790698
0		1	1	0.323325	0.674877	0.02	0.0744186
0		1	1	0.251705	0.605911	0.02	0.118605
0		1	1	0.235529	0.586207	0.02	0.127907
0		1	1	0.121249	0.576355	0.02	0.25814
0		1	1	0.274183	0.655172	0.02	0.12093
0		1	1	0.272797	0.652709	0.02	0.12093
0		1	1	0.275852	0.667488	0.02	0.127907
0		1	1	0.254923	0.662562	0.02	0.151163
0		1	1	0.118339	0.598522	0.02	0.395349
0		1	1	0.172583	0.635468	0.04	0.238372
0		1	1	0.157626	0.58867	0.02	0.467442
0		1	1	0.172124	0.583744	0.02	0.488372
0		1	1	0.208767	0.527094	0.02	0.546512
0		1	1	0.345874	0.509852	0.02	0
0		1	1	0.345768	0.495074	0.02	0
0		1	1	0.291409	0.524631	0.02	0.055814
0		1	1	0.200982	0.495074	0.02	0.146512
0		1	1	0.102761	0.470443	0.02	0.253488
0		1	1	0.3549	0.433498	0	0
0		1	1	0.0721086	0.431034	0.04	0.35
0		1	1	0.36096	0.406404	0	0
0		1	1	0.117211	0.426108	0.04	0.254651
0		1	1	0.153607	0.401478	0.02	0.232558
0		1	1	0.297424	0.396552	0.02	0.0674419
0		1	1	0.211626	0.337438	0.02	0.213953
0		1	1	0.375994	0.352217	0.02	0
0		1	1	0.370435	0.366995	0.02	0
0		1	1	0.365389	0.381773	0.02	0
0		1	1	0.371397	0.371921	0	0
0		1	1	0.356923	0.41133	0.02	0
0		1	1	0.197992	0.386699	0.02	0.186047
0		1	1	0.0890909	0.445813	0.04	0.275581
0		1	1	0.0708137	0.465517	0.04	0.284884
0		1	1	0.0576823	0.480296	0.04	0.293023
0		1	1	0.0459601	0.495074	0.04	0.302326
0		1	1	0.053442	0.480296	0.02	0.313953
0		1	1	0.048905	0.509852	0.02	0.369767
0		1	1	0.124245	0.608374	0.02	0.297674
0		1	1	0.112402	0.598522	0.02	0.306977
0		1	1	0.0884718	0.578818	0.02	0.339535
0		1	1	0.104544	0.546798	0.02	0.427907
0		1	1	0.137345	0.564039	0.02	0.45814
0		1	1	0.134197	0.53202	0.02	0.467442
0		1	1	0.221586	0.519704	0.02	0.560465
0		1	1	0.0861353	0.583744	0.06	0.323256
0		1	1	0.286043	0.581281	0.02	0.072093
0		1	1	0.269608	0.603448	0.02	0.0976744
0		1	1	0.144997	0.566502	0.02	0.22093
0		1	1	0.3528	0.554187	0	0
0		1	1	0.365389	0.618227	0.02	0
0		1	1	0.377957	0.652709	0.02	0
0		1	1	0.370435	0.633005	0.02	0
0		1	1	0.325675	0.633005	0.02	0.0488372
0		1	1	0.221906	0.655172	0.04	0.186047
0		1	1	0.199696	0.618227	0.04	0.183721
0		1	1	0.161148	0.633005	0.04	0.254651
0		1	1	0.163995	0.625616	0.06	0.237984
0		1	1	0.148814	0.603448	0.06	0.236435
0		1	1	0.163095	0.623153	0.04	0.238372
0		1	1	0.120822	0.573892	0.02	0.430233
0		1	1	0.15893	0.554187	0.04	0.195349
0		1	1	0.0752078	0.539409	0.04	0.282558
0		1	1	0.0834522	0.507389	0.02	0.416279
0		1	1	0.0992188	0.482759	0.02	0.432558
0		1	1	0.350315	0.465517	0	0
0		1	1	0.349864	0.470443	0	0
0		1	1	0.358531	0.416256	0	0
0		1	1	0.351174	0.438424	0.02	0
0		1	1	0.354447	0.435961	0	0
0		1	1	0.345768	0.495074	0.02	0
0		1	1	0.24562	0.475369	0.02	0.102326
0		1	1	0.359114	0.413793	0	0
0		1	1	0.3528	0.445813	0	0
0		1	1	0.361606	0.403941	0	0
0		1	1	0.376749	0.357143	0	0
0		1	1	0.374085	0.357143	0.02	0
0		1	1	0.365389	0.381773	0.02	0
0		1	1	0.382597	0.342365	0	0
0		1	1	0.312409	0.35468	0.02	0.0697674
0		1	1	0.281888	0.376847	0.02	0.0930233
0		1	1	0.32778	0.366995	0.02	0.0465116
0		1	1	0.326935	0.349754	0.02	0.055814
0		1	1	0.207225	0.369458	0.04	0.183721
0		1	1	0.200627	0.381773	0.04	0.182558
0		1	1	0.196888	0.399015	0.04	0.175581
0		1	1	0.131231	0.399015	0.02	0.269767
0		1	1	0.142974	0.391626	0.04	0.252326
0		1	1	0.162393	0.371921	0.02	0.434884
0		1	1	0.184815	0.337438	0.02	0.265116
0		1	1	0.194575	0.337438	0.04	0.238372
0		1	1	0.175272	0.337438	0.04	0.405814
0		1	1	0.187969	0.332512	0.04	0.260465
0		1	1	0.228467	0.357143	0.06	0.165116
0		1	1	0.200566	0.381773	0.06	0.181395
0		1	1	0.19506	0.403941	0.06	0.173643
0		1	1	0.189216	0.465517	0.06	0.157364
0		1	1	0.193736	0.440887	0.06	0.158915
0		1	1	0.175741	0.418719	0.06	0.187597
0		1	1	0.14704	0.475369	0.06	0.19845
0		1	1	0.138472	0.465517	0.06	0.209302
0		1	1	0.135549	0.480296	0.06	0.209302
0		1	1	0.13876	0.5	0.06	0.204651
0		1	1	0.252391	0.475369	0.04	0.0930233
0		1	1	0.265953	0.559113	0.04	0.0848837
0		1	1	0.268217	0.564039	0.04	0.0837209
0		1	1	0.265953	0.559113	0.04	0.0848837
0		1	1	0.269659	0.58867	0.04	0.0895349
0		1	1	0.265567	0.586207	0.04	0.0930233
0		1	1	0.265567	0.586207	0.04	0.0930233
0		1	1	0.275698	0.608374	0.04	0.0906977
0		1	1	0.251917	0.551724	0.04	0.0976744
0		1	1	0.278685	0.615764	0.04	0.0906977
0		1	1	0.285057	0.628079	0.04	0.0895349
0		1	1	0.304082	0.662562	0.04	0.0872093
0		1	1	0.294216	0.64532	0.04	0.0883721
0		1	1	0.300197	0.655172	0.04	0.0872093
0		1	1	0.301477	0.657635	0.04	0.0872093
0		1	1	0.293007	0.642857	0.04	0.0883721
0		1	1	0.269817	0.598522	0.04	0.0930233
0		1	1	0.274632	0.608374	0.04	0.0918605
0		1	1	0.293007	0.642857	0.04	0.0883721
0		1	1	0.281835	0.623153	0.04	0.0906977
0		1	1	0.285057	0.628079	0.04	0.0895349
0		1	1	0.304082	0.662562	0.04	0.0872093
0		1	1	0.275973	0.642857	0.04	0.10814
0		1	1	0.2655	0.623153	0.02	0.111628
0		1	1	0.259014	0.613301	0.02	0.113953
0		1	1	0.264807	0.637931	0.02	0.12093
0		1	1	0.304208	0.687192	0.02	0.106977
0		1	1	0.256608	0.625616	0.02	0.123256
0		1	1	0.269344	0.642857	0.02	0.118605
0		1	1	0.271844	0.657635	0.02	0.125581
0		1	1	0.255116	0.637931	0.02	0.132558
0		1	1	0.276577	0.662562	0.02	0.123256
0		1	1	0.31154	0.706897	0.02	0.113953
0		1	1	0.31985	0.716749	0.02	0.111628
0		1	1	0.318186	0.714286	0.02	0.111628
0		1	1	0.287311	0.67734	0.02	0.12093
0		1	1	0.314833	0.711823	0.02	0.113953
0		1	1	0.357613	0.761084	0.02	0.102326
0		1	1	0.373753	0.780788	0.02	0.1
0		1	1	0.386454	0.795566	0.02	0.0976744
0		1	1	0.364868	0.770936	0.02	0.102326
0		1	1	0.320072	0.726601	0.02	0.12093
0		1	1	0.312059	0.714286	0.04	0.117442
0		1	1	0.196512	0.660098	0.06	0.229457
0		1	1	0.14038	0.598522	0.06	0.243412
0		1	1	0.192966	0.573892	0.04	0.166279
0		1	1	0.193039	0.591133	0.04	0.174419
0		1	1	0.0990439	0.568965	0.04	0.411628
0		1	1	0.134352	0.613301	0.04	0.412791
0		1	1	0.15896	0.64532	0.04	0.404651
0		1	1	0.242814	0.741379	0.06	0.369767
0		1	1	0.221616	0.719212	0.06	0.37597
0		1	1	0.149812	0.64532	0.08	0.373837
0		1	1	0.184462	0.637931	0.06	0.465891
0		1	1	0.201883	0.613301	0.08	0.509302
0		1	1	0.175253	0.573892	0.06	0.502326
0		1	1	0.0887926	0.583744	0.04	0.365116
0		1	1	0.109773	0.559113	0.04	0.433721
0		1	1	0.166673	0.605911	0.04	0.216279
0		1	1	0.147804	0.62069	0.04	0.260465
0		1	1	0.116549	0.578818	0.02	0.267442
0		1	1	0.0656464	0.561576	0.04	0.332558
0		1	1	0.160374	0.549261	0.02	0.490698
0		1	1	0.350081	0.53202	0	0
0		1	1	0.0782824	0.519704	0.02	0.27907
0		1	1	0.350834	0.460591	0	0
0		1	1	0.351422	0.455665	0	0
0		1	1	0.169309	0.470443	0.04	0.177907
0		1	1	0.351422	0.455665	0	0
0		1	1	0.349483	0.475369	0	0
0		1	1	0.350566	0.463054	0	0
0		1	1	0.0446328	0.485222	0.02	0.330233
0		1	1	0.0493572	0.485222	0.04	0.386047
0		1	1	0.117419	0.435961	0.02	0.253488
0		1	1	0.354447	0.435961	0	0
0		1	1	0.348564	0.455665	0.02	0
0		1	1	0.351422	0.455665	0	0
0		1	1	0.347702	0.463054	0.02	0
0		1	1	0.351119	0.458128	0	0
0		1	1	0.350344	0.44335	0.02	0
0		1	1	0.346294	0.480296	0.02	0
0		1	1	0.0821839	0.458128	0.04	0.275581
0		1	1	0.051943	0.480296	0.06	0.391472
0		1	1	0.0543882	0.490148	0.06	0.289923
0		1	1	0.10209	0.504926	0.02	0.437209
0		1	1	0.353035	0.571429	0.02	0
0		1	1	0.357824	0.598522	0.04	0
0		1	1	0.352545	0.568965	0.02	0
0		1	1	0.375994	0.647783	0.02	0
0		1	1	0.368695	0.628079	0.02	0
0		1	1	0.324004	0.652709	0.02	0.0604651
0		1	1	0.304714	0.650246	0.04	0.0790698
0		1	1	0.24101	0.623153	0.04	0.137209
0		1	1	0.188547	0.672414	0.04	0.269767
0		1	1	0.180285	0.679803	0.06	0.330233
0		1	1	0.260293	0.758621	0.06	0.313953
0		1	1	0.180736	0.672414	0.04	0.293023
0		1	1	0.222731	0.714286	0.04	0.286047
0		1	1	0.222423	0.716749	0.04	0.297674
0		1	1	0.210832	0.706897	0.04	0.30814
0		1	1	0.188496	0.682266	0.06	0.295349
0		1	1	0.20476	0.647783	0.04	0.483721
0		1	1	0.100678	0.598522	0.04	0.348837
0		1	1	0.145984	0.573892	0.02	0.462791
0		1	1	0.176475	0.623153	0.04	0.218605
0		1	1	0.179787	0.657635	0.04	0.259302
0		1	1	0.130748	0.628079	0.04	0.360465
0		1	1	0.132736	0.571429	0.04	0.453488
0		1	1	0.160996	0.593596	0.04	0.213953
0		1	1	0.364347	0.605911	0	0
0		1	1	0.198267	0.603448	0.02	0.17907
0		1	1	0.1458	0.618227	0.04	0.260465
0		1	1	0.36096	0.593596	0	0
0		1	1	0.36096	0.593596	0	0
0		1	1	0.136342	0.628079	0.04	0.301163
0		1	1	0.123457	0.615764	0.02	0.327907
0		1	1	0.18834	0.623153	0.04	0.202326
0		1	1	0.173367	0.665025	0.04	0.294186
0		1	1	0.268834	0.662562	0.04	0.130233
0		1	1	0.174386	0.615764	0.08	0.214535
0		1	1	0.087344	0.576355	0.08	0.380814
0		1	1	0.0841725	0.573892	0.06	0.3031
0		1	1	0.102392	0.583744	0.06	0.284495
0		1	1	0.350751	0.559113	0.02	0
0		1	1	0.352077	0.549261	0	0
0		1	1	0.149076	0.55665	0.04	0.206977
0		1	1	0.230983	0.554187	0.04	0.119767
0		1	1	0.0728372	0.546798	0.06	0.287598
0		1	1	0.0627785	0.544335	0.02	0.362791
0		1	1	0.348927	0.514778	0	0
0		1	1	0.348927	0.485222	0	0
0		1	1	0.349483	0.475369	0	0
0		1	1	0.35401	0.438424	0	0
0		1	1	0.349225	0.450739	0.02	0
0		1	1	0.121134	0.403941	0.02	0.281395
0		1	1	0.371397	0.371921	0	0
0		1	1	0.373124	0.366995	0	0
0		1	1	0.374909	0.362069	0	0
0		1	1	0.195433	0.381773	0.02	0.193023
0		1	1	0.161729	0.376847	0.02	0.246512
0		1	1	0.366563	0.386699	0	0
0		1	1	0.139452	0.371921	0.02	0.381395
0		1	1	0.363639	0.396552	0	0
0		1	1	0.35401	0.438424	0	0
0		1	1	0.179552	0.470443	0.04	0.167442
0		1	1	0.182498	0.460591	0.02	0.169767
0		1	1	0.113364	0.472906	0.06	0.233333
0		1	1	0.14641	0.544335	0.06	0.203876
0		1	1	0.137905	0.591133	0.04	0.24186
0		1	1	0.095434	0.554187	0.04	0.267442
0		1	1	0.273587	0.583744	0.02	0.0860465
0		1	1	0.253514	0.58867	0.02	0.109302
0		1	1	0.197575	0.536946	0.02	0.153488
0		1	1	0.0512284	0.541872	0.04	0.365116
0		1	1	0.138943	0.524631	0.04	0.20814
0		1	1	0.0810341	0.549261	0.06	0.27907
0		1	1	0.0799363	0.485222	0.04	0.267442
0		1	1	0.0791754	0.480296	0.04	0.417442
0		1	1	0.123477	0.492611	0.06	0.466667
0		1	1	0.0637583	0.450739	0.02	0.337209
0		1	1	0.108058	0.433498	0.02	0.418605
0		1	1	0.218206	0.440887	0.02	0.137209
0		1	1	0.304352	0.490148	0.02	0.0418605
0		1	1	0.167256	0.470443	0.02	0.183721
0		1	1	0.142566	0.455665	0.02	0.213953
0		1	1	0.113485	0.5	0.02	0.237209
0		1	1	0.260135	0.53202	0.02	0.0883721
0		1	1	0.297112	0.596059	0.02	0.0651163
0		1	1	0.309251	0.618227	0.02	0.0604651
0		1	1	0.322526	0.640394	0.02	0.055814
0		1	1	0.279964	0.566502	0.02	0.0744186
0		1	1	0.280559	0.568965	0.02	0.0744186
0		1	1	0.301744	0.603448	0.02	0.0627907
0		1	1	0.320412	0.635468	0.02	0.055814
0		1	1	0.350672	0.682266	0.02	0.0465116
0		1	1	0.296325	0.593596	0.02	0.0651163
0		1	1	0.31138	0.618227	0.02	0.0581395
0		1	1	0.30562	0.608374	0.02	0.0604651
0		1	1	0.300091	0.598522	0.02	0.0627907
0		1	1	0.31138	0.618227	0.02	0.0581395
0		1	1	0.129012	0.524631	0.02	0.223256
0		1	1	0.0525685	0.5	0.02	0.309302
0		1	1	0.0797411	0.431034	0.02	0.34186
0		1	1	0.156571	0.389163	0.02	0.446512
0		1	1	0.106885	0.401478	0.02	0.332558
0		1	1	0.36096	0.406404	0	0
0		1	1	0.350751	0.440887	0.02	0
0		1	1	0.28387	0.435961	0.02	0.0697674
0		1	1	0.131841	0.376847	0.02	0.318605
0		1	1	0.134598	0.381773	0.02	0.293023
0		1	1	0.157233	0.41133	0.04	0.215116
0		1	1	0.217124	0.394089	0.02	0.15814
0		1	1	0.349581	0.448276	0.02	0
0		1	1	0.362268	0.401478	0	0
0		1	1	0.373124	0.366995	0	0
0		1	1	0.37769	0.35468	0	0
0		1	1	0.419861	0.26601	0	0
0		1	1	0.407922	0.288177	0	0
0		1	1	0.175985	0.337438	0.02	0.397674
0		1	1	0.400447	0.302956	0	0
0		1	1	0.375033	0.35468	0.02	0
0		1	1	0.324768	0.337438	0.02	0.0651163
0		1	1	0.214808	0.29803	0.02	0.404651
0		1	1	0.418493	0.268473	0	0
0		1	1	0.426846	0.253695	0	0
0		1	1	0.426846	0.253695	0	0
0		1	1	0.255146	0.256158	0.02	0.406977
0		1	1	0.443033	0.226601	0	0
0		1	1	0.439247	0.229064	0.02	0
0		1	1	0.463478	0.194581	0	0
0		1	1	0.463478	0.194581	0	0
0		1	1	0.470029	0.184729	0	0
0		1	1	0.480067	0.169951	0	0
0		1	1	0.49208	0.152709	0	0
0		1	1	0.484835	0.160099	0.02	0
0		1	1	0.337377	0.169951	0.02	0.286047
0		1	1	0.352201	0.150246	0.02	0.332558
0		1	1	0.497322	0.14532	0	0
0		1	1	0.375856	0.142857	0.02	0.453488
0		1	1	0.53171	0.0985222	0	0
0		1	1	0.518815	0.115764	0	0
0		1	1	0.406192	0.105911	0.02	0.253488
0		1	1	0.422692	0.160099	0.02	0.0953488
0		1	1	0.429454	0.115764	0.02	0.155814
0		1	1	0.402138	0.162562	0.04	0.125581
0		1	1	0.367408	0.184729	0.04	0.155814
0		1	1	0.37106	0.160099	0.06	0.194574
0		1	1	0.314792	0.199507	0.06	0.249612
0		1	1	0.322053	0.189655	0.06	0.257365
0		1	1	0.334745	0.174877	0.04	0.266279
0		1	1	0.302891	0.20936	0.06	0.25814
0		1	1	0.29464	0.224138	0.08	0.24186
0		1	1	0.24225	0.268473	0.08	0.275
0		1	1	0.283021	0.26601	0.1	0.189302
0		1	1	0.284637	0.243842	0.08	0.22093
0		1	1	0.256209	0.253695	0.06	0.272867
0		1	1	0.44609	0.221675	0	0
0		1	1	0.453876	0.20936	0	0
0		1	1	0.466739	0.189655	0	0
0		1	1	0.473347	0.179803	0	0
0		1	1	0.460247	0.199507	0	0
0		1	1	0.457046	0.204434	0	0
0		1	1	0.463478	0.194581	0	0
0		1	1	0.334312	0.253695	0.02	0.12093
0		1	1	0.304754	0.293103	0.02	0.123256
0		1	1	0.276035	0.293103	0.02	0.165116
0		1	1	0.226078	0.280788	0.04	0.29186
0		1	1	0.281832	0.253695	0.02	0.474419
0		1	1	0.317469	0.219212	0.02	0.486047
0		1	1	0.275883	0.23399	0.02	0.404651
0		1	1	0.260126	0.263547	0.02	0.444186
0		1	1	0.455457	0.206897	0	0
0		1	1	0.448513	0.214286	0.02	0
0		1	1	0.455457	0.206897	0	0
0		1	1	0.37865	0.243842	0.02	0.0674419
0		1	1	0.380761	0.253695	0.02	0.055814
0		1	1	0.348388	0.263547	0.02	0.0906977
0		1	1	0.344313	0.29803	0.02	0.0674419
0		1	1	0.329139	0.258621	0.02	0.123256
0		1	1	0.266048	0.268473	0.02	0.218605
0		1	1	0.273537	0.23399	0.02	0.393023
0		1	1	0.341666	0.192118	0.02	0.486047
0		1	1	0.376395	0.278325	0.02	0.0418605
0		1	1	0.209603	0.317734	0.04	0.24186
0		1	1	0.187411	0.337438	0.04	0.252326
0		1	1	0.215024	0.293103	0.04	0.288372
0		1	1	0.167366	0.352217	0.04	0.267442
0		1	1	0.169133	0.332512	0.04	0.355814
0		1	1	0.155818	0.347291	0.04	0.319767
0		1	1	0.179202	0.327586	0.04	0.298837
0		1	1	0.257467	0.273399	0.02	0.227907
0		1	1	0.214794	0.288177	0.04	0.313953
0		1	1	0.246489	0.268473	0.04	0.425581
0		1	1	0.241092	0.263547	0.02	0.318605
0		1	1	0.241014	0.263547	0.02	0.367442
0		1	1	0.213611	0.288177	0.04	0.324419
0		1	1	0.227974	0.285714	0.04	0.418605
0		1	1	0.275398	0.261084	0.02	0.474419
0		1	1	0.212971	0.302956	0.04	0.265116
0		1	1	0.175135	0.342365	0.04	0.269767
0		1	1	0.294341	0.307882	0.02	0.562791
0		1	1	0.189199	0.315271	0.04	0.37907
0		1	1	0.314876	0.246305	0.02	0.525581
0		1	1	0.450737	0.214286	0	0
0		1	1	0.480067	0.169951	0	0
0		1	1	0.457046	0.204434	0	0
0		1	1	0.471685	0.182266	0	0
0		1	1	0.470029	0.184729	0	0
0		1	1	0.445391	0.219212	0.02	0
0		1	1	0.334629	0.236453	0.06	0.137209
0		1	1	0.463478	0.194581	0	0
0		1	1	0.486893	0.160099	0	0
0		1	1	0.3613	0.189655	0.02	0.162791
0		1	1	0.342461	0.172414	0.02	0.434884
0		1	1	0.421592	0.179803	0.02	0.072093
0		1	1	0.466241	0.187192	0.02	0
0		1	1	0.46956	0.182266	0.02	0
0		1	1	0.476282	0.172414	0.02	0
0		1	1	0.375256	0.165025	0.02	0.17907
0		1	1	0.345936	0.160099	0.02	0.293023
0		1	1	0.390071	0.140394	0.02	0.197674
0		1	1	0.518815	0.115764	0	0
0		1	1	0.509762	0.128079	0	0
0		1	1	0.515178	0.12069	0	0
0		1	1	0.533573	0.0960591	0	0
0		1	1	0.528001	0.103448	0	0
0		1	1	0.399208	0.105911	0.02	0.393023
0		1	1	0.396889	0.105911	0.02	0.318605
0		1	1	0.395072	0.108374	0.02	0.376744
0		1	1	0.37838	0.133005	0.04	0.253488
0		1	1	0.367433	0.147783	0.04	0.240698
0		1	1	0.404526	0.0960591	0.04	0.334884
0		1	1	0.418622	0.0837438	0.02	0.362791
0		1	1	0.550545	0.0738916	0	0
0		1	1	0.563995	0.0566502	0	0
0		1	1	0.567876	0.0517241	0	0
0		1	1	0.558343	0.0615764	0.02	0
0		1	1	0.569822	0.0492611	0	0
0		1	1	0.524249	0.105911	0.02	0
0		1	1	0.539218	0.0862069	0.02	0
0		1	1	0.47932	0.0862069	0.04	0.102326
0		1	1	0.48945	0.100985	0.02	0.0627907
0		1	1	0.418779	0.140394	0.02	0.132558
0		1	1	0.399911	0.155172	0.04	0.14186
0		1	1	0.392841	0.115764	0.02	0.272093
0		1	1	0.426475	0.100985	0.04	0.194186
0		1	1	0.415793	0.135468	0.06	0.143411
0		1	1	0.433756	0.0738916	0.02	0.413953
0		1	1	0.544846	0.0812808	0	0
0		1	1	0.495307	0.14532	0.02	0
0		1	1	0.484835	0.160099	0.02	0
0		1	1	0.483111	0.162562	0.02	0
0		1	1	0.372824	0.147783	0.02	0.227907
0		1	1	0.369642	0.137931	0.04	0.415116
0		1	1	0.511561	0.125616	0	0
0		1	1	0.526153	0.105911	0	0
0		1	1	0.395977	0.110837	0.02	0.404651
0		1	1	0.411315	0.100985	0.02	0.434884
0		1	1	0.544846	0.0812808	0	0
0		1	1	0.53733	0.0886699	0.02	0
0		1	1	0.53544	0.0935961	0	0
0		1	1	0.527962	0.100985	0.02	0
0		1	1	0.478451	0.0886699	0.02	0.102326
0		1	1	0.544846	0.0812808	0	0
0		1	1	0.539218	0.0862069	0.02	0
0		1	1	0.548641	0.0763547	0	0
0		1	1	0.562061	0.0591133	0	0
0		1	1	0.546741	0.0788177	0	0
0		1	1	0.554367	0.0689655	0	0
0		1	1	0.527962	0.100985	0.02	0
0		1	1	0.524249	0.105911	0.02	0
0		1	1	0.477691	0.12069	0.02	0.055814
0		1	1	0.468045	0.140394	0.02	0.0465116
0		1	1	0.390583	0.206897	0.02	0.0883721
0		1	1	0.386007	0.165025	0.02	0.155814
0		1	1	0.381266	0.189655	0.02	0.125581
0		1	1	0.377404	0.199507	0.02	0.118605
0		1	1	0.356861	0.251232	0.02	0.0906977
0		1	1	0.360765	0.238916	0.02	0.0976744
0		1	1	0.361872	0.194581	0.02	0.153488
0		1	1	0.326587	0.194581	0.02	0.234884
0		1	1	0.324028	0.179803	0.02	0.313953
0		1	1	0.32322	0.194581	0.04	0.239535
0		1	1	0.339515	0.174877	0.04	0.247674
0		1	1	0.326075	0.17734	0.02	0.318605
0		1	1	0.302377	0.20197	0.02	0.311628
0		1	1	0.300205	0.204434	0.02	0.309302
0		1	1	0.306249	0.197044	0.02	0.323256
0		1	1	0.359041	0.219212	0.02	0.123256
0		1	1	0.311294	0.20936	0.04	0.233721
0		1	1	0.324382	0.189655	0.04	0.251163
0		1	1	0.438254	0.140394	0.02	0.590698
0		1	1	0.490344	0.155172	0	0
0		1	1	0.502409	0.135468	0.02	0
0		1	1	0.464349	0.100985	0.02	0.109302
0		1	1	0.54107	0.0862069	0	0
0		1	1	0.516884	0.115764	0.02	0
0		1	1	0.440848	0.167488	0.04	0.0546512
0		1	1	0.45021	0.155172	0.04	0.0546512
0		1	1	0.456399	0.110837	0.04	0.105814
0		1	1	0.433389	0.0862069	0.02	0.22093
0		1	1	0.524249	0.105911	0.02	0
0		1	1	0.537312	0.091133	0	0
0		1	1	0.417682	0.1133	0.02	0.190698
0		1	1	0.53544	0.0935961	0	0
0		1	1	0.556284	0.0665025	0	0
0		1	1	0.563995	0.0566502	0	0
0		1	1	0.478155	0.0960591	0.02	0.0906977
0		1	1	0.533573	0.0960591	0	0
0		1	1	0.546741	0.0788177	0	0
0		1	1	0.579613	0.0369458	0	0
0		1	1	0.601479	0.00985222	0	0
0		1	1	0.607515	0.00246305	0	0
0		1	1	0.603487	0.00738916	0	0
0		1	1	0.619676	-0.0123153	0	0
0		1	1	0.631949	-0.0270936	0	0
0		1	1	0.634005	-0.0295567	0	0
0		1	1	0.552864	-0.00246305	0.02	0.116279
0		1	1	0.511105	0.0320197	0.02	0.14186
0		1	1	0.533749	0.00738916	0.02	0.14186
0		1	1	0.519264	-0.00985222	0.02	0.253488
0		1	1	0.648475	-0.046798	0	0
0		1	1	0.654717	-0.0541872	0	0
0		1	1	0.630364	-0.0270936	0.02	0
0		1	1	0.640189	-0.0369458	0	0
0		1	1	0.54745	-0.0394089	0.02	0.427907
0		1	1	0.640189	-0.0369458	0	0
0		1	1	0.578717	-0.046798	0.02	0.15814
0		1	1	0.523819	-0.0221675	0.04	0.306977
0		1	1	0.623755	-0.0172414	0	0
0		1	1	0.646399	-0.044335	0	0
0		1	1	0.665174	-0.0665025	0	0
0		1	1	0.655279	-0.0566502	0.02	0
0		1	1	0.665174	-0.0665025	0	0
0		1	1	0.665174	-0.0665025	0	0
0		1	1	0.677804	-0.0812808	0	0
0		1	1	0.686272	-0.091133	0	0
0		1	1	0.69052	-0.0960591	0	0
0		1	1	0.589792	-0.0812808	0.02	0.434884
0		1	1	0.673585	-0.0763547	0	0
0		1	1	0.688395	-0.0935961	0	0
0		1	1	0.665174	-0.0665025	0	0
0		1	1	0.648475	-0.046798	0	0
0		1	1	0.52885	-0.0221675	0.02	0.269767
0		1	1	0.544889	-0.0394089	0.02	0.409302
0		1	1	0.568996	-0.0221675	0.02	0.12093
0		1	1	0.569201	-0.00492611	0.02	0.0837209
0		1	1	0.571484	-0.00985222	0.02	0.0883721
0		1	1	0.644327	-0.0418719	0	0
0		1	1	0.557234	-0.0123153	0.02	0.127907
0		1	1	0.558503	-0.0541872	0.02	0.4
0		1	1	0.528797	-0.0123153	0.04	0.213953
0		1	1	0.5592	-0.046798	0.02	0.453488
0		1	1	0.654717	-0.0541872	0	0
0		1	1	0.642257	-0.0394089	0	0
0		1	1	0.665174	-0.0665025	0	0
0		1	1	0.686272	-0.091133	0	0
0		1	1	0.616214	-0.0714286	0.02	0.116279
0		1	1	0.561399	-0.0591133	0.02	0.374419
0		1	1	0.660984	-0.0615764	0	0
0		1	1	0.69052	-0.0960591	0	0
0		1	1	0.69052	-0.0960591	0	0
0		1	1	0.684152	-0.0886699	0	0
0		1	1	0.674212	-0.0788177	0.02	0
0		1	1	0.672098	-0.0763547	0.02	0
0		1	1	0.686272	-0.091133	0	0
0		1	1	0.694777	-0.100985	0	0
0		1	1	0.694777	-0.100985	0	0
0		1	1	0.733464	-0.14532	0	0
0		1	1	0.737802	-0.150246	0	0
0		1	1	0.748678	-0.162562	0	0
0		1	1	0.733464	-0.14532	0	0
0		1	1	0.729134	-0.140394	0	0
0		1	1	0.729134	-0.140394	0	0
0		1	1	0.766171	-0.182266	0	0
0		1	1	0.772759	-0.189655	0	0
0		1	1	0.759599	-0.174877	0	0
0		1	1	0.768365	-0.184729	0	0
0		1	1	0.774958	-0.192118	0	0
0		1	1	0.777158	-0.194581	0	0
0		1	1	0.801465	-0.221675	0	0
0		1	1	0.785976	-0.204434	0	0
0		1	1	0.784703	-0.204434	0.02	0
0		1	1	0.797032	-0.216749	0	0
0		1	1	0.691259	-0.189655	0.02	0.318605
0		1	1	0.803684	-0.224138	0	0
0		1	1	0.766773	-0.229064	0.02	0.109302
0		1	1	0.799248	-0.219212	0	0
0		1	1	0.801465	-0.221675	0	0
0		1	1	0.784703	-0.204434	0.02	0
0		1	1	0.722423	-0.219212	0.02	0.288372
0		1	1	0.790394	-0.20936	0	0
0		1	1	0.784703	-0.204434	0.02	0
0		1	1	0.758281	-0.174877	0.02	0
0		1	1	0.691969	-0.184729	0.02	0.434884
0		1	1	0.689644	-0.169951	0.04	0.505814
0		1	1	0.693302	-0.165025	0.04	0.538372
0		1	1	0.698682	-0.179803	0.04	0.503488
0		1	1	0.708834	-0.194581	0.02	0.47907
0		1	1	0.690141	-0.187192	0.02	0.393023
0		1	1	0.757411	-0.172414	0	0
0		1	1	0.672	-0.167488	0.02	0.276744
0		1	1	0.734272	-0.147783	0.02	0
0		1	1	0.661358	-0.12069	0.02	0.118605
0		1	1	0.645968	-0.091133	0.02	0.0860465
0		1	1	0.642054	-0.0837438	0.02	0.0790698
0		1	1	0.622502	-0.0763547	0.02	0.111628
0		1	1	0.609792	-0.0566502	0.02	0.0976744
0		1	1	0.611403	-0.0812808	0.02	0.15814
0		1	1	0.620213	-0.0960591	0.02	0.176744
0		1	1	0.60066	-0.0763547	0.02	0.17907
0		1	1	0.585704	-0.0541872	0.02	0.15814
0		1	1	0.566264	-0.0492611	0.02	0.211628
0		1	1	0.582186	-0.0788177	0.02	0.295349
0		1	1	0.61484	-0.1133	0.02	0.360465
0		1	1	0.613323	-0.110837	0.02	0.381395
0		1	1	0.598758	-0.0960591	0.02	0.383721
0		1	1	0.609937	-0.100985	0.02	0.439535
0		1	1	0.590157	-0.0812808	0.02	0.437209
0		1	1	0.616541	-0.091133	0.02	0.513953
0		1	1	0.703316	-0.110837	0	0
0		1	1	0.724811	-0.135468	0	0
0		1	1	0.733464	-0.14532	0	0
0		1	1	0.7465	-0.160099	0	0
0		1	1	0.757411	-0.172414	0	0
0		1	1	0.727761	-0.140394	0.02	0
0		1	1	0.69761	-0.105911	0.02	0
0		1	1	0.66962	-0.12069	0.02	0.0953488
0		1	1	0.68857	-0.123153	0.04	0.0511628
0		1	1	0.681715	-0.128079	0.02	0.0813953
0		1	1	0.722653	-0.133005	0	0
0		1	1	0.703316	-0.110837	0	0
0		1	1	0.716189	-0.125616	0	0
0		1	1	0.720496	-0.130542	0	0
0		1	1	0.71189	-0.12069	0	0
0		1	1	0.750859	-0.165025	0	0
0		1	1	0.742147	-0.155172	0	0
0		1	1	0.759599	-0.174877	0	0
0		1	1	0.770561	-0.187192	0	0
0		1	1	0.772759	-0.189655	0	0
0		1	1	0.812572	-0.23399	0	0
0		1	1	0.821482	-0.243842	0	0
0		1	1	0.814797	-0.236453	0	0
0		1	1	0.839366	-0.263547	0	0
0		1	1	0.839366	-0.263547	0	0
0		1	1	0.776804	-0.224138	0.02	0.0651163
0		1	1	0.750325	-0.243842	0.02	0.253488
0		1	1	0.754794	-0.243842	0.02	0.465116
0		1	1	0.789111	-0.270936	0.02	0.506977
0		1	1	0.86634	-0.293103	0	0
0		1	1	0.870852	-0.29803	0	0
0		1	1	0.886678	-0.315271	0	0
0		1	1	0.884414	-0.312808	0	0
0		1	1	0.869703	-0.29803	0.02	0
0		1	1	0.874225	-0.302956	0.02	0
0		1	1	0.84459	-0.29803	0.02	0.0697674
0		1	1	0.809558	-0.307882	0.02	0.376744
0		1	1	0.875368	-0.302956	0	0
0		1	1	0.884414	-0.312808	0	0
0		1	1	0.839598	-0.337438	0.02	0.388372
0		1	1	0.898015	-0.327586	0	0
0		1	1	0.874225	-0.302956	0.02	0
0		1	1	0.878752	-0.307882	0.02	0
0		1	1	0.895745	-0.325123	0	0
0		1	1	0.916206	-0.347291	0	0
0		1	1	0.920763	-0.352217	0	0
0		1	1	0.925325	-0.357143	0	0
0		1	1	0.898015	-0.327586	0	0
0		1	1	0.918484	-0.349754	0	0
0		1	1	0.929889	-0.362069	0	0
0		1	1	0.872368	-0.337438	0.02	0.102326
0		1	1	0.872368	-0.337438	0.02	0.102326
0		1	1	0.86489	-0.327586	0.02	0.0953488
0		1	1	0.901448	-0.332512	0.02	0
0		1	1	0.848429	-0.29803	0.02	0.0581395
0		1	1	0.850756	-0.302956	0.02	0.0651163
0		1	1	0.834649	-0.280788	0.02	0.0511628
0		1	1	0.853163	-0.307882	0.02	0.072093
0		1	1	0.806747	-0.263547	0.02	0.0860465
0		1	1	0.798161	-0.251232	0.02	0.0767442
0		1	1	0.816245	-0.275862	0.02	0.0930233
0		1	1	0.788864	-0.253695	0.02	0.113953
0		1	1	0.763368	-0.219212	0.02	0.0906977
0		1	1	0.755664	-0.20936	0.02	0.0860465
0		1	1	0.774332	-0.23399	0.02	0.1
0		1	1	0.742809	-0.221675	0.02	0.172093
0		1	1	0.745599	-0.23399	0.02	0.218605
0		1	1	0.769556	-0.26601	0.02	0.281395
0		1	1	0.744895	-0.238916	0.02	0.25814
0		1	1	0.740102	-0.238916	0.02	0.355814
0		1	1	0.76842	-0.251232	0.02	0.5
0		1	1	0.727064	-0.224138	0.04	0.281395
0		1	1	0.717087	-0.214286	0.04	0.403488
0		1	1	0.685484	-0.184729	0.04	0.368605
0		1	1	0.678398	-0.17734	0.04	0.375581
0		1	1	0.691644	-0.189655	0.04	0.39186
0		1	1	0.692456	-0.189655	0.04	0.402326
0		1	1	0.670639	-0.169951	0.04	0.366279
0		1	1	0.670438	-0.169951	0.04	0.359302
0		1	1	0.650559	-0.150246	0.04	0.340698
0		1	1	0.664018	-0.162562	0.04	0.382558
0		1	1	0.636954	-0.135468	0.02	0.360465
0		1	1	0.632039	-0.130542	0.02	0.360465
0		1	1	0.653614	-0.150246	0.04	0.280233
0		1	1	0.656102	-0.152709	0.04	0.406977
0		1	1	0.668245	-0.165025	0.04	0.405814
0		1	1	0.686076	-0.182266	0.04	0.412791
0		1	1	0.689514	-0.184729	0.02	0.413953
0		1	1	0.661665	-0.160099	0.02	0.365116
0		1	1	0.681033	-0.174877	0.04	0.432558
0		1	1	0.70186	-0.189655	0.02	0.467442
0		1	1	0.755225	-0.169951	0	0
0		1	1	0.742147	-0.155172	0	0
0		1	1	0.7465	-0.160099	0	0
0		1	1	0.657592	-0.135468	0.02	0.17907
0		1	1	0.652679	-0.123153	0.02	0.153488
0		1	1	0.636209	-0.091133	0.02	0.111628
0		1	1	0.631635	-0.0862069	0.02	0.111628
0		1	1	0.636209	-0.091133	0.02	0.111628
0		1	1	0.608888	-0.0763547	0.02	0.151163
0		1	1	0.616088	-0.0862069	0.02	0.15814
0		1	1	0.590557	-0.0615764	0.02	0.165116
0		1	1	0.583374	-0.0517241	0.02	0.15814
0		1	1	0.583374	-0.0517241	0.02	0.15814
0		1	1	0.582545	-0.0492611	0.02	0.153488
0		1	1	0.595243	-0.0665025	0.02	0.165116
0		1	1	0.593603	-0.0640394	0.02	0.162791
0		1	1	0.606024	-0.0812808	0.02	0.176744
0		1	1	0.598567	-0.0714286	0.02	0.169767
0		1	1	0.574714	-0.0492611	0.02	0.17907
0		1	1	0.571043	-0.0541872	0.02	0.211628
0		1	1	0.572904	-0.0566502	0.02	0.213953
0		1	1	0.540144	-0.0172414	0.02	0.193023
0		1	1	0.55307	-0.0344828	0.02	0.206977
0		1	1	0.550118	-0.0320197	0.02	0.209302
0		1	1	0.524065	0.00246305	0.02	0.183721
0		1	1	0.523371	-0.00492611	0.02	0.211628
0		1	1	0.553628	-0.0418719	0.02	0.237209
0		1	1	0.53289	-0.0123153	0.02	0.202326
0		1	1	0.51868	0.00738916	0.02	0.186047
0		1	1	0.537022	-0.0172414	0.02	0.204651
0		1	1	0.511608	-0.00246305	0.02	0.255814
0		1	1	0.498316	0.0147783	0.02	0.237209
0		1	1	0.487863	0.0221675	0.02	0.253488
0		1	1	0.487863	0.0221675	0.02	0.253488
0		1	1	0.485887	0.0246305	0.02	0.251163
0		1	1	0.476556	0.0320197	0.02	0.262791
0		1	1	0.519495	-0.0172414	0.02	0.316279
0		1	1	0.562735	-0.0541872	0.02	0.432558
0		1	1	0.605451	-0.0689655	0.02	0.546512
0		1	1	0.673585	-0.0763547	0	0
0		1	1	0.524795	-0.0172414	0.04	0.256977
0		1	1	0.663669	-0.0665025	0.02	0
0		1	1	0.669374	-0.0714286	0	0
0		1	1	0.665174	-0.0665025	0	0
0		1	1	0.669374	-0.0714286	0	0
0		1	1	0.660984	-0.0615764	0	0
0		1	1	0.673585	-0.0763547	0	0
0		1	1	0.552809	-0.0492611	0.02	0.295349
0		1	1	0.563001	-0.0615764	0.02	0.34186
0		1	1	0.584571	-0.0812808	0.02	0.390698
0		1	1	0.705457	-0.1133	0	0
0		1	1	0.701893	-0.110837	0.02	0
0		1	1	0.703316	-0.110837	0	0
0		1	1	0.686272	-0.091133	0	0
0		1	1	0.663669	-0.0665025	0.02	0
0		1	1	0.6511	-0.0517241	0.02	0
0		1	1	0.638625	-0.0369458	0.02	0
0		1	1	0.56573	-0.0270936	0.02	0.14186
0		1	1	0.547906	-0.0418719	0.02	0.413953
0		1	1	0.535354	-0.0320197	0.04	0.287209
0		1	1	0.518533	-0.0172414	0.04	0.312791
0		1	1	0.522554	-0.0221675	0.04	0.345349
0		1	1	0.520498	-0.00738916	0.04	0.22907
0		1	1	0.534688	0.0197044	0.04	0.109302
0		1	1	0.519292	0.0147783	0.02	0.162791
0		1	1	0.479473	0.0270936	0.02	0.411628
0		1	1	0.482718	0.0320197	0.04	0.226744
0		1	1	0.527066	-0.0246305	0.02	0.374419
0		1	1	0.508227	-0.00492611	0.04	0.397674
0		1	1	0.487117	0.0147783	0.04	0.381395
0		1	1	0.478478	0.0221675	0.04	0.35814
0		1	1	0.497654	0.00492611	0.02	0.374419
0		1	1	0.611556	-0.00246305	0	0
0		1	1	0.53132	-0.0172414	0.02	0.45814
0		1	1	0.549417	-0.046798	0.02	0.37907
0		1	1	0.566305	-0.0221675	0.02	0.127907
0		1	1	0.53881	-0.0123153	0.02	0.181395
0		1	1	0.561786	-0.0541872	0.02	0.260465
0		1	1	0.527924	-0.0221675	0.02	0.276744
0		1	1	0.535702	-0.00985222	0.04	0.180233
0		1	1	0.50192	0.00985222	0.04	0.237209
0		1	1	0.492304	0.0197044	0.04	0.237209
0		1	1	0.471056	0.0369458	0.04	0.259302
0		1	1	0.452987	0.0517241	0.04	0.281395
0		1	1	0.476043	0.0246305	0.04	0.327907
0		1	1	0.472591	0.0295567	0.04	0.383721
0		1	1	0.490576	0.0172414	0.02	0.42093
0		1	1	0.52977	0.00246305	0.02	0.52093
0		1	1	0.520403	-0.0123153	0.02	0.425581
0		1	1	0.541017	-0.0246305	0.04	0.212791
0		1	1	0.601828	0.00738916	0.02	0
0		1	1	0.555766	-0.00246305	0.02	0.109302
0		1	1	0.557742	-0.00246305	0.02	0.104651
0		1	1	0.538248	0.00738916	0.02	0.130233
0		1	1	0.518488	0.0147783	0.02	0.165116
0		1	1	0.498381	0.0320197	0.02	0.176744
0		1	1	0.483101	0.0369458	0.02	0.211628
0		1	1	0.470562	0.0320197	0.02	0.372093
0		1	1	0.480661	0.0221675	0.02	0.376744
0		1	1	0.446223	0.0615764	0.04	0.262791
0		1	1	0.391741	0.115764	0.04	0.269767
0		1	1	0.377257	0.130542	0.04	0.269767
0		1	1	0.343558	0.165025	0.04	0.269767
0		1	1	0.334217	0.174877	0.04	0.268605
0		1	1	0.34326	0.162562	0.04	0.283721
0		1	1	0.328957	0.17734	0.04	0.282558
0		1	1	0.33483	0.169951	0.04	0.290698
0		1	1	0.345995	0.155172	0.04	0.323256
0		1	1	0.362662	0.137931	0.04	0.348837
0		1	1	0.335629	0.165025	0.04	0.337209
0		1	1	0.34545	0.155172	0.04	0.348837
0		1	1	0.328708	0.184729	0.06	0.250388
0		1	1	0.33957	0.169951	0.06	0.263565
0		1	1	0.313218	0.199507	0.06	0.25504
0		1	1	0.289042	0.226601	0.06	0.249612
0		1	1	0.277969	0.236453	0.06	0.25504
0		1	1	0.24782	0.270936	0.06	0.248837
0		1	1	0.328319	0.238916	0.04	0.145349
0		1	1	0.327276	0.243842	0.04	0.140698
0		1	1	0.325633	0.248768	0.04	0.137209
0		1	1	0.283527	0.275862	0.04	0.17093
0		1	1	0.27928	0.273399	0.04	0.181395
0		1	1	0.283273	0.258621	0.04	0.196512
0		1	1	0.299735	0.224138	0.04	0.227907
0		1	1	0.317812	0.189655	0.04	0.277907
0		1	1	0.309471	0.194581	0.04	0.297674
0		1	1	0.316091	0.184729	0.04	0.332558
0		1	1	0.323721	0.194581	0.04	0.448837
0		1	1	0.344828	0.219212	0.02	0.539535
0		1	1	0.373027	0.204434	0.02	0.567442
0		1	1	0.394034	0.192118	0.02	0.586047
0		1	1	0.369862	0.174877	0.04	0.518605
0		1	1	0.380824	0.174877	0.04	0.540698
0		1	1	0.384685	0.133005	0.04	0.456977
0		1	1	0.463552	0.091133	0.02	0.55814
0		1	1	0.567876	0.0517241	0	0
0		1	1	0.595472	0.0172414	0	0
0		1	1	0.6055	0.00492611	0	0
0		1	1	0.562219	0.0566502	0.02	0
0		1	1	0.534547	0.046798	0.02	0.0627907
0		1	1	0.498234	0.110837	0.02	0.0348837
0		1	1	0.502091	0.105911	0.02	0.0348837
0		1	1	0.485984	0.130542	0.02	0.0302326
0		1	1	0.472727	0.150246	0.02	0.027907
0		1	1	0.445972	0.192118	0.02	0.0232558
0		1	1	0.434328	0.211823	0.02	0.0209302
0		1	1	0.386533	0.29803	0.02	0.0162791
0		1	1	0.385315	0.275862	0.02	0.0325581
0		1	1	0.409081	0.229064	0.02	0.0395349
0		1	1	0.438493	0.179803	0.02	0.0465116
0		1	1	0.454577	0.150246	0.02	0.055814
0		1	1	0.450403	0.123153	0.02	0.1
0		1	1	0.466091	0.091133	0.02	0.123256
0		1	1	0.477797	0.0665025	0.02	0.146512
0		1	1	0.435745	0.0763547	0.02	0.437209
0		1	1	0.449509	0.0714286	0.04	0.209302
0		1	1	0.465146	0.0591133	0.04	0.196512
0		1	1	0.575913	0.0394089	0.02	0
0		1	1	0.479809	0.0270936	0.02	0.413953
0		1	1	0.507759	-0.00246305	0.02	0.404651
0		1	1	0.611556	-0.00246305	0	0
0		1	1	0.601828	0.00738916	0.02	0
0		1	1	0.623755	-0.0172414	0	0
0		1	1	0.51946	-0.0123153	0.02	0.267442
0		1	1	0.611556	-0.00246305	0	0
0		1	1	0.629896	-0.0246305	0	0
0		1	1	0.638125	-0.0344828	0	0
0		1	1	0.557431	-0.0147783	0.02	0.553488
0		1	1	0.601479	0.00985222	0	0
0		1	1	0.599473	0.0123153	0	0
0		1	1	0.607515	0.00246305	0	0
0		1	1	0.625799	-0.0197044	0	0
0		1	1	0.646399	-0.044335	0	0
0		1	1	0.644327	-0.0418719	0	0
0		1	1	0.603846	0.00492611	0.02	0
0		1	1	0.62215	-0.0172414	0.02	0
0		1	1	0.640189	-0.0369458	0	0
0		1	1	0.665174	-0.0665025	0	0
0		1	1	0.648475	-0.046798	0	0
0		1	1	0.631949	-0.0270936	0	0
0		1	1	0.656804	-0.0566502	0	0
0		1	1	0.660984	-0.0615764	0	0
0		1	1	0.656804	-0.0566502	0	0
0		1	1	0.531713	-0.0270936	0.02	0.286047
0		1	1	0.533549	-0.0320197	0.02	0.348837
0		1	1	0.532993	-0.0270936	0.02	0.411628
0		1	1	0.665174	-0.0665025	0	0
0		1	1	0.559894	-0.0566502	0.02	0.388372
0		1	1	0.686272	-0.091133	0	0
0		1	1	0.699042	-0.105911	0	0
0		1	1	0.71189	-0.12069	0	0
0		1	1	0.720496	-0.130542	0	0
0		1	1	0.678446	-0.0837438	0.02	0
0		1	1	0.607944	-0.105911	0.02	0.313953
0		1	1	0.607539	-0.105911	0.02	0.362791
0		1	1	0.703316	-0.110837	0	0
0		1	1	0.69761	-0.105911	0.02	0
0		1	1	0.71189	-0.12069	0	0
0		1	1	0.718342	-0.128079	0	0
0		1	1	0.710484	-0.12069	0.02	0
0		1	1	0.729134	-0.140394	0	0
0		1	1	0.733464	-0.14532	0	0
0		1	1	0.731298	-0.142857	0	0
0		1	1	0.722653	-0.133005	0	0
0		1	1	0.742147	-0.155172	0	0
0		1	1	0.761788	-0.17734	0	0
0		1	1	0.681832	-0.179803	0.02	0.309302
0		1	1	0.699266	-0.155172	0.02	0.102326
0		1	1	0.701575	-0.157635	0.02	0.102326
0		1	1	0.666577	-0.150246	0.02	0.202326
0		1	1	0.668835	-0.162562	0.02	0.425581
0		1	1	0.675688	-0.162562	0.02	0.469767
0		1	1	0.768365	-0.184729	0	0
0		1	1	0.686193	-0.184729	0.02	0.323256
0		1	1	0.695973	-0.192118	0.02	0.404651
0		1	1	0.785976	-0.204434	0	0
0		1	1	0.785976	-0.204434	0	0
0		1	1	0.808125	-0.229064	0	0
0		1	1	0.725262	-0.219212	0.02	0.427907
0		1	1	0.797032	-0.216749	0	0
0		1	1	0.801465	-0.221675	0	0
0		1	1	0.814797	-0.236453	0	0
0		1	1	0.834887	-0.258621	0	0
0		1	1	0.824734	-0.248768	0.02	0
0		1	1	0.829209	-0.253695	0.02	0
0		1	1	0.829209	-0.253695	0.02	0
0		1	1	0.83265	-0.256158	0	0
0		1	1	0.749582	-0.241379	0.02	0.446512
0		1	1	0.747395	-0.224138	0.02	0.162791
0		1	1	0.740584	-0.238916	0.02	0.313953
0		1	1	0.745112	-0.243842	0.02	0.360465
0		1	1	0.750936	-0.23399	0.04	0.186047
0		1	1	0.84385	-0.268473	0	0
0		1	1	0.822498	-0.246305	0.02	0
0		1	1	0.819253	-0.241379	0	0
0		1	1	0.791277	-0.248768	0.02	0.0906977
0		1	1	0.837126	-0.261084	0	0
0		1	1	0.84385	-0.268473	0	0
0		1	1	0.852831	-0.278325	0	0
0		1	1	0.848338	-0.273399	0	0
0		1	1	0.850584	-0.275862	0	0
0		1	1	0.833689	-0.258621	0.02	0
0		1	1	0.79023	-0.253695	0.02	0.109302
0		1	1	0.782229	-0.229064	0.02	0.0627907
0		1	1	0.781398	-0.229064	0.02	0.0651163
0		1	1	0.774199	-0.216749	0.02	0.0534884
0		1	1	0.755092	-0.192118	0.02	0.044186
0		1	1	0.743458	-0.17734	0.02	0.0395349
0		1	1	0.737695	-0.169951	0.02	0.0372093
0		1	1	0.737695	-0.169951	0.02	0.0372093
0		1	1	0.737695	-0.169951	0.02	0.0372093
0		1	1	0.730726	-0.160099	0.02	0.0325581
0		1	1	0.700668	-0.123153	0.02	0.0255814
0		1	1	0.73643	-0.167488	0.02	0.0348837
0		1	1	0.718414	-0.14532	0.02	0.0302326
0		1	1	0.709344	-0.150246	0.02	0.0627907
0		1	1	0.732181	-0.179803	0.02	0.0744186
0		1	1	0.721122	-0.165025	0.02	0.0674419
0		1	1	0.683817	-0.140394	0.02	0.106977
0		1	1	0.671621	-0.137931	0.02	0.137209
0		1	1	0.674899	-0.142857	0.02	0.14186
0		1	1	0.676235	-0.147783	0.02	0.153488
0		1	1	0.667864	-0.135468	0.02	0.14186
0		1	1	0.684465	-0.179803	0.02	0.274419
0		1	1	0.697956	-0.17734	0.02	0.506977
0		1	1	0.7001	-0.184729	0.02	0.483721
0		1	1	0.749526	-0.165025	0.02	0
0		1	1	0.721267	-0.133005	0.02	0
0		1	1	0.738621	-0.152709	0.02	0
0		1	1	0.749526	-0.165025	0.02	0
0		1	1	0.688422	-0.184729	0.02	0.402326
0		1	1	0.66666	-0.165025	0.02	0.367442
0		1	1	0.762669	-0.179803	0.02	0
0		1	1	0.781564	-0.199507	0	0
0		1	1	0.721326	-0.169951	0.02	0.0790698
0		1	1	0.688484	-0.165025	0.02	0.169767
0		1	1	0.656438	-0.155172	0.02	0.351163
0		1	1	0.761788	-0.17734	0	0
0		1	1	0.720135	-0.174877	0.02	0.0953488
0		1	1	0.790394	-0.20936	0	0
0		1	1	0.794818	-0.214286	0	0
0		1	1	0.771463	-0.189655	0.02	0
0		1	1	0.729376	-0.184729	0.02	0.0953488
0		1	1	0.695868	-0.128079	0.02	0.0465116
0		1	1	0.694645	-0.125616	0.02	0.044186
0		1	1	0.713449	-0.152709	0.02	0.0581395
0		1	1	0.714803	-0.160099	0.02	0.072093
0		1	1	0.712132	-0.150246	0.02	0.055814
0		1	1	0.68342	-0.110837	0.02	0.0395349
0		1	1	0.670183	-0.0935961	0.02	0.0348837
0		1	1	0.676737	-0.100985	0.02	0.0348837
0		1	1	0.689934	-0.150246	0.02	0.116279
