0		1	2	0.352077	0.450739	0	0	4.28258
0		1	2	0.380594	0.347291	0	0	4.27454
0		1	2	0.373124	0.366995	0	0	4.27969
0		1	2	0.367012	0.376847	0.02	0	4.28475
0		1	2	0.166968	0.396552	0.02	0.218605	4.28027
0		1	2	0.147518	0.394089	0.02	0.248837	4.26864
0		1	2	0.19409	0.5	0.02	0.153488	4.14579
0		1	2	0.293614	0.549261	0.04	0.0546512	4.05558
0		1	2	0.201058	0.507389	0.02	0.146512	4.12682
0		1	2	0.203574	0.512315	0.02	0.144186	4.11866
0		1	2	0.18438	0.475369	0.02	0.165116	4.17485
0		1	2	0.154219	0.418719	0.02	0.218605	4.24734
0		1	2	0.174303	0.426108	0.02	0.190698	4.2003
0		1	2	0.119378	0.401478	0.02	0.397674	4.23761
0		1	2	0.176049	0.401478	0.02	0.483721	4.24839
0		1	2	0.196165	0.394089	0.06	0.178295	4.22972
0		1	2	0.114681	0.406404	0.04	0.280233	4.21479
0		1	2	0.186329	0.399015	0.06	0.186822	4.2224
0		1	2	0.159355	0.470443	0.06	0.186822	4.13981
0		1	2	0.160889	0.536946	0.06	0.186822	4.0296
0		1	2	0.15983	0.53202	0.06	0.186822	4.03823
0		1	2	0.159355	0.529557	0.06	0.186822	4.04252
0		1	2	0.170126	0.566502	0.06	0.186822	3.97721
0		1	2	0.193281	0.613301	0.06	0.186822	3.89314
0		1	2	0.187675	0.603448	0.06	0.186822	3.91087
0		1	2	0.177577	0.583744	0.06	0.186822	3.94631
0		1	2	0.173149	0.573892	0.06	0.186822	3.96414
0		1	2	0.177577	0.583744	0.06	0.186822	3.94647
0		1	2	0.172543	0.578818	0.06	0.189923	3.96061
0		1	2	0.165701	0.554187	0.06	0.186822	4.00931
0		1	2	0.179952	0.58867	0.06	0.186822	3.93454
0		1	2	0.173149	0.573892	0.06	0.186822	3.96103
0		1	2	0.175307	0.578818	0.06	0.186822	3.95221
0		1	2	0.191847	0.610837	0.06	0.186822	3.89472
0		1	2	0.208675	0.637931	0.06	0.186822	3.83993
0		1	2	0.23291	0.672414	0.06	0.186822	3.7783
0		1	2	0.257514	0.704434	0.06	0.186822	3.7218
0		1	2	0.279509	0.731527	0.06	0.186822	3.67466
0		1	2	0.24785	0.692118	0.06	0.186822	3.74343
0		1	2	0.263418	0.711823	0.06	0.186822	3.70887
0		1	2	0.251688	0.697044	0.06	0.186822	3.72724
0		1	2	0.259474	0.706897	0.06	0.186822	3.71059
0		1	2	0.279509	0.731527	0.06	0.186822	3.66773
0		1	2	0.227494	0.665025	0.06	0.186822	3.78465
0		1	2	0.23658	0.67734	0.06	0.186822	3.76273
0		1	2	0.233023	0.67734	0.06	0.192248	3.77022
0		1	2	0.216631	0.655172	0.06	0.192248	3.8097
0		1	2	0.229297	0.672414	0.06	0.192248	3.77896
0		1	2	0.221984	0.662562	0.06	0.192248	3.80067
0		1	2	0.214873	0.652709	0.06	0.192248	3.82258
0		1	2	0.207987	0.642857	0.06	0.192248	3.83352
0		1	2	0.207555	0.647783	0.06	0.197674	3.83165
0		1	2	0.185824	0.613301	0.06	0.196124	3.8986
0		1	2	0.189699	0.637931	0.06	0.213178	3.8584
0		1	2	0.241162	0.70197	0.06	0.211628	3.75265
0		1	2	0.243228	0.704434	0.06	0.211628	3.75497
0		1	2	0.199042	0.647783	0.06	0.210077	3.85996
0		1	2	0.197221	0.64532	0.06	0.210077	3.86431
0		1	2	0.195413	0.642857	0.06	0.210077	3.86867
0		1	2	0.167537	0.603448	0.06	0.211628	3.92639
0		1	2	0.174748	0.618227	0.06	0.214729	3.90753
0		1	2	0.181559	0.628079	0.06	0.214729	3.89002
0		1	2	0.159962	0.596059	0.06	0.215504	3.9469
0		1	2	0.124445	0.544335	0.06	0.227132	4.03765
0		1	2	0.0887351	0.527094	0.06	0.258914	4.07573
0		1	2	0.121013	0.603448	0.06	0.280621	3.94081
0		1	2	0.0795264	0.55665	0.06	0.287598	4.02256
0		1	2	0.109555	0.58867	0.06	0.27907	3.95208
0		1	2	0.0487439	0.529557	0.06	0.304651	4.05572
0		1	2	0.0214195	0.514778	0.06	0.327907	4.10364
0		1	2	0.0407494	0.509852	0.04	0.309302	4.12752
0		1	2	0.0377412	0.490148	0.06	0.379844	4.1947
0		1	2	0.1785	0.455665	0.02	0.511628	4.24346
0		1	2	0.0992714	0.470443	0.04	0.436047	4.25426
0		1	2	0.0992014	0.435961	0.02	0.27907	4.2579
0		1	2	0.102172	0.470443	0.04	0.247674	4.23415
0		1	2	0.138224	0.477833	0.06	0.206977	4.22042
0		1	2	0.151079	0.453202	0.04	0.201163	4.22737
0		1	2	0.146019	0.445813	0.08	0.209302	4.22692
0		1	2	0.0788215	0.421182	0.06	0.344186	4.23385
0		1	2	0.124919	0.376847	0.06	0.364342	4.22068
0		1	2	0.219924	0.320197	0.02	0.223256	4.23543
0		1	2	0.151292	0.359606	0.04	0.290698	4.17728
0		1	2	0.150469	0.376847	0.04	0.259302	4.11894
0		1	2	0.187357	0.371921	0.04	0.20814	4.14129
0		1	2	0.170549	0.396552	0.04	0.209302	4.09587
0		1	2	0.156359	0.406404	0.04	0.219767	4.0902
0		1	2	0.101605	0.406404	0.04	0.309302	4.12094
0		1	2	0.0916459	0.426108	0.04	0.293023	4.08008
0		1	2	0.0930226	0.423645	0.04	0.294186	4.08871
0		1	2	0.140771	0.401478	0.02	0.251163	4.13678
0		1	2	0.135763	0.396552	0.02	0.265116	4.16199
0		1	2	0.0998854	0.406404	0.06	0.308528	4.17961
0		1	2	0.117331	0.391626	0.06	0.298449	4.16322
0		1	2	0.0841725	0.426108	0.06	0.3031	4.12382
0		1	2	0.0819064	0.431034	0.06	0.299226	4.12014
0		1	2	0.104476	0.403941	0.06	0.384495	4.17829
0		1	2	0.106497	0.406404	0.08	0.390116	4.16963
0		1	2	0.122964	0.406404	0.1	0.274419	4.16402
0		1	2	0.16133	0.416256	0.08	0.206977	4.11682
0		1	2	0.105983	0.396552	0.08	0.331977	4.12112
0		1	2	0.0729474	0.445813	0.06	0.294574	4.04484
0		1	2	0.0729474	0.445813	0.06	0.294574	4.05083
0		1	2	0.101282	0.399015	0.06	0.335658	4.11896
0		1	2	0.0718406	0.435961	0.06	0.310853	4.0508
0		1	2	0.0451257	0.485222	0.06	0.300774	3.97621
0		1	2	0.0462662	0.480296	0.06	0.301551	3.98527
0		1	2	0.0573855	0.455665	0.06	0.306977	4.02686
0		1	2	0.0540064	0.524631	0.06	0.295349	3.90343
0		1	2	0.0786899	0.559113	0.06	0.291472	3.84094
0		1	2	0.0639691	0.539409	0.06	0.293023	3.87576
0		1	2	0.0868044	0.568965	0.06	0.290698	3.82209
0		1	2	0.122476	0.613301	0.06	0.2969	3.73284
0		1	2	0.160328	0.652709	0.06	0.294574	3.66219
0		1	2	0.201	0.694581	0.06	0.293023	3.58843
0		1	2	0.174682	0.667488	0.06	0.293798	3.63589
0		1	2	0.0860952	0.573892	0.06	0.299226	3.80422
0		1	2	0.148393	0.640394	0.06	0.295349	3.68246
0		1	2	0.174682	0.667488	0.06	0.293798	3.63167
0		1	2	0.165027	0.657635	0.06	0.294574	3.64906
0		1	2	0.13192	0.623153	0.06	0.296123	3.71056
0		1	2	0.169964	0.662562	0.06	0.293798	3.64015
0		1	2	0.237281	0.731527	0.06	0.291472	3.52077
0		1	2	0.266352	0.761084	0.06	0.290698	3.4712
0		1	2	0.290678	0.785714	0.06	0.289923	3.43068
0		1	2	0.239685	0.73399	0.06	0.291472	3.5166
0		1	2	0.319907	0.815271	0.06	0.289147	3.38302
0		1	2	0.310202	0.805419	0.06	0.289147	3.39879
0		1	2	0.354058	0.849754	0.06	0.288372	3.32877
0		1	2	0.393145	0.889163	0.06	0.287598	3.26856
0		1	2	0.383395	0.87931	0.06	0.287598	3.28343
0		1	2	0.378522	0.874384	0.06	0.287598	3.29091
0		1	2	0.383395	0.87931	0.06	0.287598	3.28343
0		1	2	0.402899	0.899015	0.06	0.287598	3.2538
0		1	2	0.46161	0.958128	0.06	0.286821	3.16772
0		1	2	0.50328	1	0.06	0.286047	3.10924
0		1	2	0.515347	1.01232	0.06	0.287598	3.09896
0		1	2	0.53004	1.02709	0.06	0.287598	3.07899
0		1	2	0.569322	1.0665	0.06	0.286821	3.02692
0		1	2	0.542289	1.03941	0.06	0.287598	3.06254
0		1	2	0.520244	1.01724	0.06	0.287598	3.09228
0		1	2	0.456169	0.953202	0.06	0.291472	3.1893
0		1	2	0.456169	0.953202	0.06	0.291472	3.1893
0		1	2	0.446382	0.94335	0.06	0.291472	3.20344
0		1	2	0.451275	0.948276	0.06	0.291472	3.19636
0		1	2	0.367893	0.864532	0.06	0.293798	3.32075
0		1	2	0.397297	0.894089	0.06	0.293023	3.27588
0		1	2	0.441399	0.938424	0.06	0.292249	3.21056
0		1	2	0.443845	0.940887	0.06	0.292249	3.21455
0		1	2	0.419389	0.916256	0.06	0.292249	3.25052
0		1	2	0.465958	0.963054	0.06	0.291472	3.18279
0		1	2	0.500322	0.997537	0.06	0.290698	3.13453
0		1	2	0.456169	0.953202	0.06	0.291472	3.19684
0		1	2	0.539603	1.03695	0.06	0.289923	3.08102
0		1	2	0.500322	0.997537	0.06	0.290698	3.13453
0		1	2	0.539603	1.03695	0.06	0.289923	3.08102
0		1	2	0.539603	1.03695	0.06	0.289923	3.08192
0		1	2	0.542054	1.03941	0.06	0.289923	3.07863
0		1	2	0.564118	1.06158	0.06	0.289923	3.04934
0		1	2	0.677181	1.17488	0.06	0.287598	2.90769
0		1	2	0.630486	1.12808	0.06	0.288372	2.9646
0		1	2	0.61815	1.11576	0.06	0.289147	2.97995
0		1	2	0.589397	1.08621	0.06	0.28217	3.01511
0		1	2	0.633584	1.13054	0.06	0.281395	2.95932
0		1	2	0.598813	1.09606	0.06	0.286047	3.01842
0		1	2	0.588932	1.08621	0.06	0.286821	3.03104
0		1	2	0.62824	1.12562	0.06	0.286047	2.98117
0		1	2	0.601265	1.09852	0.06	0.286047	3.01529
0		1	2	0.549639	1.0468	0.06	0.287598	3.08256
0		1	2	0.485799	0.982759	0.06	0.289147	3.1699
0		1	2	0.500572	0.997537	0.06	0.288372	3.14933
0		1	2	0.500572	0.997537	0.06	0.288372	3.14933
0		1	2	0.534939	1.03202	0.06	0.287598	3.10231
0		1	2	0.549963	1.0468	0.06	0.284495	3.07683
0		1	2	0.473835	0.970443	0.06	0.286821	3.18146
0		1	2	0.500833	0.997537	0.06	0.286047	3.14358
0		1	2	0.456721	0.953202	0.06	0.286821	3.20601
0		1	2	0.375859	0.871921	0.06	0.289147	3.32056
0		1	2	0.312232	0.807882	0.06	0.291472	3.42694
0		1	2	0.319031	0.815271	0.06	0.294574	3.42095
0		1	2	0.22545	0.721675	0.06	0.302326	3.58194
0		1	2	0.300248	0.79803	0.06	0.306977	3.46226
0		1	2	0.371327	0.869458	0.06	0.306202	3.34812
0		1	2	0.391012	0.889163	0.06	0.305426	3.31814
0		1	2	0.376229	0.874384	0.06	0.306202	3.34058
0		1	2	0.395915	0.894089	0.06	0.305426	3.31729
0		1	2	0.395915	0.894089	0.06	0.305426	3.31729
0		1	2	0.424181	0.923645	0.08	0.336047	3.2704
0		1	2	0.438952	0.938424	0.08	0.335465	3.24883
0		1	2	0.470909	0.970443	0.08	0.337209	3.19834
0		1	2	0.480732	0.980296	0.08	0.338953	3.18163
0		1	2	0.488121	0.987685	0.08	0.338372	3.17131
0		1	2	0.527503	1.02709	0.08	0.337791	3.11728
0		1	2	0.532464	1.03202	0.08	0.334884	3.11523
0		1	2	0.458606	0.958128	0.08	0.337209	3.21754
0		1	2	0.448765	0.948276	0.08	0.337209	3.23165
0		1	2	0.429075	0.928571	0.08	0.337791	3.26752
0		1	2	0.458606	0.958128	0.08	0.337209	3.21611
0		1	2	0.379857	0.87931	0.08	0.339535	3.33201
0		1	2	0.365095	0.864532	0.08	0.340116	3.35999
0		1	2	0.360177	0.859606	0.08	0.340116	3.36212
0		1	2	0.382317	0.881773	0.08	0.339535	3.32243
0		1	2	0.387819	0.884236	0.08	0.294767	3.3142
0		1	2	0.431919	0.928571	0.08	0.293605	3.24833
0		1	2	0.470987	0.96798	0.08	0.294186	3.20533
0		1	2	0.490629	0.987685	0.08	0.293605	3.17764
0		1	2	0.414544	0.91133	0.08	0.29593	3.2874
0		1	2	0.404587	0.899015	0.1	0.289767	3.31157
0		1	2	0.446049	0.940887	0.1	0.288837	3.24996
0		1	2	0.402096	0.896552	0.1	0.290233	3.31526
0		1	2	0.414307	0.908867	0.1	0.289767	3.31007
0		1	2	0.345541	0.839902	0.1	0.295814	3.42362
0		1	2	0.352004	0.844828	0.08	0.275581	3.41313
0		1	2	0.361537	0.844828	0.08	0.236628	3.41313
0		1	2	0.351976	0.834975	0.08	0.237209	3.4342
0		1	2	0.322697	0.817734	0.08	0.290698	3.46719
0		1	2	0.265235	0.761084	0.08	0.301163	3.56358
0		1	2	0.383014	0.87931	0.08	0.294186	3.38137
0		1	2	0.40024	0.896552	0.08	0.293023	3.35392
0		1	2	0.410004	0.906404	0.08	0.293023	3.34446
0		1	2	0.46654	0.963054	0.08	0.290116	3.26168
0		1	2	0.53084	1.02709	0.08	0.283721	3.17761
0		1	2	0.53084	1.02709	0.08	0.283721	3.18345
0		1	2	0.55446	1.04926	0.08	0.270349	3.15356
0		1	2	0.449131	0.94335	0.08	0.274419	3.30116
0		1	2	0.424649	0.918719	0.08	0.275581	3.33725
0		1	2	0.444269	0.938424	0.08	0.274419	3.30833
0		1	2	0.414843	0.908867	0.08	0.276163	3.35188
0		1	2	0.339478	0.825123	0.06	0.245737	3.47284
0		1	2	0.319046	0.805419	0.06	0.251163	3.51189
0		1	2	0.310658	0.810345	0.06	0.329458	3.49681
0		1	2	0.282249	0.780788	0.06	0.314728	3.54934
0		1	2	0.269397	0.76601	0.08	0.305814	3.55749
0		1	2	0.28316	0.780788	0.08	0.312791	3.51694
0		1	2	0.283675	0.783251	0.06	0.327907	3.50934
0		1	2	0.2934	0.793103	0.06	0.330233	3.5179
0		1	2	0.288203	0.788177	0.06	0.339535	3.5263
0		1	2	0.301756	0.800493	0.08	0.324419	3.48605
0		1	2	0.249301	0.748768	0.06	0.359691	3.5856
0		1	2	0.251758	0.751232	0.06	0.327133	3.61173
0		1	2	0.274141	0.773399	0.06	0.323256	3.59625
0		1	2	0.271026	0.770936	0.06	0.336435	3.61561
0		1	2	0.239736	0.736453	0.06	0.382947	3.66843
0		1	2	0.243831	0.741379	0.08	0.371512	3.72069
0		1	2	0.283635	0.780788	0.1	0.346047	3.7458
0		1	2	0.303143	0.800493	0.1	0.343256	3.69786
0		1	2	0.266284	0.761084	0.1	0.377209	3.73181
0		1	2	0.249888	0.746305	0.1	0.356744	3.77566
0		1	2	0.26248	0.736453	0.06	0.457365	3.82724
0		1	2	0.232418	0.731527	0.08	0.347093	3.84608
0		1	2	0.30314	0.763547	0.04	0.49186	3.80344
0		1	2	0.217546	0.716749	0.06	0.324807	3.85297
0		1	2	0.298851	0.795566	0.06	0.299226	3.72694
0		1	2	0.273248	0.761084	0.08	0.421512	3.78147
0		1	2	0.190274	0.687192	0.06	0.309302	3.8766
0		1	2	0.21702	0.716749	0.06	0.354263	3.95772
0		1	2	0.24658	0.746305	0.06	0.35504	3.95894
0		1	2	0.273469	0.773399	0.06	0.349612	3.94494
0		1	2	0.290905	0.79064	0.06	0.355814	3.95032
0		1	2	0.265583	0.761084	0.08	0.387791	3.98385
0		1	2	0.254529	0.751232	0.1	0.351628	4.08214
0		1	2	0.277553	0.763547	0.14	0.377742	4.10836
0		1	2	0.275834	0.761084	0.14	0.382393	4.11557
0		1	2	0.332614	0.825123	0.12	0.379844	4.09765
0		1	2	0.301213	0.79064	0.12	0.39496	4.12059
0		1	2	0.335553	0.825123	0.12	0.400774	4.11039
0		1	2	0.349891	0.839902	0.12	0.400774	4.09726
0		1	2	0.434118	0.926108	0.12	0.400774	4.02369
0		1	2	0.543532	1.03695	0.12	0.402714	3.90933
0		1	2	0.524076	1.01724	0.12	0.402714	3.92772
0		1	2	0.526507	1.0197	0.12	0.402714	3.91955
0		1	2	0.587331	1.08128	0.12	0.402326	3.84851
0		1	2	0.597084	1.09113	0.12	0.402326	3.84061
0		1	2	0.490121	0.982759	0.12	0.4031	3.96408
0		1	2	0.451563	0.94335	0.12	0.404651	4.01373
0		1	2	0.521779	1.01478	0.12	0.403877	3.94262
0		1	2	0.558178	1.05172	0.12	0.4031	3.90663
0		1	2	0.631278	1.12562	0.12	0.402714	3.82181
0		1	2	0.665467	1.1601	0.12	0.402714	3.78185
0		1	2	0.633719	1.12808	0.12	0.402714	3.81896
0		1	2	0.675241	1.16995	0.12	0.402714	3.77043
0		1	2	0.685017	1.1798	0.12	0.402714	3.75902
0		1	2	0.641043	1.13547	0.12	0.402714	3.8104
0		1	2	0.68984	1.18473	0.12	0.401937	3.76069
0		1	2	0.670286	1.16502	0.12	0.401937	3.78342
0		1	2	0.758223	1.25369	0.12	0.400388	3.6835
0		1	2	0.738669	1.23399	0.12	0.400774	3.70597
0		1	2	0.670185	1.16502	0.12	0.400774	3.78513
0		1	2	0.699524	1.19458	0.12	0.400774	3.75114
0		1	2	0.743535	1.23892	0.12	0.400388	3.70034
0		1	2	0.645752	1.14039	0.12	0.400774	3.81345
0		1	2	0.606728	1.10099	0.12	0.401163	3.85862
0		1	2	0.567718	1.06158	0.12	0.401163	3.89907
0		1	2	0.484944	0.977832	0.12	0.400388	3.99425
0		1	2	0.533507	1.02709	0.12	0.4	3.94152
0		1	2	0.494654	0.987685	0.12	0.400388	3.9876
0		1	2	0.553785	1.0468	0.12	0.407365	3.92069
0		1	2	0.54406	1.03695	0.12	0.407365	3.93164
0		1	2	0.52467	1.01724	0.12	0.407751	3.95328
0		1	2	0.495812	0.987685	0.12	0.409691	3.98155
0		1	2	0.52729	1.0197	0.12	0.409302	3.94699
0		1	2	0.500658	0.992611	0.12	0.409691	3.97631
0		1	2	0.486019	0.977832	0.12	0.408914	3.99784
0		1	2	0.57325	1.0665	0.12	0.407365	3.89841
0		1	2	0.55865	1.05172	0.12	0.407365	3.915
0		1	2	0.604871	1.09852	0.12	0.406977	3.86208
0		1	2	0.659364	1.15271	0.14	0.391695	3.81089
0		1	2	0.579074	1.07143	0.14	0.392358	3.90346
0		1	2	0.57656	1.06897	0.14	0.391363	3.91032
0		1	2	0.523221	1.01478	0.14	0.392026	3.97304
0		1	2	0.530492	1.02217	0.14	0.392026	3.96513
0		1	2	0.501492	0.992611	0.14	0.392691	3.99636
0		1	2	0.480541	0.970443	0.14	0.4	4.02621
0		1	2	0.528616	1.02217	0.14	0.362791	3.97225
0		1	2	0.521624	1.01478	0.14	0.369767	3.97455
0		1	2	0.48768	0.980296	0.14	0.370765	4.00619
0		1	2	0.524055	1.01724	0.14	0.369767	3.96643
0		1	2	0.475615	0.96798	0.14	0.37176	4.01565
0		1	2	0.442284	0.933498	0.14	0.379402	4.05459
0		1	2	0.459144	0.950739	0.14	0.378737	4.03472
0		1	2	0.460314	0.953202	0.14	0.333556	4.04133
0		1	2	0.470795	0.963054	0.14	0.314619	4.03715
0		1	2	0.481007	0.972906	0.14	0.306977	4.06113
0		1	2	0.414887	0.906404	0.14	0.319602	4.08592
0		1	2	0.389534	0.869458	0.18	0.372351	4.10656
0		1	2	0.357016	0.849754	0.12	0.382558	4.15534
0		1	2	0.32104	0.807882	0.1	0.425116	4.17895
0		1	2	0.369642	0.862069	0.08	0.415116	4.10847
0		1	2	0.39932	0.894089	0.08	0.404651	4.08594
0		1	2	0.363564	0.85468	0.1	0.412558	4.13448
0		1	2	0.41137	0.906404	0.1	0.393023	4.08675
0		1	2	0.435263	0.931035	0.1	0.388837	4.07158
0		1	2	0.486205	0.982759	0.1	0.385116	4.02935
0		1	2	0.486087	0.982759	0.1	0.383721	4.05459
0		1	2	0.556214	1.05172	0.08	0.411047	3.96813
0		1	2	0.575903	1.07143	0.08	0.412209	3.94385
0		1	2	0.583235	1.07882	0.08	0.412209	3.93358
0		1	2	0.52375	1.01724	0.08	0.423256	4.01035
0		1	2	0.519215	1.01232	0.12	0.402714	4.00871
0		1	2	0.528767	1.02217	0.12	0.401163	3.99085
0		1	2	0.629957	1.12562	0.12	0.386435	3.89065
0		1	2	0.591042	1.08621	0.12	0.389147	3.93905
0		1	2	0.654399	1.15025	0.12	0.386047	3.8688
0		1	2	0.620484	1.11576	0.12	0.390698	3.91527
0		1	2	0.691952	1.18719	0.14	0.330565	3.83417
0		1	2	0.704203	1.19951	0.14	0.329567	3.81953
0		1	2	0.657689	1.15271	0.14	0.332226	3.87304
0		1	2	0.5868	1.08128	0.14	0.336544	3.94393
0		1	2	0.540455	1.03448	0.12	0.396512	3.98794
0		1	2	0.600109	1.09606	0.12	0.30814	3.91908
0		1	2	0.637051	1.13054	0.1	0.26186	3.87317
0		1	2	0.64419	1.13793	0.1	0.263256	3.85886
0		1	2	0.671256	1.16502	0.1	0.261395	3.83311
0		1	2	0.699649	1.19458	0.14	0.317607	3.81263
0		1	2	0.76091	1.25616	0.14	0.314951	3.74102
0		1	2	0.792787	1.28818	0.14	0.313621	3.70412
0		1	2	0.76091	1.25616	0.14	0.314951	3.74023
0		1	2	0.773175	1.26847	0.14	0.314286	3.73365
0		1	2	0.89582	1.39163	0.14	0.3103	3.59454
0		1	2	0.812404	1.30788	0.14	0.312956	3.68855
0		1	2	0.809955	1.30542	0.14	0.312956	3.68793
0		1	2	0.81493	1.31034	0.14	0.310963	3.68617
0		1	2	0.734018	1.22906	0.14	0.314286	3.77959
0		1	2	0.711965	1.2069	0.14	0.315281	3.80208
0		1	2	0.699712	1.19458	0.14	0.315947	3.82058
0		1	2	0.702158	1.19704	0.14	0.315947	3.82717
0		1	2	0.633601	1.12808	0.14	0.319602	3.89599
0		1	2	0.66515	1.1601	0.14	0.326247	3.86018
0		1	2	0.684723	1.17734	0.16	0.350872	3.84384
0		1	2	0.706647	1.19951	0.16	0.349709	3.81974
0		1	2	0.73103	1.22414	0.16	0.348837	3.79526
0		1	2	0.718838	1.21182	0.16	0.349419	3.80751
0		1	2	0.750548	1.24384	0.16	0.347965	3.77038
0		1	2	0.716382	1.20936	0.16	0.346802	3.81555
0		1	2	0.728716	1.22414	0.14	0.327574	3.79669
0		1	2	0.699317	1.19458	0.14	0.329235	3.83048
0		1	2	0.691923	1.18719	0.14	0.332226	3.83578
0		1	2	0.64298	1.13793	0.14	0.335216	3.89776
0		1	2	0.613631	1.10837	0.14	0.338537	3.92854
0		1	2	0.531816	1.02463	0.12	0.406588	4.00096
0		1	2	0.521245	1.0197	0.1	0.341395	4.03017
0		1	2	0.578905	1.06897	0.12	0.431784	3.99296
0		1	2	0.548416	1.03941	0.1	0.433953	4.02544
0		1	2	0.5286	1.02217	0.12	0.287209	4.07356
0		1	2	0.484986	0.980296	0.1	0.289302	4.1273
0		1	2	0.418765	0.913793	0.06	0.407751	4.16222
0		1	2	0.47021	0.965517	0.04	0.280233	4.16208
0		1	2	0.459705	0.958128	0.08	0.311047	4.17497
0		1	2	0.461837	0.953202	0.1	0.422791	4.18455
0		1	2	0.405517	0.894089	0.1	0.430233	4.18788
0		1	2	0.323224	0.820197	0.08	0.30407	4.20769
0		1	2	0.364533	0.864532	0.06	0.344186	4.21447
0		1	2	0.383697	0.881773	0.08	0.376163	4.20404
0		1	2	0.468753	0.963054	0.06	0.270542	4.12936
0		1	2	0.48858	0.982759	0.06	0.268216	4.10751
0		1	2	0.464258	0.958128	0.06	0.268216	4.13889
0		1	2	0.507831	1.00246	0.06	0.269767	4.10136
0		1	2	0.486027	0.980296	0.06	0.268993	4.1259
0		1	2	0.453787	0.953202	0.08	0.331977	4.15522
0		1	2	0.424797	0.923645	0.08	0.367442	4.17969
0		1	2	0.423765	0.923645	0.06	0.333333	4.17379
0		1	2	0.357405	0.85468	0.1	0.36186	4.18086
0		1	2	0.341877	0.810345	0.06	0.486821	4.20089
0		1	2	0.265276	0.751232	0.02	0.418605	4.2161
0		1	2	0.255946	0.711823	0.02	0.481395	4.21603
0		1	2	0.264595	0.746305	0.04	0.248837	4.17778
0		1	2	0.257857	0.741379	0.06	0.252714	4.17349
0		1	2	0.232456	0.721675	0.08	0.410465	4.19797
0		1	2	0.238494	0.711823	0.04	0.451163	4.20677
0		1	2	0.184524	0.67734	0.04	0.296512	4.24443
0		1	2	0.185857	0.684729	0.04	0.347674	4.24337
0		1	2	0.187816	0.67734	0.04	0.284884	4.24333
0		1	2	0.177745	0.669951	0.04	0.295349	4.25172
0		1	2	0.187192	0.687192	0.06	0.343412	4.23979
0		1	2	0.225886	0.721675	0.06	0.3	4.21422
0		1	2	0.268616	0.763547	0.06	0.291472	4.18295
0		1	2	0.26605	0.761084	0.06	0.292249	4.18743
0		1	2	0.313615	0.807882	0.06	0.283721	4.13402
0		1	2	0.360469	0.85468	0.06	0.27907	4.07563
0		1	2	0.306065	0.800493	0.06	0.285272	4.14285
0		1	2	0.306364	0.800493	0.06	0.283721	4.14803
0		1	2	0.345938	0.839902	0.06	0.27907	4.09244
0		1	2	0.306364	0.800493	0.06	0.283721	4.14076
0		1	2	0.295208	0.770936	0.04	0.227907	4.17728
0		1	2	0.333256	0.807882	0.04	0.217442	4.13188
0		1	2	0.357199	0.79803	0.06	0.146512	4.14314
0		1	2	0.249054	0.746305	0.08	0.374419	4.1984
0		1	2	0.353511	0.830049	0.1	0.223256	4.1376
0		1	2	0.403932	0.881773	0.1	0.217674	4.08586
0		1	2	0.502387	0.982759	0.1	0.210233	3.96788
0		1	2	0.497198	0.982759	0.12	0.240698	3.96498
0		1	2	0.55521	1.04187	0.12	0.238372	3.89723
0		1	2	0.584303	1.07143	0.12	0.237209	3.85886
0		1	2	0.640073	1.12808	0.12	0.235658	3.78302
0		1	2	0.644972	1.133	0.12	0.235272	3.77223
0		1	2	0.632824	1.12069	0.12	0.235658	3.78311
0		1	2	0.632956	1.12069	0.12	0.234884	3.78165
0		1	2	0.649571	1.14532	0.1	0.28093	3.7425
0		1	2	0.703556	1.19951	0.1	0.279535	3.67482
0		1	2	0.639739	1.13547	0.1	0.281395	3.75493
0		1	2	0.600515	1.09606	0.1	0.282326	3.80496
0		1	2	0.620124	1.11576	0.1	0.28186	3.77989
0		1	2	0.571041	1.0665	0.1	0.283721	3.84273
0		1	2	0.688821	1.18473	0.1	0.28	3.69315
0		1	2	0.688821	1.18473	0.1	0.28	3.6973
0		1	2	0.669194	1.16502	0.1	0.280465	3.72187
0		1	2	0.639739	1.13547	0.1	0.281395	3.759
0		1	2	0.573485	1.06897	0.1	0.283721	3.84351
0		1	2	0.470463	0.965517	0.1	0.288372	3.97532
0		1	2	0.433594	0.928571	0.1	0.291163	4.02762
0		1	2	0.46283	0.958128	0.1	0.291163	3.99303
0		1	2	0.472636	0.96798	0.1	0.290698	3.97866
0		1	2	0.472955	0.96798	0.1	0.287907	3.98317
0		1	2	0.455734	0.950739	0.1	0.289302	4.0063
0		1	2	0.509746	1.00493	0.1	0.286047	3.93952
0		1	2	0.556383	1.05172	0.1	0.283721	3.87769
0		1	2	0.575977	1.07143	0.1	0.283256	3.85695
0		1	2	0.634846	1.13054	0.1	0.281395	3.78231
0		1	2	0.649571	1.14532	0.1	0.28093	3.76075
0		1	2	0.590737	1.08621	0.1	0.282326	3.83537
0		1	2	0.536449	1.03202	0.1	0.287442	3.89932
0		1	2	0.573247	1.06897	0.1	0.286047	3.85228
0		1	2	0.565914	1.06158	0.1	0.286047	3.86169
0		1	2	0.590455	1.08621	0.1	0.285116	3.83036
0		1	2	0.590455	1.08621	0.1	0.285116	3.83036
0		1	2	0.629729	1.12562	0.1	0.283721	3.77612
0		1	2	0.610067	1.10591	0.1	0.284651	3.80107
0		1	2	0.57085	1.0665	0.1	0.285581	3.84609
0		1	2	0.565914	1.06158	0.1	0.286047	3.85239
0		1	2	0.541383	1.03695	0.1	0.286977	3.88387
0		1	2	0.551204	1.0468	0.1	0.286512	3.87128
0		1	2	0.639517	1.13547	0.1	0.283721	3.76879
0		1	2	0.610067	1.10591	0.1	0.284651	3.80613
0		1	2	0.649351	1.14532	0.1	0.283256	3.75641
0		1	2	0.631331	1.12562	0.08	0.261047	3.77589
0		1	2	0.682764	1.17734	0.08	0.259884	3.71101
0		1	2	0.631032	1.12562	0.08	0.263372	3.78507
0		1	2	0.672706	1.16749	0.08	0.262209	3.73259
0		1	2	0.665375	1.1601	0.08	0.262209	3.7418
0		1	2	0.730943	1.22414	0.08	0.24593	3.66212
0		1	2	0.743222	1.23645	0.08	0.245349	3.64712
0		1	2	0.784879	1.27833	0.08	0.244186	3.60076
0		1	2	0.726064	1.21921	0.08	0.24593	3.67218
0		1	2	0.735103	1.21921	0.1	0.196744	3.67606
0		1	2	0.841842	1.32759	0.1	0.194419	3.54663
0		1	2	0.832075	1.31773	0.1	0.194884	3.56256
0		1	2	0.924446	1.41133	0.1	0.193488	3.45545
0		1	2	0.963463	1.45074	0.1	0.192558	3.41185
0		1	2	0.953669	1.44089	0.1	0.193023	3.42267
0		1	2	0.934234	1.42118	0.1	0.193023	3.44446
0		1	2	0.926799	1.41379	0.1	0.193953	3.44871
0		1	2	0.943802	1.43103	0.1	0.193953	3.42759
0		1	2	0.975474	1.46305	0.1	0.193488	3.3925
0		1	2	1.01934	1.50739	0.1	0.193023	3.34489
0		1	2	1.0803	1.56897	0.1	0.192558	3.27635
0		1	2	1.17311	1.66256	0.1	0.191628	3.18292
0		1	2	1.18043	1.66995	0.1	0.191628	3.17575
0		1	2	1.09986	1.58867	0.1	0.192093	3.25627
0		1	2	1.12913	1.61823	0.1	0.192093	3.22656
0		1	2	1.11937	1.60837	0.1	0.192093	3.2364
0		1	2	1.12425	1.6133	0.1	0.192093	3.23147
0		1	2	1.12425	1.6133	0.1	0.192093	3.23147
0		1	2	1.07055	1.55911	0.1	0.192558	3.28302
0		1	2	1.09986	1.58867	0.1	0.192093	3.25281
0		1	2	1.11937	1.60837	0.1	0.192093	3.23294
0		1	2	1.17799	1.66749	0.1	0.191628	3.17467
0		1	2	1.20002	1.68966	0.1	0.191163	3.15333
0		1	2	1.28315	1.7734	0.1	0.190698	3.07056
0		1	2	1.39821	1.88916	0.1	0.189767	2.96846
0		1	2	1.38352	1.87438	0.1	0.189767	2.98112
0		1	2	1.3639	1.85468	0.1	0.190233	2.99817
0		1	2	1.36879	1.85961	0.1	0.190233	2.99389
0		1	2	1.42268	1.91379	0.1	0.189767	2.9476
0		1	2	1.35411	1.84483	0.1	0.190233	3.00677
0		1	2	1.44226	1.9335	0.1	0.189767	2.93111
0		1	2	1.49373	1.98522	0.1	0.189302	2.88871
0		1	2	1.55502	2.0468	0.1	0.188837	2.8398
0		1	2	1.64815	2.14039	0.1	0.188837	2.76859
0		1	2	1.58932	2.08128	0.1	0.188837	2.81314
0		1	2	1.67761	2.16995	0.1	0.188372	2.74686
0		1	2	1.75854	2.25123	0.1	0.188372	2.68885
0		1	2	1.76099	2.25369	0.1	0.188372	2.68713
0		1	2	1.67761	2.16995	0.1	0.188372	2.74686
0		1	2	1.7291	2.22167	0.1	0.188372	2.70965
0		1	2	1.64324	2.13547	0.1	0.188837	2.77225
0		1	2	1.61499	2.09606	0.08	0.0976744	2.79847
0		1	2	1.55164	2.03202	0.08	0.0982558	2.84796
0		1	2	1.51274	1.99261	0.08	0.0982558	2.87931
0		1	2	1.47873	1.95813	0.08	0.0982558	2.90732
0		1	2	1.41552	1.89409	0.08	0.0988372	2.9608
0		1	2	1.45435	1.9335	0.08	0.0988372	2.92766
0		1	2	1.47387	1.9532	0.08	0.0982558	2.91136
0		1	2	1.45435	1.9335	0.08	0.0988372	2.92766
0		1	2	1.44707	1.92611	0.08	0.0988372	2.93382
0		1	2	1.3742	1.85222	0.08	0.0994186	2.99684
0		1	2	1.32575	1.80296	0.08	0.0994186	3.04036
0		1	2	1.39127	1.86946	0.08	0.0988372	2.98189
0		1	2	1.50788	1.98768	0.08	0.0982558	2.88328
0		1	2	1.57605	2.05665	0.08	0.0976744	2.82872
0		1	2	1.56137	2.04187	0.08	0.0982558	2.84023
0		1	2	1.4933	1.97291	0.08	0.0982558	2.89525
0		1	2	1.35966	1.83744	0.08	0.0994186	3.00976
0		1	2	1.46406	1.94335	0.08	0.0988372	2.91949
0		1	2	1.47387	1.9532	0.08	0.0982558	2.91136
0		1	2	1.40582	1.88424	0.08	0.0988372	2.9692
0		1	2	1.48844	1.96798	0.08	0.0982558	2.89926
0		1	2	1.48359	1.96305	0.08	0.0982558	2.90382
0		1	2	1.48602	1.96552	0.08	0.0982558	2.90181
0		1	2	1.5176	1.99754	0.08	0.0982558	2.87588
0		1	2	1.47387	1.9532	0.08	0.0982558	2.9119
0		1	2	1.43493	1.91379	0.08	0.0988372	2.94468
0		1	2	1.49816	1.97783	0.08	0.0982558	2.89178
0		1	2	1.50545	1.98522	0.08	0.0982558	2.8858
0		1	2	1.48359	1.96305	0.08	0.0982558	2.90382
0		1	2	1.41795	1.89655	0.08	0.0988372	2.95926
0		1	2	1.40097	1.87931	0.08	0.0988372	2.97398
0		1	2	1.38632	1.86453	0.08	0.0994186	2.98671
0		1	2	1.51274	1.99261	0.08	0.0982558	2.87984
0		1	2	1.48359	1.96305	0.08	0.0982558	2.90382
0		1	2	1.41067	1.88916	0.08	0.0988372	2.96555
0		1	2	1.4763	1.95566	0.08	0.0982558	2.90988
0		1	2	1.45435	1.9335	0.08	0.0988372	2.9282
0		1	2	1.48359	1.96305	0.08	0.0982558	2.90382
0		1	2	1.43493	1.91379	0.08	0.0988372	2.94468
0		1	2	1.42523	1.90394	0.08	0.0988372	2.95299
0		1	2	1.4592	1.93842	0.08	0.0988372	2.92411
0		1	2	1.52246	2.00246	0.08	0.0982558	2.87537
0		1	2	1.53219	2.01232	0.08	0.0982558	2.86751
0		1	2	1.48602	1.96552	0.08	0.0982558	2.90525
0		1	2	1.52976	2.00985	0.08	0.0982558	2.86947
0		1	2	1.5565	2.03695	0.08	0.0982558	2.84803
0		1	2	1.55407	2.03448	0.08	0.0982558	2.84997
0		1	2	1.53705	2.01724	0.08	0.0982558	2.86359
0		1	2	1.43736	1.91626	0.08	0.0988372	2.94607
0		1	2	1.32818	1.80542	0.08	0.0994186	3.04221
0		1	2	1.37662	1.85468	0.08	0.0994186	2.99873
0		1	2	1.40582	1.88424	0.08	0.0988372	2.97322
0		1	2	1.38632	1.86453	0.08	0.0994186	2.99018
0		1	2	1.224	1.69951	0.08	0.100581	3.13995
0		1	2	1.12978	1.60345	0.08	0.101744	3.2339
0		1	2	1.15638	1.63054	0.08	0.101163	3.20688
0		1	2	1.1636	1.63793	0.08	0.101163	3.19958
0		1	2	1.17324	1.64778	0.08	0.101163	3.1899
0		1	2	1.30145	1.77833	0.08	0.1	3.06665
0		1	2	1.28935	1.76601	0.08	0.1	3.07789
0		1	2	1.2047	1.6798	0.08	0.100581	3.1588
0		1	2	1.1877	1.66256	0.08	0.101163	3.17548
0		1	2	1.09853	1.57143	0.08	0.101744	3.26638
0		1	2	1.15156	1.62562	0.08	0.101163	3.21176
0		1	2	1.19746	1.67241	0.08	0.100581	3.16593
0		1	2	1.21194	1.68719	0.08	0.100581	3.15171
0		1	2	1.20229	1.67734	0.08	0.100581	3.16118
0		1	2	1.2409	1.71675	0.08	0.100581	3.12363
0		1	2	1.29419	1.77094	0.08	0.1	3.07338
0		1	2	1.22159	1.69704	0.08	0.100581	3.1423
0		1	2	1.25057	1.7266	0.08	0.100581	3.11438
0		1	2	1.24574	1.72167	0.08	0.100581	3.119
0		1	2	1.30387	1.78079	0.08	0.1	3.06441
0		1	2	1.31355	1.79064	0.08	0.1	3.05549
0		1	2	1.31355	1.79064	0.08	0.1	3.05549
0		1	2	1.34028	1.81773	0.08	0.0994186	3.03122
0		1	2	1.35724	1.83498	0.08	0.0994186	3.01597
0		1	2	1.36208	1.8399	0.08	0.0994186	3.01165
0		1	2	1.30387	1.78079	0.08	0.1	3.06441
0		1	2	1.30871	1.78571	0.08	0.1	3.05995
0		1	2	1.26034	1.73645	0.08	0.1	3.10518
0		1	2	1.35724	1.83498	0.08	0.0994186	3.01597
0		1	2	1.22642	1.70197	0.08	0.100581	3.13761
0		1	2	1.29177	1.76847	0.08	0.1	3.07563
0		1	2	1.21918	1.69458	0.08	0.100581	3.14465
0		1	2	1.19011	1.66502	0.08	0.101163	3.17308
0		1	2	1.19746	1.67241	0.08	0.100581	3.16593
0		1	2	1.17806	1.65271	0.08	0.101163	3.18508
0		1	2	1.14915	1.62315	0.08	0.101163	3.2142
0		1	2	1.09119	1.56404	0.08	0.102326	3.27396
0		1	2	1.1636	1.63793	0.08	0.101163	3.19958
0		1	2	1.18288	1.65764	0.08	0.101163	3.18027
0		1	2	1.09613	1.56897	0.08	0.101744	3.2689
0		1	2	1.12978	1.60345	0.08	0.101744	3.2339
0		1	2	1.12016	1.5936	0.08	0.101744	3.24383
0		1	2	1.0576	1.52956	0.08	0.102326	3.30975
0		1	2	1.06719	1.53941	0.08	0.102326	3.29945
0		1	2	1.00225	1.47291	0.08	0.103488	3.37007
0		1	2	0.985525	1.45566	0.08	0.103488	3.39388
0		1	2	0.999862	1.47044	0.08	0.103488	3.3778
0		1	2	1.00943	1.4803	0.08	0.103488	3.36716
0		1	2	1.03829	1.50985	0.08	0.102907	3.34021
0		1	2	0.961514	1.43103	0.08	0.10407	3.42562
0		1	2	0.906464	1.37438	0.08	0.105233	3.48926
0		1	2	0.894591	1.36207	0.08	0.105233	3.50335
0		1	2	0.951978	1.42118	0.08	0.10407	3.43655
0		1	2	1.04308	1.51478	0.08	0.102907	3.33905
0		1	2	0.995081	1.46552	0.08	0.103488	3.39527
0		1	2	1.02153	1.49261	0.08	0.102907	3.36606
0		1	2	1.11054	1.58374	0.08	0.101744	3.27095
0		1	2	1.09124	1.57143	0.06	0.136434	3.27947
0		1	2	1.0938	1.57389	0.06	0.135659	3.27695
0		1	2	1.09124	1.57143	0.06	0.136434	3.27947
0		1	2	1.15688	1.63793	0.06	0.134884	3.21261
0		1	2	1.13252	1.6133	0.06	0.135659	3.23298
0		1	2	1.13736	1.61823	0.06	0.135659	3.22806
0		1	2	1.0938	1.57389	0.06	0.135659	3.27304
0		1	2	1.18596	1.66749	0.06	0.134884	3.17979
0		1	2	1.30276	1.78571	0.06	0.133333	3.06891
0		1	2	1.29304	1.77586	0.06	0.133333	3.07787
0		1	2	1.2736	1.75616	0.06	0.133333	3.09593
0		1	2	1.30276	1.78571	0.06	0.133333	3.06891
0		1	2	1.36612	1.84975	0.06	0.132558	3.01191
0		1	2	1.3856	1.86946	0.06	0.132558	2.99478
0		1	2	1.41493	1.89901	0.06	0.131783	2.96945
0		1	2	1.39789	1.88177	0.06	0.131783	2.98423
0		1	2	1.40032	1.88424	0.06	0.131783	2.98212
0		1	2	1.39058	1.87438	0.06	0.131783	2.99059
0		1	2	1.26874	1.75123	0.06	0.133333	3.10054
0		1	2	1.34179	1.82512	0.06	0.132558	3.03364
0		1	2	1.29547	1.77833	0.06	0.133333	3.07568
0		1	2	1.1958	1.67734	0.06	0.134109	3.17032
0		1	2	1.13736	1.61823	0.06	0.135659	3.22831
0		1	2	1.18596	1.66749	0.06	0.134884	3.17985
0		1	2	1.19095	1.67241	0.06	0.134109	3.17508
0		1	2	1.17627	1.65764	0.06	0.134884	3.18944
0		1	2	1.15688	1.63793	0.06	0.134884	3.20877
0		1	2	1.12768	1.60837	0.06	0.135659	3.23817
0		1	2	1.1958	1.67734	0.06	0.134109	3.17032
0		1	2	1.1593	1.64039	0.06	0.134884	3.20634
0		1	2	1.08882	1.56897	0.06	0.136434	3.27815
0		1	2	1.0331	1.51232	0.06	0.137209	3.33719
0		1	2	1.01621	1.49507	0.06	0.137209	3.3521
0		1	2	1.08157	1.56158	0.06	0.136434	3.28229
0		1	2	1.17142	1.65271	0.06	0.134884	3.19079
0		1	2	1.14719	1.62808	0.06	0.134884	3.21505
0		1	2	1.17627	1.65764	0.06	0.134884	3.18597
0		1	2	1.19822	1.6798	0.06	0.134109	3.16449
0		1	2	1.25174	1.73399	0.06	0.133333	3.1131
0		1	2	1.27846	1.76108	0.06	0.133333	3.088
0		1	2	1.33693	1.8202	0.06	0.132558	3.03457
0		1	2	1.33206	1.81527	0.06	0.132558	3.03895
0		1	2	1.2566	1.73892	0.06	0.133333	3.10851
0		1	2	1.23219	1.71429	0.06	0.134109	3.1316
0		1	2	1.2736	1.75616	0.06	0.133333	3.09253
0		1	2	1.26389	1.74631	0.06	0.133333	3.10164
0		1	2	1.12284	1.60345	0.06	0.135659	3.23966
0		1	2	1.18596	1.66749	0.06	0.134884	3.17639
0		1	2	1.11557	1.59606	0.06	0.135659	3.25218
0		1	2	1.10832	1.58867	0.06	0.135659	3.25967
0		1	2	1.14235	1.62315	0.06	0.134884	3.225
0		1	2	1.05982	1.53941	0.06	0.136434	3.3164
0		1	2	1.02104	1.5	0.06	0.137209	3.35803
0		1	2	1.00641	1.48522	0.06	0.137984	3.37387
0		1	2	1.02104	1.5	0.06	0.137209	3.35803
0		1	2	1.05982	1.53941	0.06	0.136434	3.32133
0		1	2	1.12041	1.60099	0.06	0.135659	3.25806
0		1	2	1.10832	1.58867	0.06	0.135659	3.27054
0		1	2	1.2055	1.68719	0.06	0.134109	3.1731
0		1	2	1.22976	1.71182	0.06	0.134109	3.14958
0		1	2	1.25404	1.73645	0.06	0.134109	3.12639
0		1	2	1.34179	1.82512	0.06	0.132558	3.04555
0		1	2	1.31249	1.79557	0.06	0.133333	3.07204
0		1	2	1.26389	1.74631	0.06	0.133333	3.1172
0		1	2	1.32477	1.80788	0.06	0.132558	3.06095
0		1	2	1.29061	1.7734	0.06	0.133333	3.09221
0		1	2	1.29304	1.77586	0.06	0.133333	3.08995
0		1	2	1.29304	1.77586	0.06	0.133333	3.08995
0		1	2	1.29547	1.77833	0.06	0.133333	3.0877
0		1	2	1.26146	1.74384	0.06	0.133333	3.1195
0		1	2	1.23947	1.72167	0.06	0.134109	3.14027
0		1	2	1.28818	1.77094	0.06	0.133333	3.09446
0		1	2	1.37099	1.85468	0.06	0.132558	3.01949
0		1	2	1.39545	1.87931	0.06	0.131783	2.99466
0		1	2	1.33693	1.8202	0.06	0.132558	3.04646
0		1	2	1.26874	1.75123	0.06	0.133333	3.10772
0		1	2	1.25417	1.73645	0.06	0.133333	3.12146
0		1	2	1.29547	1.77833	0.06	0.133333	3.08281
0		1	2	1.30276	1.78571	0.06	0.133333	3.07608
0		1	2	1.40519	1.88916	0.06	0.131783	2.98484
0		1	2	1.42224	1.9064	0.06	0.131783	2.97015
0		1	2	1.47341	1.95813	0.06	0.131783	2.93105
0		1	2	1.45878	1.94335	0.06	0.131783	2.94328
0		1	2	1.41969	1.90394	0.06	0.132558	2.9764
0		1	2	1.45391	1.93842	0.06	0.131783	2.94738
0		1	2	1.45147	1.93596	0.06	0.131783	2.94944
0		1	2	1.55155	2.03695	0.06	0.131008	2.86177
0		1	2	1.5906	2.07635	0.06	0.131008	2.83107
0		1	2	1.58572	2.07143	0.06	0.131008	2.83487
0		1	2	1.5296	2.01478	0.06	0.131008	2.87934
0		1	2	1.51496	2	0.06	0.131008	2.89117
0		1	2	1.47341	1.95813	0.06	0.131783	2.92523
0		1	2	1.42954	1.91379	0.06	0.131783	2.96679
0		1	2	1.45391	1.93842	0.06	0.131783	2.94613
0		1	2	1.41482	1.89901	0.06	0.132558	2.97932
0		1	2	1.35663	1.8399	0.06	0.131008	3.02621
0		1	2	1.38096	1.86453	0.06	0.131008	3.00468
0		1	2	1.34192	1.82512	0.06	0.131783	3.03927
0		1	2	1.32489	1.80788	0.06	0.131783	3.05464
0		1	2	1.3761	1.85961	0.06	0.131008	3.00456
0		1	2	1.33462	1.81773	0.06	0.131783	3.03703
0		1	2	1.40044	1.88424	0.06	0.131008	2.97895
0		1	2	1.41261	1.89655	0.06	0.131008	2.96843
0		1	2	1.3761	1.85961	0.06	0.131008	3.0002
0		1	2	1.30056	1.78818	0.06	0.164341	3.07658
0		1	2	1.28349	1.77094	0.06	0.164341	3.0936
0		1	2	1.25168	1.73892	0.06	0.165116	3.12321
0		1	2	1.31764	1.80542	0.06	0.164341	3.06231
0		1	2	1.30788	1.79557	0.06	0.164341	3.07119
0		1	2	1.2785	1.76601	0.06	0.165116	3.09812
0		1	2	1.25168	1.73892	0.06	0.165116	3.12763
0		1	2	1.15644	1.64286	0.06	0.166667	3.21982
0		1	2	1.0294	1.51478	0.06	0.170543	3.35078
0		1	2	0.985584	1.47044	0.06	0.171318	3.39831
0		1	2	0.907789	1.39163	0.06	0.172868	3.48972
0		1	2	0.917468	1.40148	0.06	0.172868	3.47861
0		1	2	0.949088	1.4335	0.06	0.172093	3.43744
0		1	2	0.897967	1.38177	0.06	0.173643	3.49542
0		1	2	0.836652	1.3202	0.06	0.178295	3.57083
0		1	2	0.845714	1.34236	0.08	0.27093	3.54276
0		1	2	0.919618	1.41626	0.08	0.267442	3.45884
0		1	2	0.90475	1.40148	0.08	0.269186	3.47994
0		1	2	0.889977	1.3867	0.08	0.269767	3.4966
0		1	2	0.934343	1.43103	0.08	0.267442	3.45584
0		1	2	0.865391	1.36207	0.08	0.270349	3.53345
0		1	2	0.860484	1.35714	0.08	0.270349	3.54343
0		1	2	0.91429	1.41133	0.08	0.272674	3.49131
0		1	2	0.973352	1.47044	0.08	0.27093	3.42566
0		1	2	0.973352	1.47044	0.08	0.27093	3.42075
0		1	2	1.00286	1.5	0.08	0.270349	3.38898
0		1	2	0.965941	1.46305	0.08	0.271512	3.43277
0		1	2	0.894605	1.39163	0.08	0.273256	3.50255
0		1	2	0.884001	1.36946	0.06	0.183721	3.52968
0		1	2	0.945026	1.43103	0.06	0.181395	3.46052
0		1	2	0.881579	1.367	0.06	0.183721	3.53249
0		1	2	0.92791	1.41379	0.06	0.18217	3.48644
0		1	2	0.891269	1.367	0.08	0.137791	3.53796
0		1	2	0.915377	1.39163	0.08	0.137209	3.51
0		1	2	0.983045	1.46059	0.08	0.135465	3.43351
0		1	2	0.946848	1.42365	0.08	0.136047	3.47754
0		1	2	0.892818	1.37931	0.1	0.193953	3.53445
0		1	2	0.87326	1.35961	0.1	0.194884	3.57182
0		1	2	0.870835	1.35714	0.1	0.194884	3.57463
0		1	2	0.856053	1.34236	0.1	0.196279	3.59834
0		1	2	0.870286	1.35714	0.1	0.19814	3.57323
0		1	2	0.813581	1.30296	0.1	0.218605	3.64575
0		1	2	0.75955	1.24877	0.1	0.222326	3.7079
0		1	2	0.759402	1.24877	0.1	0.223256	3.71015
0		1	2	0.703786	1.18473	0.08	0.181977	3.76356
0		1	2	0.685813	1.16749	0.08	0.187209	3.77854
0		1	2	0.642025	1.12562	0.08	0.200581	3.84544
0		1	2	0.630375	1.12069	0.06	0.233333	3.85605
0		1	2	0.633358	1.13054	0.08	0.287209	3.8447
0		1	2	0.672084	1.1601	0.06	0.217054	3.79285
0		1	2	0.721356	1.20936	0.06	0.212403	3.72731
0		1	2	0.784808	1.2734	0.06	0.210077	3.65928
0		1	2	0.819321	1.30788	0.06	0.206977	3.62372
0		1	2	0.774968	1.26355	0.06	0.210853	3.67313
0		1	2	0.810698	1.2734	0.04	0.101163	3.65344
0		1	2	0.871606	1.33498	0.04	0.094186	3.58128
0		1	2	0.958729	1.42365	0.04	0.0872093	3.48424
0		1	2	0.941814	1.4064	0.04	0.0883721	3.50344
0		1	2	0.972974	1.43842	0.04	0.0872093	3.47131
0		1	2	1.02354	1.49015	0.04	0.0848837	3.41937
0		1	2	1.00657	1.47291	0.04	0.0860465	3.43235
0		1	2	0.88211	1.34729	0.04	0.0988372	3.57264
0		1	2	0.850405	1.31527	0.04	0.102326	3.60635
0		1	2	0.826147	1.29064	0.04	0.104651	3.63281
0		1	2	0.841634	1.30542	0.04	0.1	3.60979
0		1	2	0.814029	1.27833	0.04	0.105814	3.64445
0		1	2	0.82884	1.2931	0.04	0.103488	3.62341
0		1	2	0.856841	1.32266	0.04	0.104651	3.59342
0		1	2	0.823924	1.31281	0.06	0.208527	3.61798
0		1	2	0.82573	1.31527	0.06	0.212403	3.62337
0		1	2	0.797877	1.28818	0.06	0.21938	3.66316
0		1	2	0.74801	1.23892	0.06	0.227132	3.72779
0		1	2	0.752996	1.24384	0.06	0.226357	3.72556
0		1	2	0.797167	1.28818	0.06	0.224031	3.68148
0		1	2	0.756776	1.25369	0.06	0.275193	3.72674
0		1	2	0.712423	1.21182	0.08	0.322093	3.80353
0		1	2	0.590001	1.08374	0.04	0.426744	3.96129
0		1	2	0.584858	1.08374	0.08	0.313372	4.02156
0		1	2	0.603675	1.10099	0.08	0.290116	3.98517
0		1	2	0.613744	1.11084	0.08	0.287209	3.9701
0		1	2	0.616356	1.1133	0.08	0.285465	3.95625
0		1	2	0.541	1.03448	0.06	0.259691	4.02086
0		1	2	0.551839	1.0468	0.06	0.268993	4.034
0		1	2	0.515152	1.00739	0.04	0.430233	4.08363
0		1	2	0.539059	1.03202	0.04	0.427907	4.11171
0		1	2	0.520327	1.00985	0.08	0.445349	4.14295
0		1	2	0.47645	0.940887	0.06	0.52403	4.18003
0		1	2	0.472061	0.96798	0.1	0.390698	4.18338
0		1	2	0.500405	0.992611	0.12	0.407751	4.19807
0		1	2	0.560117	1.05419	0.14	0.357807	4.16564
0		1	2	0.567455	1.06158	0.14	0.358805	4.15862
0		1	2	0.567404	1.06158	0.14	0.356812	4.15296
0		1	2	0.586913	1.08128	0.14	0.356812	4.13537
0		1	2	0.653497	1.14532	0.16	0.368314	4.08348
0		1	2	0.618993	1.11084	0.16	0.348837	4.10853
0		1	2	0.623854	1.11576	0.16	0.348837	4.1083
0		1	2	0.579967	1.07389	0.14	0.368107	4.14216
0		1	2	0.611669	1.10591	0.14	0.368107	4.11054
0		1	2	0.601911	1.09606	0.14	0.368107	4.11879
0		1	2	0.597243	1.09113	0.14	0.372758	4.12395
0		1	2	0.621632	1.11576	0.14	0.372758	4.10319
0		1	2	0.592523	1.08621	0.14	0.375747	4.13268
0		1	2	0.685196	1.1798	0.14	0.374419	4.05042
0		1	2	0.726943	1.22414	0.12	0.365116	4.00388
0		1	2	0.697595	1.19458	0.12	0.36783	4.03845
0		1	2	0.697595	1.19458	0.12	0.36783	4.03845
0		1	2	0.682721	1.1798	0.12	0.32403	4.05986
0		1	2	0.697396	1.19458	0.12	0.325581	4.05059
0		1	2	0.643245	1.14039	0.12	0.335658	4.10296
0		1	2	0.618874	1.11576	0.12	0.327907	4.12391
0		1	2	0.623647	1.12069	0.12	0.334495	4.12347
0		1	2	0.658097	1.15517	0.12	0.358914	4.09757
0		1	2	0.61717	1.11084	0.14	0.306312	4.1504
0		1	2	0.649203	1.14286	0.14	0.300998	4.13938
0		1	2	0.726125	1.22167	0.14	0.336877	4.07008
0		1	2	0.782256	1.27586	0.14	0.283721	4.00969
0		1	2	0.763267	1.25862	0.12	0.284495	4.02981
0		1	2	0.691877	1.18719	0.12	0.289923	4.10468
0		1	2	0.737502	1.22906	0.14	0.266114	4.07306
0		1	2	0.669254	1.1601	0.14	0.267442	4.14188
0		1	2	0.658142	1.14532	0.14	0.24186	4.16187
0		1	2	0.649746	1.13547	0.16	0.252035	4.17287
0		1	2	0.638639	1.12069	0.2	0.288605	4.18432
0		1	2	0.670012	1.15517	0.2	0.335349	4.16676
0		1	2	0.702338	1.18473	0.2	0.273953	4.15991
0		1	2	0.666836	1.15271	0.18	0.278295	4.19412
0		1	2	0.640825	1.12808	0.18	0.301293	4.20758
0		1	2	0.684539	1.1798	0.14	0.335549	4.20379
0		1	2	0.65315	1.15025	0.12	0.329844	4.2234
0		1	2	0.602684	1.10099	0.1	0.322326	4.23856
0		1	2	0.614703	1.11084	0.12	0.377133	4.24842
0		1	2	0.541688	1.03448	0.1	0.42186	4.26839
0		1	2	0.605142	1.10099	0.12	0.305814	4.25922
0		1	2	0.542891	1.04187	0.08	0.31686	4.26182
0		1	2	0.572904	1.07143	0.06	0.302326	4.24845
0		1	2	0.663477	1.15517	0.08	0.240698	4.1811
0		1	2	0.642476	1.12069	0.06	0.177519	4.20676
0		1	2	0.696282	1.17488	0.06	0.172093	4.16338
0		1	2	0.71338	1.19212	0.06	0.170543	4.14975
0		1	2	0.611568	1.10591	0.1	0.270698	4.22001
0		1	2	0.613898	1.10099	0.08	0.219767	4.21487
0		1	2	0.576006	1.06158	0.08	0.21686	4.23859
0		1	2	0.583911	1.07143	0.08	0.225	4.23486
0		1	2	0.560058	1.05665	0.12	0.357751	4.25014
0		1	2	0.590245	1.08374	0.14	0.308305	4.26577
0		1	2	0.611633	1.10591	0.14	0.319602	4.26034
0		1	2	0.590723	1.08128	0.16	0.310756	4.26463
0		1	2	0.578966	1.06897	0.16	0.304942	4.26778
0		1	2	0.560997	1.05172	0.16	0.325581	4.26353
0		1	2	0.527807	1.02217	0.1	0.277674	4.26586
0		1	2	0.488731	0.985222	0.1	0.386047	4.26959
0		1	2	0.446467	0.94335	0.1	0.377674	4.28257
0		1	2	0.414524	0.913793	0.08	0.32907	4.28353
0		1	2	0.403704	0.894089	0.04	0.25814	4.27861
0		1	2	0.364074	0.85468	0.06	0.425581	4.28544
0		1	2	0.357793	0.85468	0.04	0.386047	4.26775
0		1	2	0.372817	0.844828	0.04	0.483721	4.29033
0		1	2	0.367383	0.859606	0.04	0.27093	4.27969
0		1	2	0.343067	0.834975	0.04	0.272093	4.28678
0		1	2	0.383977	0.815271	0.02	0.127907	4.26138
0		1	2	0.344853	0.827586	0.06	0.235658	4.26884
0		1	2	0.306364	0.795566	0.06	0.42403	4.27045
0		1	2	0.379539	0.87931	0.06	0.330233	4.24826
0		1	2	0.419453	0.918719	0.06	0.318605	4.22161
0		1	2	0.384581	0.884236	0.06	0.327133	4.24624
0		1	2	0.42121	0.918719	0.06	0.297674	4.21958
0		1	2	0.389811	0.889163	0.06	0.365891	4.24645
0		1	2	0.376385	0.874384	0.06	0.304651	4.26288
0		1	2	0.318262	0.807882	0.06	0.42403	4.27444
0		1	2	0.313387	0.79803	0.06	0.246512	4.26886
0		1	2	0.292224	0.79064	0.04	0.366279	4.27524
0		1	2	0.309842	0.793103	0.04	0.44186	4.28702
0		1	2	0.339438	0.832512	0.06	0.275193	4.27444
0		1	2	0.313366	0.810345	0.06	0.3	4.28215
0		1	2	0.328737	0.820197	0.04	0.415116	4.27789
0		1	2	0.346036	0.842365	0.08	0.389535	4.27345
0		1	2	0.311791	0.807882	0.1	0.372093	4.27693
0		1	2	0.309471	0.805419	0.08	0.297674	4.27764
0		1	2	0.291402	0.79064	0.08	0.35	4.28303
0		1	2	0.306574	0.800493	0.1	0.297674	4.27371
0		1	2	0.318607	0.780788	0.04	0.194186	4.28285
0		1	2	0.247274	0.743842	0.08	0.307558	4.28462
0		1	2	0.2548	0.721675	0.04	0.467442	4.29862
0		1	2	0.246475	0.721675	0.06	0.451163	4.28615
0		1	2	0.232078	0.682266	0.02	0.481395	4.28382
0		1	2	0.232506	0.731527	0.04	0.336047	4.26361
0		1	2	0.223685	0.633005	0.06	0.163566	4.27721
0		1	2	0.139057	0.613301	0.06	0.262791	4.27127
0		1	2	0.144241	0.633005	0.06	0.287598	4.26551
0		1	2	0.141819	0.608374	0.06	0.251937	4.24144
0		1	2	0.170824	0.637931	0.06	0.242635	4.21279
0		1	2	0.159599	0.625616	0.06	0.24496	4.22205
0		1	2	0.189642	0.657635	0.06	0.237984	4.18341
0		1	2	0.223943	0.694581	0.06	0.232558	4.1358
0		1	2	0.21095	0.682266	0.06	0.237209	4.1385
0		1	2	0.181865	0.657635	0.06	0.252714	4.17793
0		1	2	0.139396	0.637931	0.06	0.363565	4.223
0		1	2	0.145978	0.637931	0.08	0.3	4.25668
0		1	2	0.112674	0.603448	0.08	0.303488	4.27528
0		1	2	0.132796	0.608374	0.06	0.266667	4.28035
0		1	2	0.105535	0.603448	0.08	0.349419	4.27275
0		1	2	0.122148	0.598522	0.08	0.412791	4.27781
0		1	2	0.138017	0.603448	0.08	0.432558	4.26136
0		1	2	0.186115	0.568965	0.04	0.515116	4.26741
0		1	2	0.115459	0.539409	0.06	0.451937	4.26398
0		1	2	0.0575836	0.514778	0.04	0.395349	4.27013
0		1	2	0.34917	0.519704	0	0	4.28077
0		1	2	0.195821	0.539409	0.02	0.155814	4.26978
0		1	2	0.094031	0.586207	0.04	0.311628	4.26091
0		1	2	0.166196	0.554187	0.02	0.495349	4.25603
0		1	2	0.0650884	0.536946	0.02	0.37907	4.257
0		1	2	0.0915727	0.566502	0.04	0.283721	4.24984
0		1	2	0.165707	0.593596	0.04	0.20814	4.22359
0		1	2	0.26056	0.568965	0.02	0.0953488	4.2333
0		1	2	0.282878	0.623153	0.04	0.0895349	4.231
0		1	2	0.235522	0.618227	0.04	0.140698	4.23423
0		1	2	0.113514	0.598522	0.04	0.290698	4.23429
0		1	2	0.215713	0.623153	0.04	0.167442	4.23378
0		1	2	0.196302	0.692118	0.06	0.3031	4.21698
0		1	2	0.158512	0.593596	0.04	0.469767	4.23583
0		1	2	0.0863507	0.583744	0.04	0.35	4.24215
0		1	2	0.131456	0.517241	0.02	0.467442	4.25342
0		1	2	0.0644855	0.509852	0.02	0.393023	4.24831
0		1	2	0.0859981	0.504926	0.02	0.267442	4.25334
0		1	2	0.34661	0.475369	0.02	0	4.25546
0		1	2	0.18482	0.460591	0.04	0.163953	4.2588
0		1	2	0.208412	0.460591	0.06	0.13876	4.25612
0		1	2	0.132924	0.509852	0.06	0.210853	4.22065
0		1	2	0.153265	0.529557	0.06	0.193023	4.18369
0		1	2	0.160502	0.551724	0.06	0.191473	4.1647
0		1	2	0.203644	0.586207	0.06	0.158915	4.10065
0		1	2	0.140041	0.603448	0.08	0.251163	4.11863
0		1	2	0.293594	0.519704	0.04	0.0511628	4.18246
0		1	2	0.299858	0.536946	0.04	0.0465116	4.15863
0		1	2	0.29959	0.485222	0.06	0.044186	4.20779
0		1	2	0.294276	0.465517	0.06	0.0511628	4.22336
0		1	2	0.29959	0.485222	0.06	0.044186	4.21533
0		1	2	0.304444	0.541872	0.06	0.0418605	4.15075
0		1	2	0.317083	0.576355	0.06	0.0356588	4.10876
0		1	2	0.319939	0.578818	0.06	0.0333333	4.0929
0		1	2	0.314345	0.564039	0.06	0.0356588	4.117
0		1	2	0.311095	0.559113	0.06	0.0379844	4.13323
0		1	2	0.233855	0.504926	0.04	0.110465	4.20124
0		1	2	0.192524	0.487685	0.04	0.152326	4.20973
0		1	2	0.1659	0.529557	0.04	0.181395	4.18932
0		1	2	0.205356	0.583744	0.04	0.156977	4.131
0		1	2	0.254712	0.674877	0.04	0.159302	4.00212
0		1	2	0.279173	0.716749	0.04	0.168605	3.93982
0		1	2	0.312278	0.761084	0.04	0.173256	3.87654
0		1	2	0.299374	0.746305	0.04	0.174419	3.89955
0		1	2	0.372937	0.830049	0.04	0.17093	3.76949
0		1	2	0.337967	0.79064	0.04	0.172093	3.83053
0		1	2	0.316408	0.76601	0.04	0.173256	3.8745
0		1	2	0.266429	0.706897	0.04	0.176744	3.9607
0		1	2	0.282692	0.726601	0.04	0.175581	3.92907
0		1	2	0.316408	0.76601	0.04	0.173256	3.87363
0		1	2	0.266429	0.706897	0.04	0.176744	3.97049
0		1	2	0.242606	0.67734	0.04	0.17907	4.01004
0		1	2	0.23338	0.67734	0.04	0.193023	4.01992
0		1	2	0.205055	0.642857	0.04	0.197674	4.07174
0		1	2	0.175971	0.647783	0.04	0.25	4.07065
