0		1	10	0.345874	410	1	0	4.29111
0		1	10	0.348564	424	1	0	4.27954
0		1	10	0.352545	434	1	0	4.2547
0		1	10	0.355731	440	1	0	4.23998
0		1	10	0.354604	438	1	0	4.24542
0		1	10	0.356319	441	1	0	4.23933
0		1	10	0.357543	443	1	0	4.23421
0		1	10	0.352545	434	1	0	4.2579
0		1	10	0.353541	436	1	0	4.24305
0		1	10	0.347972	422	1	0	4.27311
0		1	10	0.349225	426	1	0	4.26016
0		1	10	0.346443	397	1	0	4.29163
0		1	10	0.350751	382	1	0	4.27523
0		1	10	0.357413	374	0	0	4.2799
0		1	10	0.0415512	402	1	1.5	4.24274
0		1	10	0.0445153	405	1	1.56	4.23936
0		1	10	0.0471348	416	1	1.46	4.21695
0		1	10	0.0429089	408	1	1.54	4.24268
0		1	10	0.0426709	412	1	1.47	4.23337
0		1	10	0.34661	416	1	0	4.21341
0		1	10	0.351614	432	1	0	4.16358
0		1	10	0.360878	448	1	0	4.11024
0		1	10	0.382044	472	1	0	4.01637
0		1	10	0.382044	472	1	0	4.00658
0		1	10	0.386339	476	1	0	3.98547
0		1	10	0.395526	484	1	0	3.9585
0		1	10	0.367012	456	1	0	4.07962
0		1	10	0.386339	476	1	0	4.00475
0		1	10	0.377957	468	1	0	4.0366
0		1	10	0.377957	468	1	0	4.0366
0		1	10	0.410696	496	1	0	3.92421
0		1	10	0.395271	496	1	0.08	3.9299
0		1	10	0.35488	466	1	0.1	4.04974
0		1	10	0.341458	454	1	0.11	4.10599
0		1	10	0.36786	476	1	0.09	4.01217
0		1	10	0.364455	473	1	0.09	4.02263
0		1	10	0.388498	491	1	0.08	3.95054
0		1	10	0.439533	523	1	0.06	3.82197
0		1	10	0.451025	530	1	0.06	3.79952
0		1	10	0.47859	546	1	0.06	3.73642
0		1	10	0.411439	506	1	0.07	3.89507
0		1	10	0.415905	509	1	0.07	3.88303
0		1	10	0.405618	502	1	0.07	3.92078
0		1	10	0.404187	501	1	0.07	3.92478
0		1	10	0.439533	523	1	0.06	3.83714
0		1	10	0.429786	518	1	0.07	3.85699
0		1	10	0.36786	476	1	0.09	4.02409
0		1	10	0.362399	473	1	0.1	4.03585
0		1	10	0.370194	478	1	0.09	4.01622
0		1	10	0.365823	476	1	0.1	4.03405
0		1	10	0.384567	488	1	0.08	3.98406
0		1	10	0.36786	476	1	0.09	4.0264
0		1	10	0.334613	451	1	0.13	4.13233
0		1	10	0.332239	448	1	0.13	4.13869
0		1	10	0.147336	444	2	0.995	4.15217
0		1	10	0.269659	442	2	0.385	4.16651
0		1	10	0.290213	457	2	0.355	4.12332
0		1	10	0.180948	452	3	0.87	4.134
0		1	10	0.150803	434	3	0.9	4.19521
0		1	10	0.251423	426	2	0.42	4.20765
0		1	10	0.0259135	409	4	1.54	4.24164
0		1	10	0.06959	434	3	1.51667	4.16932
0		1	10	0.197069	486	3	1.46333	3.9796
0		1	10	0.201994	488	3	1.46333	3.97172
0		1	10	0.221709	496	3	1.46	3.94011
0		1	10	0.201994	488	3	1.46333	3.97172
0		1	10	0.236499	502	3	1.45667	3.91635
0		1	10	0.273469	517	3	1.45	3.85696
0		1	10	0.295632	526	3	1.45	3.82148
0		1	10	0.26114	512	3	1.45333	3.87673
0		1	10	0.312886	533	3	1.44667	3.79654
0		1	10	0.33999	544	3	1.44333	3.75367
0		1	10	0.374465	558	3	1.44333	3.71188
0		1	10	0.399106	568	3	1.44	3.67399
0		1	10	0.438522	584	3	1.43667	3.61437
0		1	10	0.423731	578	3	1.44	3.63658
0		1	10	0.381852	561	3	1.44333	3.70047
0		1	10	0.315348	534	3	1.44667	3.80451
0		1	10	0.312886	533	3	1.44667	3.80342
0		1	10	0.268528	515	3	1.45333	3.87425
0		1	10	0.335048	542	3	1.44667	3.76834
0		1	10	0.320273	536	3	1.44667	3.78714
0		1	10	0.320273	536	3	1.44667	3.78714
0		1	10	0.303036	529	3	1.44667	3.8146
0		1	10	0.295632	526	3	1.45	3.82641
0		1	10	0.379406	560	3	1.44	3.69441
0		1	10	0.344915	546	3	1.44333	3.74822
0		1	10	0.320273	536	3	1.44667	3.78714
0		1	10	0.315348	534	3	1.44667	3.79497
0		1	10	0.322736	537	3	1.44667	3.78323
0		1	10	0.285782	522	3	1.45	3.84734
0		1	10	0.280857	520	3	1.45	3.85523
0		1	10	0.312886	533	3	1.44667	3.80412
0		1	10	0.278394	519	3	1.45	3.85918
0		1	10	0.256215	510	3	1.45333	3.88836
0		1	10	0.234036	501	3	1.45667	3.92891
0		1	10	0.202008	488	3	1.46	3.98024
0		1	10	0.174904	477	3	1.46333	4.02327
0		1	10	0.197082	486	3	1.46	3.9881
0		1	10	0.221724	496	3	1.45667	3.94868
0		1	10	0.271007	516	3	1.45	3.86956
0		1	10	0.283337	521	3	1.44667	3.85462
0		1	10	0.278413	519	3	1.44667	3.86249
0		1	10	0.354782	550	3	1.44	3.74172
0		1	10	0.399123	568	3	1.43667	3.67322
0		1	10	0.418823	576	3	1.43667	3.64326
0		1	10	0.473014	598	3	1.43333	3.56256
0		1	10	0.487789	604	3	1.43333	3.541
0		1	10	0.537056	624	3	1.43	3.47057
0		1	10	0.556756	632	3	1.43	3.44302
0		1	10	0.53213	622	3	1.43	3.48289
0		1	10	0.556756	632	3	1.43	3.44841
0		1	10	0.539518	625	3	1.43	3.47249
0		1	10	0.551831	630	3	1.43	3.45526
0		1	10	0.537056	624	3	1.43	3.47595
0		1	10	0.497639	608	3	1.43333	3.5321
0		1	10	0.450852	589	3	1.43333	3.6006
0		1	10	0.433597	582	3	1.43667	3.62632
0		1	10	0.458239	592	3	1.43333	3.58966
0		1	10	0.421285	577	3	1.43667	3.64485
0		1	10	0.477939	600	3	1.43333	3.56071
0		1	10	0.404048	570	3	1.43667	3.67099
0		1	10	0.394198	566	3	1.43667	3.68603
0		1	10	0.33999	544	3	1.44333	3.77001
0		1	10	0.362169	553	3	1.44	3.73541
0		1	10	0.374481	558	3	1.44	3.71633
0		1	10	0.335065	542	3	1.44333	3.77774
0		1	10	0.359707	552	3	1.44	3.73924
0		1	10	0.372019	557	3	1.44	3.72014
0		1	10	0.347395	547	3	1.44	3.75845
0		1	10	0.394198	566	3	1.43667	3.69022
0		1	10	0.428672	580	3	1.43667	3.63798
0		1	10	0.438522	584	3	1.43667	3.62323
0		1	10	0.399123	568	3	1.43667	3.68896
0		1	10	0.418823	576	3	1.43667	3.65908
0		1	10	0.399123	568	3	1.43667	3.68896
0		1	10	0.394181	566	3	1.44	3.69266
0		1	10	0.362152	553	3	1.44333	3.747
0		1	10	0.408956	572	3	1.44	3.66878
0		1	10	0.408956	572	3	1.44	3.66878
0		1	10	0.37939	560	3	1.44333	3.70874
0		1	10	0.339973	544	3	1.44667	3.77002
0		1	10	0.381852	561	3	1.44333	3.70495
0		1	10	0.367077	555	3	1.44333	3.72778
0		1	10	0.404031	570	3	1.44	3.671
0		1	10	0.37939	560	3	1.44333	3.71349
0		1	10	0.399106	568	3	1.44	3.6833
0		1	10	0.394181	566	3	1.44	3.69082
0		1	10	0.372002	557	3	1.44333	3.72489
0		1	10	0.285782	522	3	1.45	3.86017
0		1	10	0.293169	525	3	1.45	3.85311
0		1	10	0.312886	533	3	1.44667	3.82273
0		1	10	0.298079	527	3	1.45333	3.84541
0		1	10	0.339958	544	3	1.45	3.77958
0		1	10	0.371987	557	3	1.44667	3.72987
0		1	10	0.374449	558	3	1.44667	3.72607
0		1	10	0.330108	540	3	1.45	3.795
0		1	10	0.263588	513	3	1.45667	3.89561
0		1	10	0.275901	518	3	1.45667	3.87601
0		1	10	0.266051	514	3	1.45667	3.89169
0		1	10	0.290691	524	3	1.45333	3.85254
0		1	10	0.303004	529	3	1.45333	3.83302
0		1	10	0.266051	514	3	1.45667	3.89169
0		1	10	0.261125	512	3	1.45667	3.89953
0		1	10	0.2562	510	3	1.45667	3.90738
0		1	10	0.216771	494	3	1.46333	3.96527
0		1	10	0.192124	484	3	1.47	4.00431
0		1	10	0.147785	466	3	1.48	4.06877
0		1	10	0.152709	468	3	1.47667	4.05698
0		1	10	0.172416	476	3	1.47333	4.02618
0		1	10	0.201984	488	3	1.46667	3.97929
0		1	10	0.182273	480	3	1.47	4.01063
0		1	10	0.187199	482	3	1.47	4.00282
0		1	10	0.182273	480	3	1.47	4.01063
0		1	10	0.145322	465	3	1.48	4.06839
0		1	10	0.103553	448	3	1.49667	4.13203
0		1	10	0.156645	466	3	1.25333	4.06911
0		1	10	0.185457	478	3	1.24333	4.01695
0		1	10	0.182273	480	3	1.47	4.00532
0		1	10	0.192132	484	3	1.46667	3.98962
0		1	10	0.174884	477	3	1.47	4.01705
0		1	10	0.152709	468	3	1.47667	4.05251
0		1	10	0.138595	457	2	1.24	4.08868
0		1	10	0.160204	466	2	1.225	4.05543
0		1	10	0.235429	481	2	0.855	4.00086
0		1	10	0.241968	484	2	0.85	3.98908
0		1	10	0.201776	464	2	0.87	4.07149
0		1	10	0.201776	464	2	0.87	4.07149
0		1	10	0.209654	468	2	0.865	4.05543
0		1	10	0.201776	464	2	0.87	4.0753
0		1	10	0.182512	454	2	0.885	4.11219
0		1	10	0.161323	457	2	1.05	4.09171
0		1	10	0.189891	458	2	0.88	4.0944
0		1	10	0.172383	448	2	0.89	4.12143
0		1	10	0.132634	425	2	0.95	4.1974
0		1	10	0.200039	463	2	0.87	4.06816
0		1	10	0.186604	456	2	0.88	4.09825
0		1	10	0.164759	444	2	0.9	4.14255
0		1	10	0.209654	468	2	0.865	4.05755
0		1	10	0.200039	463	2	0.87	4.07881
0		1	10	0.163372	443	2	0.9	4.14752
0		1	10	0.147897	442	2	0.975	4.15565
0		1	10	0.156665	446	2	0.96	4.13662
0		1	10	0.105855	420	2	1.055	4.20383
0		1	10	0.155118	408	3	0.81	4.24655
0		1	10	0.193138	398	2	0.655	4.24801
0		1	10	0.17909	399	2	0.715	4.22748
0		1	10	0.3549	379	0	0	4.23427
0		1	10	0.363639	364	0	0	4.24823
0		1	10	0.355731	372	1	0	4.2364
0		1	10	0.253514	370	1	0.47	4.24684
0		1	10	0.359497	366	1	0	4.2608
0		1	10	0.366193	357	1	0	4.26071
0		1	10	0.383618	341	0	0	4.26151
0		1	10	0.382044	340	1	0	4.24727
0		1	10	0.369557	353	1	0	4.23293
0		1	10	0.375994	346	1	0	4.25215
0		1	10	0.376366	344	2	0	4.23796
0		1	10	0.19736	373	3	0.703333	4.18096
0		1	10	0.217173	358	3	0.693333	4.21213
0		1	10	0.200683	368	3	0.713333	4.18022
0		1	10	0.114536	380	4	1.0775	4.14099
0		1	10	0.195869	376	3	0.696667	4.16103
0		1	10	0.191546	384	3	0.686667	4.13107
0		1	10	0.182746	397	3	0.696667	4.06737
0		1	10	0.0852721	406	3	1.11	4.03006
0		1	10	0.0840464	409	3	1.11667	4.01844
0		1	10	0.114379	410	3	0.986667	4.01802
0		1	10	0.131214	434	3	0.996667	3.90636
0		1	10	0.124085	428	3	0.996667	3.93332
0		1	10	0.152192	448	3	0.996667	3.84337
0		1	10	0.181298	464	3	0.996667	3.76735
0		1	10	0.160817	453	3	0.996667	3.81663
0		1	10	0.169897	458	3	0.996667	3.79417
0		1	10	0.175535	461	3	0.996667	3.78561
0		1	10	0.179364	463	3	0.996667	3.77669
0		1	10	0.185205	466	3	0.996667	3.76335
0		1	10	0.177443	462	3	0.996667	3.78115
0		1	10	0.152192	448	3	0.996667	3.84384
0		1	10	0.138163	452	3	1.13667	3.8316
0		1	10	0.130206	448	3	1.13667	3.84486
0		1	10	0.103318	433	3	1.13667	3.90707
0		1	10	0.161129	463	3	1.13667	3.76693
0		1	10	0.128258	447	3	1.13667	3.839
0		1	10	0.169782	467	3	1.13667	3.74907
0		1	10	0.154733	460	3	1.13667	3.78038
0		1	10	0.10492	434	3	1.13667	3.89795
0		1	10	0.116977	441	3	1.13667	3.8729
0		1	10	0.122524	444	3	1.13667	3.85933
0		1	10	0.154733	460	3	1.13667	3.79376
0		1	10	0.142231	454	3	1.13667	3.82064
0		1	10	0.156855	461	3	1.13667	3.78929
0		1	10	0.144284	455	3	1.13667	3.81616
0		1	10	0.128258	447	3	1.13667	3.85213
0		1	10	0.138163	452	3	1.13667	3.82466
0		1	10	0.153872	456	3	1.08	3.80924
0		1	10	0.106986	428	3	1.08	3.94066
0		1	10	0.14232	450	3	1.08	3.84137
0		1	10	0.191212	474	3	1.08	3.7282
0		1	10	0.140453	449	3	1.08	3.84015
0		1	10	0.176306	467	3	1.08	3.75929
0		1	10	0.182644	470	3	1.08	3.74593
0		1	10	0.17841	468	3	1.08	3.75483
0		1	10	0.206482	481	3	1.08	3.69736
0		1	10	0.199898	478	3	1.08	3.71055
0		1	10	0.263014	506	3	1.08	3.58967
0		1	10	0.297894	521	3	1.08	3.52708
0		1	10	0.330855	535	3	1.08	3.47014
0		1	10	0.304929	524	3	1.08	3.51476
0		1	10	0.361715	548	3	1.08	3.41857
0		1	10	0.404742	566	3	1.08	3.35598
0		1	10	0.390367	560	3	1.08	3.37882
0		1	10	0.419144	572	3	1.08	3.33267
0		1	10	0.428761	576	3	1.08	3.31777
0		1	10	0.37125	552	3	1.08	3.40893
0		1	10	0.342699	540	3	1.08	3.45612
0		1	10	0.380801	556	3	1.08	3.39344
0		1	10	0.356954	546	3	1.08	3.43239
0		1	10	0.361715	548	3	1.08	3.42454
0		1	10	0.323765	532	3	1.08	3.48817
0		1	10	0.345071	541	3	1.08	3.45214
0		1	10	0.376023	554	3	1.08	3.40662
0		1	10	0.385582	558	3	1.08	3.3912
0		1	10	0.32849	534	3	1.08	3.48552
0		1	10	0.290878	518	3	1.08	3.55075
0		1	10	0.352197	544	3	1.08	3.44571
0		1	10	0.383191	557	3	1.08	3.39504
0		1	10	0.385582	558	3	1.08	3.3912
0		1	10	0.373636	553	3	1.08	3.4105
0		1	10	0.304929	524	3	1.08	3.52607
0		1	10	0.314334	528	3	1.08	3.50977
0		1	10	0.304929	524	3	1.08	3.52607
0		1	10	0.309628	526	3	1.08	3.51791
0		1	10	0.323765	532	3	1.08	3.49358
0		1	10	0.342699	540	3	1.08	3.46155
0		1	10	0.342699	540	3	1.08	3.46155
0		1	10	0.380801	556	3	1.08	3.39325
0		1	10	0.37125	552	3	1.08	3.40874
0		1	10	0.361715	548	3	1.08	3.42435
0		1	10	0.333221	536	3	1.08	3.47189
0		1	10	0.323765	532	3	1.08	3.48797
0		1	10	0.342699	540	3	1.08	3.45592
0		1	10	0.32849	534	3	1.08	3.47449
0		1	10	0.356954	546	3	1.08	3.43282
0		1	10	0.333221	536	3	1.08	3.47252
0		1	10	0.352197	544	3	1.08	3.4407
0		1	10	0.352197	544	3	1.08	3.4407
0		1	10	0.380801	556	3	1.08	3.39386
0		1	10	0.342699	540	3	1.08	3.45655
0		1	10	0.37125	552	3	1.08	3.40936
0		1	10	0.352197	544	3	1.08	3.4407
0		1	10	0.381564	556	3	1.06667	3.39993
0		1	10	0.400673	564	3	1.06667	3.36931
0		1	10	0.429438	576	3	1.06667	3.32425
0		1	10	0.357767	546	3	1.06667	3.43889
0		1	10	0.362518	548	3	1.06667	3.43104
0		1	10	0.317606	529	3	1.06667	3.5068
0		1	10	0.305881	524	3	1.06667	3.52718
0		1	10	0.22781	490	3	1.06667	3.66501
0		1	10	0.259529	504	3	1.06667	3.60504
0		1	10	0.296536	520	3	1.06667	3.53814
0		1	10	0.324662	532	3	1.06667	3.48916
0		1	10	0.308222	525	3	1.06667	3.5176
0		1	10	0.305881	524	3	1.06667	3.52169
0		1	10	0.27795	512	3	1.06667	3.57137
0		1	10	0.290878	518	3	1.08	3.54036
0		1	10	0.28621	516	3	1.08	3.54866
0		1	10	0.304929	524	3	1.08	3.51564
0		1	10	0.258406	504	3	1.08	3.59905
0		1	10	0.249228	500	3	1.08	3.61607
0		1	10	0.279225	513	3	1.08	3.56116
0		1	10	0.256107	503	3	1.08	3.6033
0		1	10	0.356954	546	3	1.08	3.42727
0		1	10	0.345071	541	3	1.08	3.44704
0		1	10	0.368864	551	3	1.08	3.40769
0		1	10	0.387974	559	3	1.08	3.37676
0		1	10	0.356954	546	3	1.08	3.42727
0		1	10	0.316689	529	3	1.08	3.49524
0		1	10	0.321405	531	3	1.08	3.48713
0		1	10	0.314334	528	3	1.08	3.49931
0		1	10	0.335588	537	3	1.08	3.46299
0		1	10	0.31198	527	3	1.08	3.50338
0		1	10	0.263014	506	3	1.08	3.59058
0		1	10	0.22653	490	3	1.08	3.65908
0		1	10	0.223346	488	3	1.06667	3.67368
0		1	10	0.197023	476	3	1.06667	3.72618
0		1	10	0.199182	477	3	1.06667	3.72177
0		1	10	0.192727	474	3	1.06667	3.735
0		1	10	0.180032	468	3	1.06667	3.7616
0		1	10	0.218901	486	3	1.06667	3.68237
0		1	10	0.209455	485	3	1.14333	3.69288
0		1	10	0.277075	514	3	1.14333	3.56929
0		1	10	0.31988	532	3	1.14333	3.49546
0		1	10	0.281808	516	3	1.14333	3.56097
0		1	10	0.291293	520	3	1.14333	3.54442
0		1	10	0.253522	504	3	1.14333	3.61129
0		1	10	0.24416	500	3	1.14333	3.63364
0		1	10	0.258217	506	3	1.14333	3.60823
0		1	10	0.248836	502	3	1.14333	3.62514
0		1	10	0.218638	489	3	1.14333	3.68082
0		1	10	0.234839	496	3	1.14333	3.65071
0		1	10	0.209455	485	3	1.14333	3.69815
0		1	10	0.207169	484	3	1.14333	3.7025
0		1	10	0.200336	481	3	1.14333	3.71557
0		1	10	0.166881	466	3	1.14333	3.78162
0		1	10	0.14761	457	3	1.14333	3.82169
0		1	10	0.110552	438	3	1.14333	3.90684
0		1	10	0.153947	460	3	1.14333	3.80104
0		1	10	0.14552	456	3	1.14333	3.81893
0		1	10	0.137283	452	3	1.14333	3.83685
0		1	10	0.148845	457	3	1.13333	3.81445
0		1	10	0.134612	450	3	1.13333	3.83946
0		1	10	0.176355	470	3	1.13667	3.74768
0		1	10	0.109363	437	3	1.14	3.89069
0		1	10	0.129737	448	3	1.14	3.84096
0		1	10	0.101149	432	3	1.14	3.91331
0		1	10	0.116455	441	3	1.14	3.87259
0		1	10	0.127782	447	3	1.14	3.84547
0		1	10	0.120147	443	3	1.14	3.87071
0		1	10	0.154339	460	3	1.14	3.79428
0		1	10	0.101149	432	3	1.14	3.92547
0		1	10	0.0783341	405	3	1.14	4.04084
0		1	10	0.0981048	430	3	1.14	3.91656
0		1	10	0.0966406	429	3	1.14	3.92109
0		1	10	0.0845897	419	3	1.14	3.96627
0		1	10	0.0784502	404	3	1.14	4.03496
0		1	10	0.0887851	394	3	1.11667	4.06081
0		1	10	0.0861874	404	3	1.10667	4.0165
0		1	10	0.0934202	392	3	1.10333	4.08114
0		1	10	0.0934202	392	3	1.10333	4.07066
0		1	10	0.106641	380	3	1.11	4.11786
0		1	10	0.106641	380	3	1.11	4.12199
0		1	10	0.123229	369	3	1.12	4.16049
0		1	10	0.282527	337	2	0.51	4.22532
0		1	10	0.295917	352	3	0.34	4.22463
0		1	10	0.246158	366	3	0.506667	4.21497
0		1	10	0.26197	352	2	0.51	4.23377
0		1	10	0.270758	353	3	0.456667	4.22463
0		1	10	0.240377	352	2	0.62	4.23332
0		1	10	0.273043	359	3	0.413333	4.21611
0		1	10	0.23073	320	3	1.08333	4.23927
0		1	10	0.207791	324	3	1.26667	4.2282
0		1	10	0.246864	330	4	0.79	4.19634
0		1	10	0.177347	334	3	1.47	4.1737
0		1	10	0.200235	325	3	1.40333	4.19027
0		1	10	0.193606	328	4	1.42	4.18285
0		1	10	0.175173	336	4	1.375	4.17679
0		1	10	0.176352	336	4	1.3425	4.18164
0		1	10	0.219164	332	3	2	4.18161
0		1	10	0.308018	324	3	2.47667	4.19127
0		1	10	0.196961	334	4	1.835	4.16287
0		1	10	0.215637	320	4	1.6275	4.18993
0		1	10	0.204178	324	4	1.5725	4.18276
0		1	10	0.208017	326	3	1.19	4.1748
0		1	10	0.201833	329	4	1.1925	4.16952
0		1	10	0.207968	331	4	1.075	4.16956
0		1	10	0.218429	334	5	0.956	4.16431
0		1	10	0.24335	314	4	1.105	4.17081
0		1	10	0.264094	301	3	1.24667	4.18599
0		1	10	0.259595	308	4	1.075	4.13594
0		1	10	0.259595	308	4	1.075	4.14182
0		1	10	0.241382	316	4	1.075	4.0938
0		1	10	0.214558	328	4	1.075	4.05232
0		1	10	0.1741	348	4	1.0575	3.95305
0		1	10	0.148955	361	4	1.0575	3.89036
0		1	10	0.126186	372	4	1.08	3.83699
0		1	10	0.113177	381	4	1.0775	3.79013
0		1	10	0.128579	396	5	0.962	3.71686
0		1	10	0.126735	404	5	0.96	3.67537
0		1	10	0.143429	433	5	0.958	3.52946
0		1	10	0.147001	436	5	0.958	3.51481
0		1	10	0.126854	409	5	0.96	3.65817
0		1	10	0.133051	422	5	0.958	3.59243
0		1	10	0.127022	402	5	0.96	3.69414
0		1	10	0.127022	410	5	0.96	3.65306
0		1	10	0.128579	396	5	0.962	3.73118
0		1	10	0.129012	416	5	0.96	3.62874
0		1	10	0.132342	421	5	0.958	3.59608
0		1	10	0.127807	399	5	0.96	3.70824
0		1	10	0.147122	375	5	0.964	3.83417
0		1	10	0.159407	366	5	0.966	3.8818
0		1	10	0.182138	352	5	0.97	3.96196
0		1	10	0.194447	334	5	1.18	4.04755
0		1	10	0.191171	336	5	1.166	4.05002
0		1	10	0.116549	374	5	1.15	3.84613
0		1	10	0.0929051	392	5	1.148	3.75163
0		1	10	0.111118	376	5	1.164	3.83017
0		1	10	0.0944498	388	5	1.162	3.76688
0		1	10	0.0869588	396	5	1.162	3.73068
0		1	10	0.0951724	424	5	1.158	3.5882
0		1	10	0.0951724	424	5	1.158	3.5882
0		1	10	0.100142	428	5	1.158	3.56839
0		1	10	0.0843833	410	5	1.16	3.65867
0		1	10	0.0873506	416	5	1.16	3.62827
0		1	10	0.0838061	406	5	1.16	3.6791
0		1	10	0.0869588	396	5	1.162	3.73068
0		1	10	0.0843833	402	5	1.16	3.69965
0		1	10	0.084697	400	5	1.162	3.70997
0		1	10	0.090623	420	5	1.16	3.59993
0		1	10	0.0963444	425	5	1.158	3.57498
0		1	10	0.122289	442	5	1.158	3.49195
0		1	10	0.159728	461	5	1.156	3.40257
0		1	10	0.12961	446	5	1.158	3.45762
0		1	10	0.149425	456	5	1.156	3.41051
0		1	10	0.161822	462	5	1.156	3.38275
0		1	10	0.153511	458	5	1.156	3.40122
0		1	10	0.178914	470	5	1.156	3.34631
0		1	10	0.239726	497	5	1.154	3.22201
0		1	10	0.300461	523	5	1.154	3.11532
0		1	10	0.260571	506	5	1.154	3.18432
0		1	10	0.25592	504	5	1.154	3.19262
0		1	10	0.200953	480	5	1.156	3.29547
0		1	10	0.20993	484	5	1.156	3.27791
0		1	10	0.222375	489	5	1.142	3.26269
0		1	10	0.224803	490	5	1.14	3.25838
0		1	10	0.18897	474	5	1.142	3.32859
0		1	10	0.161273	461	5	1.142	3.37818
0		1	10	0.143159	452	5	1.142	3.42003
0		1	10	0.204407	481	5	1.142	3.28822
0		1	10	0.197755	478	5	1.142	3.30145
0		1	10	0.19335	476	5	1.142	3.31032
0		1	10	0.151077	456	5	1.142	3.40132
0		1	10	0.147089	454	5	1.142	3.41066
0		1	10	0.131773	446	5	1.142	3.44841
0		1	10	0.129942	445	5	1.142	3.444
0		1	10	0.147089	454	5	1.142	3.40151
0		1	10	0.167528	464	5	1.142	3.35531
0		1	10	0.176005	468	5	1.142	3.33712
0		1	10	0.139293	450	5	1.142	3.42029
0		1	10	0.135496	448	5	1.142	3.42975
0		1	10	0.120824	440	5	1.144	3.46798
0		1	10	0.129942	445	5	1.142	3.444
0		1	10	0.114216	436	5	1.144	3.48735
0		1	10	0.111093	434	5	1.144	3.49709
0		1	10	0.114216	436	5	1.144	3.47744
0		1	10	0.139293	450	5	1.142	3.41044
0		1	10	0.128132	444	5	1.142	3.4389
0		1	10	0.129942	445	5	1.142	3.43413
0		1	10	0.126058	443	5	1.144	3.44368
0		1	10	0.0927934	419	5	1.144	3.56153
0		1	10	0.0866811	406	5	1.146	3.62773
0		1	10	0.10599	381	5	1.148	3.74987
0		1	10	0.157865	352	5	1.154	3.91262
0		1	10	0.181969	340	5	1.17	3.96392
0		1	10	0.200509	330	6	1.30667	4.01186
0		1	10	0.177156	336	5	1.444	4.03212
0		1	10	0.188975	336	6	1.26667	4.05124
0		1	10	0.207075	324	4	1.3	4.13221
0		1	10	0.214758	330	5	1.058	4.04665
0		1	10	0.194715	337	5	1.106	4.00855
0		1	10	0.175246	346	5	1.11	3.96236
0		1	10	0.174571	346	5	1.116	3.96481
0		1	10	0.125093	372	5	1.116	3.82901
0		1	10	0.11919	368	5	1.21	3.86841
0		1	10	0.152106	352	5	1.21	3.96338
0		1	10	0.196639	332	5	1.21	4.05951
0		1	10	0.218881	324	6	1.22167	4.10434
0		1	10	0.263394	301	4	1.28	4.13453
0		1	10	0.312095	290	3	0.936667	4.11018
0		1	10	0.31327	313	5	0.574	4.01249
0		1	10	0.283081	326	6	0.641667	3.94045
0		1	10	0.307921	334	5	0.408	3.88849
0		1	10	0.284704	352	5	0.408	3.78525
0		1	10	0.284704	352	5	0.408	3.77078
0		1	10	0.269941	320	6	0.805	3.95841
0		1	10	0.234205	325	5	0.978	3.92355
0		1	10	0.185177	350	5	0.974	3.78795
0		1	10	0.20223	341	5	0.974	3.83274
0		1	10	0.227173	328	4	0.9625	3.89195
0		1	10	0.192342	345	4	0.9675	3.78943
0		1	10	0.188519	347	4	0.9675	3.78649
0		1	10	0.16852	358	4	0.9675	3.72281
0		1	10	0.179197	352	4	0.9675	3.74829
0		1	10	0.200132	341	4	0.9675	3.82149
0		1	10	0.195514	343	4	0.9725	3.80981
0		1	10	0.189703	346	4	0.9725	3.79231
0		1	10	0.285212	326	3	0.59	3.90369
0		1	10	0.302753	316	3	0.59	3.93517
0		1	10	0.308149	308	4	0.6575	4.02114
0		1	10	0.305379	298	4	0.8375	4.06527
0		1	10	0.286762	293	4	1.1925	4.10142
0		1	10	0.268628	311	5	0.936	4.08132
0		1	10	0.270403	317	5	0.818	4.06773
0		1	10	0.290002	304	5	0.878	4.07208
0		1	10	0.312819	302	5	0.724	4.03018
0		1	10	0.322796	296	5	0.742	4.03941
0		1	10	0.2957	300	6	0.938333	4.05281
0		1	10	0.29513	299	5	0.932	4.03187
0		1	10	0.302618	295	5	0.946	4.0408
0		1	10	0.269266	302	5	1.164	4.01408
0		1	10	0.290369	300	5	0.958	4.01537
0		1	10	0.281146	304	5	0.962	4.00281
0		1	10	0.284396	306	5	0.89	4.00845
0		1	10	0.262504	317	5	0.88	3.97489
0		1	10	0.282202	308	5	0.872	4.00056
0		1	10	0.225871	330	4	0.94	3.9046
0		1	10	0.222133	332	4	0.9375	3.89862
0		1	10	0.220117	333	4	0.9375	3.90469
0		1	10	0.207521	339	4	0.9425	3.85847
0		1	10	0.195003	342	5	1.014	3.82772
0		1	10	0.213322	333	5	1.014	3.87477
0		1	10	0.160979	360	5	1.016	3.72873
0		1	10	0.153238	364	5	1.022	3.70037
0		1	10	0.178617	350	5	1.02	3.78254
0		1	10	0.147679	366	5	1.036	3.6959
0		1	10	0.164845	356	5	1.038	3.74888
0		1	10	0.15101	364	5	1.036	3.6973
0		1	10	0.138259	372	5	1.036	3.65498
0		1	10	0.136781	373	5	1.036	3.64971
0		1	10	0.147679	366	5	1.036	3.68669
0		1	10	0.136781	373	5	1.036	3.64971
0		1	10	0.118959	386	5	1.044	3.57003
0		1	10	0.128378	378	5	1.044	3.61196
0		1	10	0.142799	368	5	1.046	3.66498
0		1	10	0.163416	356	5	1.048	3.7368
0		1	10	0.154648	361	5	1.046	3.71006
0		1	10	0.139619	370	5	1.046	3.66941
0		1	10	0.110526	397	5	1.044	3.52885
0		1	10	0.108824	404	5	1.042	3.50075
0		1	10	0.108963	409	5	1.042	3.47572
0		1	10	0.110909	398	5	1.04	3.53524
0		1	10	0.110484	414	5	1.042	3.45092
0		1	10	0.110071	413	5	1.042	3.45586
0		1	10	0.109712	412	5	1.042	3.46081
0		1	10	0.108963	409	5	1.042	3.47572
0		1	10	0.115229	390	5	1.044	3.57205
0		1	10	0.149441	364	5	1.046	3.70818
0		1	10	0.111046	396	5	1.044	3.53331
0		1	10	0.141196	369	5	1.046	3.67402
0		1	10	0.118959	386	5	1.044	3.58481
0		1	10	0.117005	388	5	1.044	3.57445
0		1	10	0.117005	388	5	1.044	3.57445
0		1	10	0.133579	374	5	1.046	3.6476
0		1	10	0.147747	365	5	1.046	3.70778
0		1	10	0.159737	358	5	1.048	3.74499
0		1	10	0.163416	356	5	1.048	3.75564
0		1	10	0.159737	358	5	1.048	3.74499
0		1	10	0.213057	340	5	0.91	3.84047
0		1	10	0.216839	338	5	0.91	3.84421
0		1	10	0.224536	334	5	0.91	3.86524
0		1	10	0.234384	329	5	0.91	3.89095
0		1	10	0.254967	319	5	0.908	3.94895
0		1	10	0.260973	316	5	0.91	3.96753
0		1	10	0.241921	325	5	0.914	3.93343
0		1	10	0.244123	320	5	0.984	3.95148
0		1	10	0.167638	360	5	0.974	3.74599
0		1	10	0.159573	365	5	0.974	3.71129
0		1	10	0.184591	350	5	0.978	3.79121
0		1	10	0.193412	345	5	0.982	3.81487
0		1	10	0.184299	350	5	0.98	3.80069
0		1	10	0.188015	348	5	0.98	3.80402
0		1	10	0.207349	338	5	0.98	3.86371
0		1	10	0.219214	332	5	0.982	3.89707
0		1	10	0.275647	305	5	0.996	4.03092
0		1	10	0.301765	291	4	1.0375	4.08506
0		1	10	0.310591	290	5	0.982	4.07991
0		1	10	0.296749	293	4	1.0425	4.07064
0		1	10	0.309167	293	5	0.924	4.06294
0		1	10	0.317264	293	4	0.8275	4.07792
0		1	10	0.345739	276	4	0.9225	4.12771
0		1	10	0.295021	294	6	1.10833	4.11415
0		1	10	0.269506	309	8	1.15625	4.08534
0		1	10	0.295751	290	6	1.27333	4.13134
0		1	10	0.327653	277	7	1.47143	4.11419
0		1	10	0.308027	282	5	1.478	4.13716
0		1	10	0.366546	258	4	1.6175	4.1336
0		1	10	0.39432	253	4	0.985	4.13614
0		1	10	0.413168	242	4	1.84	4.16512
0		1	10	0.405771	246	4	1.07	4.14253
0		1	10	0.376413	258	4	1.0825	4.08217
0		1	10	0.370324	256	4	1.41	4.09759
0		1	10	0.348229	265	4	1.545	4.05791
0		1	10	0.366343	260	5	1.23	4.08619
0		1	10	0.365441	261	4	1.155	4.07719
0		1	10	0.339011	272	4	1.155	4.01688
0		1	10	0.342758	274	3	1.01	4.00001
0		1	10	0.389797	254	3	1.01	4.10176
0		1	10	0.413881	238	3	1.51333	4.11947
0		1	10	0.437588	230	3	1.22	4.14923
0		1	10	0.44292	228	4	1.22	4.1438
0		1	10	0.454984	235	3	0.736667	4.117
0		1	10	0.44775	230	4	1.0025	4.11533
0		1	10	0.437496	234	4	1.015	4.06683
0		1	10	0.449155	229	4	1.02	4.09717
0		1	10	0.469034	216	4	1.3725	4.15173
0		1	10	0.450804	229	3	0.983333	4.14007
0		1	10	0.520258	220	2	0.42	4.17907
0		1	10	0.460689	248	2	0.42	4.00281
0		1	10	0.483793	237	2	0.42	4.07537
0		1	10	0.41831	244	3	0.936667	4.00892
0		1	10	0.446592	232	3	0.936667	4.08614
0		1	10	0.528715	226	1	0.25	4.11597
0		1	10	0.51556	237	1	0.18	4.01151
0		1	10	0.423783	238	3	1.08333	3.99222
0		1	10	0.386145	254	3	1.07	3.87391
0		1	10	0.409715	244	3	1.07667	3.93803
0		1	10	0.315969	284	3	1.05667	3.59836
0		1	10	0.311287	286	3	1.05667	3.58367
0		1	10	0.279029	300	3	1.05333	3.48304
0		1	10	0.276726	301	3	1.05333	3.47601
0		1	10	0.265541	306	3	1.05	3.44119
0		1	10	0.258702	309	3	1.05	3.42056
0		1	10	0.238382	318	3	1.05	3.35985
0		1	10	0.214135	328	3	1.07	3.3185
0		1	10	0.189662	337	2	1.125	3.2511
0		1	10	0.170646	346	2	1.12	3.19582
0		1	10	0.187459	338	2	1.125	3.24488
0		1	10	0.170646	346	2	1.12	3.20647
0		1	10	0.127415	368	2	1.115	3.07831
0		1	10	0.137932	362	2	1.12	3.11229
0		1	10	0.132938	365	2	1.115	3.09521
0		1	10	0.104732	382	2	1.115	3.00173
0		1	10	0.113729	376	2	1.115	3.03409
0		1	10	0.112145	377	2	1.115	3.02865
0		1	10	0.120364	372	2	1.115	3.05604
0		1	10	0.102032	384	2	1.115	2.99109
0		1	10	0.110592	378	2	1.115	3.02323
0		1	10	0.0903478	397	2	1.11	2.92371
0		1	10	0.0881385	402	2	1.11	2.89859
0		1	10	0.0924388	394	2	1.11	2.93899
0		1	10	0.0888241	400	2	1.11	2.90858
0		1	10	0.089941	412	2	1.105	2.84962
0		1	10	0.0920742	416	2	1.105	2.83049
0		1	10	0.0908804	414	2	1.105	2.84002
0		1	10	0.089941	412	2	1.105	2.85045
0		1	10	0.0935125	418	2	1.105	2.80999
0		1	10	0.103958	428	2	1.105	2.76372
0		1	10	0.112371	434	2	1.105	2.7367
0		1	10	0.103958	428	2	1.105	2.77464
0		1	10	0.0884477	401	2	1.11	2.90358
0		1	10	0.0881385	410	2	1.11	2.85928
0		1	10	0.0903784	413	2	1.105	2.84481
0		1	10	0.0877246	408	2	1.11	2.85882
0		1	10	0.0941296	392	2	1.11	2.93894
0		1	10	0.103958	428	2	1.105	2.77392
0		1	10	0.104156	412	3	1.03333	2.85873
0		1	10	0.10322	408	3	1.03333	2.88891
0		1	10	0.138675	368	3	1.03667	3.0988
0		1	10	0.115788	384	3	1.03667	3.01949
0		1	10	0.118173	382	3	1.03667	3.03016
0		1	10	0.126114	374	3	1.05333	3.08503
0		1	10	0.121633	377	3	1.05333	3.06858
0		1	10	0.103534	394	3	1.05	2.99335
0		1	10	0.102989	416	3	1.04667	2.88374
0		1	10	0.116835	430	3	1.04333	2.81807
0		1	10	0.108208	422	3	1.04333	2.85522
0		1	10	0.115608	429	3	1.04333	2.82266
0		1	10	0.109129	423	3	1.04333	2.84129
0		1	10	0.12947	439	3	1.04333	2.7683
0		1	10	0.104277	418	3	1.04667	2.8649
0		1	10	0.102989	416	3	1.04667	2.86412
0		1	10	0.101086	400	3	1.04667	2.94277
0		1	10	0.100121	408	3	1.04667	2.90291
0		1	10	0.100121	404	3	1.04667	2.9227
0		1	10	0.0831012	405	2	1.13	2.90784
0		1	10	0.0837309	399	2	1.135	2.9484
0		1	10	0.103108	380	2	1.14	3.0479
0		1	10	0.101596	381	2	1.14	3.0425
0		1	10	0.109499	376	2	1.14	3.06969
0		1	10	0.318066	384	1	0.14	3.02642
0		1	10	0.319205	377	1	0.15	3.06422
0		1	10	0.315587	391	1	0.14	2.98951
0		1	10	0.314807	394	1	0.14	2.97397
0		1	10	0.314383	396	1	0.14	2.96369
0		1	10	0.317633	380	1	0.15	3.0479
0		1	10	0.315884	390	1	0.14	2.99473
0		1	10	0.318066	384	1	0.14	3.02642
0		1	10	0.315048	393	1	0.14	2.96823
0		1	10	0.317264	386	1	0.14	3.00481
0		1	10	0.31581	403	1	0.13	2.92034
0		1	10	0.316337	398	1	0.13	2.94554
0		1	10	0.314199	397	1	0.14	2.95063
0		1	10	0.315884	390	1	0.14	2.98677
0		1	10	0.316682	416	1	0.13	2.85679
0		1	10	0.321455	425	1	0.12	2.8044
0		1	10	0.338971	451	1	0.11	2.68906
0		1	10	0.332383	442	1	0.11	2.72787
0		1	10	0.319182	417	1	0.12	2.84195
0		1	10	0.325422	434	1	0.12	2.76335
0		1	10	0.327068	437	1	0.12	2.74993
0		1	10	0.364668	475	1	0.1	2.60199
0		1	10	0.335878	447	1	0.11	2.71761
0		1	10	0.333048	443	1	0.11	2.735
0		1	10	0.346852	460	1	0.11	2.66264
0		1	10	0.347804	461	1	0.11	2.6585
0		1	10	0.365823	476	1	0.1	2.59805
0		1	10	0.380647	488	1	0.1	2.55171
0		1	10	0.380647	488	1	0.1	2.55171
0		1	10	0.381959	489	1	0.1	2.54792
0		1	10	0.39712	500	1	0.1	2.50705
0		1	10	0.387322	493	1	0.1	2.5329
0		1	10	0.394269	498	1	0.1	2.51438
0		1	10	0.380647	488	1	0.1	2.55171
0		1	10	0.356959	468	1	0.1	2.62993
0		1	10	0.36817	478	1	0.1	2.59021
0		1	10	0.385965	492	1	0.1	2.52577
0		1	10	0.378056	486	1	0.1	2.55779
0		1	10	0.370568	480	1	0.1	2.58087
0		1	10	0.416844	512	1	0.09	2.46256
0		1	10	0.406268	505	1	0.09	2.48746
0		1	10	0.410745	508	1	0.09	2.47672
0		1	10	0.36817	478	1	0.1	2.58866
0		1	10	0.326337	446	1	0.15	2.73007
0		1	10	0.342425	462	1	0.14	2.66242
0		1	10	0.358904	477	1	0.14	2.60207
0		1	10	0.347568	467	1	0.14	2.64199
0		1	10	0.346511	466	1	0.14	2.64605
0		1	10	0.36011	478	1	0.14	2.59815
0		1	10	0.364557	480	1	0.13	2.59034
0		1	10	0.355362	474	1	0.14	2.61391
0		1	10	0.392979	501	1	0.13	2.5112
0		1	10	0.397423	504	1	0.13	2.5003
0		1	10	0.394451	502	1	0.13	2.50756
0		1	10	0.381575	493	1	0.13	2.54075
0		1	10	0.382964	494	1	0.13	2.53701
0		1	10	0.34864	468	1	0.14	2.63794
0		1	10	0.344439	464	1	0.14	2.65421
0		1	10	0.326337	446	1	0.15	2.73007
0		1	10	0.235283	436	2	0.52	2.78378
0		1	10	0.223581	416	2	0.525	2.87663
0		1	10	0.224329	388	2	0.535	3.02847
0		1	10	0.225354	386	2	0.535	3.03907
0		1	10	0.227248	381	2	0.54	3.07591
0		1	10	0.232513	374	2	0.54	3.10425
0		1	10	0.230113	377	2	0.54	3.0877
0		1	10	0.234229	372	2	0.54	3.10529
0		1	10	0.253142	349	2	0.575	3.24991
0		1	10	0.265161	340	2	0.58	3.30507
0		1	10	0.329152	335	1	0.29	3.33642
0		1	10	0.30562	362	1	0.26	3.19405
0		1	10	0.29962	376	1	0.24	3.1149
0		1	10	0.299077	381	1	0.23	3.08753
0		1	10	0.312151	355	1	0.26	3.23504
0		1	10	0.312073	353	1	0.27	3.24167
0		1	10	0.301401	370	1	0.25	3.14335
0		1	10	0.31632	349	1	0.27	3.26563
0		1	10	0.314165	351	1	0.27	3.25456
0		1	10	0.317629	346	1	0.28	3.28477
0		1	10	0.318782	345	1	0.28	3.29087
0		1	10	0.30562	362	1	0.26	3.18985
0		1	10	0.301401	370	1	0.25	3.14426
0		1	10	0.304445	366	1	0.25	3.1669
0		1	10	0.326562	337	1	0.29	3.3404
0		1	10	0.309511	346	1	0.32	3.28415
0		1	10	0.334168	321	1	0.37	3.44268
0		1	10	0.33263	322	1	0.37	3.46103
0		1	10	0.345064	312	1	0.39	3.48127
0		1	10	0.32357	332	1	0.34	3.34979
0		1	10	0.338846	318	1	0.37	3.44097
0		1	10	0.357216	302	1	0.42	3.53919
0		1	10	0.360765	300	1	0.42	3.55275
0		1	10	0.227226	316	2	1.28	3.45254
0		1	10	0.335717	320	1	0.37	3.41999
0		1	10	0.355454	303	1	0.42	3.53332
0		1	10	0.343501	314	1	0.38	3.4477
0		1	10	0.335717	320	1	0.37	3.41896
0		1	10	0.327356	328	1	0.35	3.35825
0		1	10	0.318124	336	1	0.34	3.31512
0		1	10	0.312347	342	1	0.33	3.27794
0		1	10	0.157975	356	2	1.06	3.20414
0		1	10	0.154166	358	2	1.06	3.17996
0		1	10	0.178657	345	2	1.07	3.26979
0		1	10	0.169088	350	2	1.065	3.23965
0		1	10	0.211343	329	2	1.085	3.3696
0		1	10	0.215774	327	2	1.085	3.34818
0		1	10	0.235071	318	2	1.095	3.39552
0		1	10	0.228731	321	2	1.09	3.37575
0		1	10	0.209644	330	2	1.08	3.3176
0		1	10	0.173129	348	2	1.065	3.20638
0		1	10	0.141253	366	2	1.05	3.10178
0		1	10	0.136202	369	2	1.05	3.0803
0		1	10	0.143937	364	2	1.055	3.10836
0		1	10	0.157975	356	2	1.06	3.15426
0		1	10	0.171103	349	2	1.065	3.19547
0		1	10	0.167084	351	2	1.065	3.18359
0		1	10	0.22423	323	2	1.09	3.35735
0		1	10	0.252549	310	2	1.105	3.42914
0		1	10	0.228731	321	2	1.09	3.3484
0		1	10	0.288424	294	2	1.125	3.51012
0		1	10	0.239621	316	2	1.095	3.34561
0		1	10	0.226942	322	2	1.085	3.30619
0		1	10	0.244185	314	2	1.095	3.35893
0		1	10	0.222461	324	2	1.085	3.29323
0		1	10	0.239621	316	2	1.095	3.34561
0		1	10	0.193382	338	2	1.07	3.19343
0		1	10	0.190067	338	2	1.1	3.21843
0		1	10	0.2005	333	2	1.105	3.24954
0		1	10	0.196094	335	2	1.105	3.22553
0		1	10	0.151286	358	2	1.08	3.08798
0		1	10	0.132026	369	2	1.075	3.02472
0		1	10	0.163822	351	2	1.09	3.11659
0		1	10	0.137231	366	2	1.075	3.01758
0		1	10	0.106473	386	2	1.08	2.9227
0		1	10	0.103338	390	2	1.075	2.90209
0		1	10	0.10004	412	2	1.06	2.79374
0		1	10	0.104779	420	2	1.06	2.75634
0		1	10	0.107561	422	2	1.055	2.74715
0		1	10	0.0979279	404	2	1.065	2.81897
0		1	10	0.102585	417	2	1.06	2.75724
0		1	10	0.104779	420	2	1.06	2.74339
0		1	10	0.0979279	408	2	1.065	2.79968
0		1	10	0.100752	393	2	1.075	2.87342
0		1	10	0.107561	422	2	1.055	2.73423
0		1	10	0.104779	420	2	1.06	2.74339
0		1	10	0.0977892	400	2	1.07	2.83853
0		1	10	0.100885	414	2	1.06	2.77124
0		1	10	0.0979279	408	2	1.065	2.79968
0		1	10	0.101962	416	2	1.06	2.76189
0		1	10	0.109462	424	2	1.055	2.72513
0		1	10	0.115002	429	2	1.055	2.70266
0		1	10	0.0979279	404	2	1.065	2.81897
0		1	10	0.101562	392	2	1.075	2.87847
0		1	10	0.113809	428	2	1.055	2.70712
0		1	10	0.113809	428	2	1.055	2.70712
0		1	10	0.138701	444	2	1.045	2.62242
0		1	10	0.145531	448	2	1.045	2.60561
0		1	10	0.164672	458	2	1.04	2.55422
0		1	10	0.145531	448	2	1.045	2.59516
0		1	10	0.133826	441	2	1.045	2.62464
0		1	10	0.135426	442	2	1.045	2.62039
0		1	10	0.149859	450	2	1.04	2.58686
0		1	10	0.106683	421	2	1.055	2.7128
0		1	10	0.105855	420	2	1.055	2.71737
0		1	10	0.10004	412	2	1.06	2.75449
0		1	10	0.101831	393	2	1.07	2.84692
0		1	10	0.101084	394	2	1.07	2.8419
0		1	10	0.118982	376	2	1.085	2.92415
0		1	10	0.134881	366	2	1.09	2.97849
0		1	10	0.114065	380	2	1.08	2.89237
0		1	10	0.119874	376	2	1.08	2.91352
0		1	10	0.276103	378	1	0.34	2.89496
0		1	10	0.288103	356	1	0.37	3.01606
0		1	10	0.283058	361	1	0.37	2.98767
0		1	10	0.284031	360	1	0.37	2.99331
0		1	10	0.281491	365	1	0.36	2.96533
0		1	10	0.286032	358	1	0.37	3.00464
0		1	10	0.27949	370	1	0.35	2.91352
0		1	10	0.275041	384	1	0.33	2.83961
0		1	10	0.275146	397	1	0.31	2.77428
0		1	10	0.274791	390	1	0.32	2.80908
0		1	10	0.286329	428	1	0.28	2.6302
0		1	10	0.283262	420	1	0.28	2.66589
0		1	10	0.283904	422	1	0.28	2.65687
0		1	10	0.290601	432	1	0.27	2.61272
0		1	10	0.280978	420	1	0.29	2.67613
0		1	10	0.280978	420	1	0.29	2.67613
0		1	10	0.295569	440	1	0.27	2.58851
0		1	10	0.317286	460	1	0.25	2.50664
0		1	10	0.31426	457	1	0.25	2.51857
0		1	10	0.303908	448	1	0.26	2.5656
0		1	10	0.30562	450	1	0.26	2.55736
0		1	10	0.300697	444	1	0.26	2.58224
0		1	10	0.317286	460	1	0.25	2.50718
0		1	10	0.313284	456	1	0.25	2.52313
0		1	10	0.31426	457	1	0.25	2.51912
0		1	10	0.324891	467	1	0.25	2.47978
0		1	10	0.330396	470	1	0.24	2.46823
0		1	10	0.313284	456	1	0.25	2.52313
0		1	10	0.302267	446	1	0.26	2.56393
0		1	10	0.293561	437	1	0.27	2.60185
0		1	10	0.337697	476	1	0.24	2.44546
0		1	10	0.318326	461	1	0.25	2.50323
0		1	10	0.330396	470	1	0.24	2.46823
0		1	10	0.340238	478	1	0.24	2.43796
0		1	10	0.35145	485	1	0.23	2.41212
0		1	10	0.336446	475	1	0.24	2.44922
0		1	10	0.324891	467	1	0.25	2.47978
0		1	10	0.321541	464	1	0.25	2.49145
0		1	10	0.313284	456	1	0.25	2.5124
0		1	10	0.304756	449	1	0.26	2.54073
0		1	10	0.303079	447	1	0.26	2.54895
0		1	10	0.323759	466	1	0.25	2.47305
0		1	10	0.335208	474	1	0.24	2.44248
0		1	10	0.337697	476	1	0.24	2.43497
0		1	10	0.321541	464	1	0.25	2.47256
0		1	10	0.317286	460	1	0.25	2.48822
0		1	10	0.315253	458	1	0.25	2.49612
0		1	10	0.31138	454	1	0.25	2.5121
0		1	10	0.283572	421	1	0.28	2.66273
0		1	10	0.291726	434	1	0.27	2.60538
0		1	10	0.15193	452	2	1.05	2.53841
0		1	10	0.127391	438	2	1.055	2.59667
0		1	10	0.118816	432	2	1.055	2.6225
0		1	10	0.106502	422	2	1.06	2.67696
0		1	10	0.117859	432	2	1.06	2.63261
0		1	10	0.179771	466	2	1.045	2.49256
0		1	10	0.185035	477	3	1.21667	2.4585
0		1	10	0.143541	459	3	1.22	2.52822
0		1	10	0.132093	454	3	1.22333	2.54832
0		1	10	0.132093	454	3	1.22333	2.54832
0		1	10	0.145785	460	3	1.22	2.52424
0		1	10	0.198367	483	3	1.22667	2.44547
0		1	10	0.153945	464	3	1.23	2.51795
0		1	10	0.158527	466	3	1.23	2.51011
0		1	10	0.147113	461	3	1.23	2.50914
0		1	10	0.126647	452	3	1.23333	2.5327
0		1	10	0.181953	476	3	1.22667	2.44706
0		1	10	0.224613	494	3	1.22333	2.38143
0		1	10	0.177292	474	3	1.22667	2.45459
0		1	10	0.153945	464	3	1.23	2.49297
0		1	10	0.128855	453	3	1.23333	2.53666
0		1	10	0.181223	476	3	1.23667	2.45825
0		1	10	0.209749	488	3	1.23333	2.41392
0		1	10	0.204797	486	3	1.23667	2.4134
0		1	10	0.195336	482	3	1.23667	2.41732
0		1	10	0.181223	476	3	1.23667	2.43958
0		1	10	0.103156	442	3	1.25	2.57431
0		1	10	0.134578	456	3	1.24333	2.51699
0		1	10	0.0927836	437	3	1.25	2.59544
0		1	10	0.132328	455	3	1.24333	2.521
0		1	10	0.120855	450	3	1.24667	2.54123
0		1	10	0.116458	448	3	1.24667	2.54942
0		1	10	0.197663	476	2	1.07	2.43015
0		1	10	0.139277	448	2	1.085	2.53971
0		1	10	0.139277	448	2	1.085	2.53971
0		1	10	0.141117	449	2	1.085	2.53562
0		1	10	0.127861	442	2	1.09	2.56455
0		1	10	0.111263	432	2	1.095	2.60708
0		1	10	0.118094	436	2	1.09	2.58989
0		1	10	0.141117	449	2	1.085	2.52742
0		1	10	0.142974	450	2	1.085	2.52335
0		1	10	0.124496	440	2	1.09	2.56467
0		1	10	0.126166	441	2	1.09	2.56048
0		1	10	0.121237	438	2	1.09	2.57348
0		1	10	0.139277	448	2	1.085	2.53186
0		1	10	0.0945883	418	2	1.1	2.66112
0		1	10	0.0962414	420	2	1.1	2.65208
0		1	10	0.115076	434	2	1.09	2.57949
0		1	10	0.102316	425	2	1.095	2.6186
0		1	10	0.0847682	410	2	1.125	2.68889
0		1	10	0.0845173	409	2	1.125	2.69356
0		1	10	0.0318651	406	2	1.37	2.70476
0		1	10	0.0576735	425	2	1.36	2.61805
0		1	10	0.0556935	424	2	1.36	2.62247
0		1	10	0.0693328	431	2	1.37	2.60371
0		1	10	0.125565	455	2	1.355	2.50379
0		1	10	0.0373739	415	2	1.38	2.67506
0		1	10	0.0808357	436	2	1.365	2.58222
0		1	10	0.0737425	433	2	1.37	2.59507
0		1	10	0.0759712	434	2	1.37	2.59077
