0		1	2	0.155501	427	1	0.87	4.29148
0		1	2	0.359497	446	1	0	4.24098
0		1	2	0.348599	466	1	0.13	4.17943
0		1	2	0.36615	478	1	0.11	4.13864
0		1	2	0.383283	490	1	0.1	4.09674
0		1	2	0.376778	485	1	0.1	4.11442
0		1	2	0.380647	488	1	0.1	4.0987
0		1	2	0.393362	496	1	0.09	4.0699
0		1	2	0.420186	513	1	0.08	4.00226
0		1	2	0.44105	525	1	0.07	3.96141
0		1	2	0.449329	530	1	0.07	3.93136
0		1	2	0.475053	544	1	0.06	3.87856
0		1	2	0.513335	565	1	0.06	3.7939
0		1	2	0.52426	570	1	0.05	3.77533
0		1	2	0.53573	576	1	0.05	3.75315
0		1	2	0.485737	550	1	0.06	3.85004
0		1	2	0.483941	549	1	0.06	3.8538
0		1	2	0.571051	594	1	0.05	3.68746
0		1	2	0.563092	590	1	0.05	3.70195
0		1	2	0.563092	590	1	0.05	3.69164
0		1	2	0.543465	580	1	0.05	3.73377
0		1	2	0.528065	572	1	0.05	3.76329
0		1	2	0.567064	592	1	0.05	3.68997
0		1	2	0.583099	600	1	0.05	3.66111
0		1	2	0.537657	577	1	0.05	3.74481
0		1	2	0.520474	568	1	0.05	3.77814
0		1	2	0.520474	568	1	0.05	3.77814
0		1	2	0.579069	598	1	0.05	3.6683
0		1	2	0.551267	584	1	0.05	3.7191
0		1	2	0.575053	596	1	0.05	3.6755
0		1	2	0.64414	629	1	0.04	3.55904
0		1	2	0.667393	640	1	0.04	3.52198
0		1	2	0.701708	656	1	0.04	3.47279
0		1	2	0.727782	668	1	0.04	3.42792
0		1	2	0.740918	674	1	0.04	3.40854
0		1	2	0.826344	712	1	0.03	3.29011
0		1	2	0.876049	734	1	0.03	3.2249
0		1	2	0.853388	724	1	0.03	3.25424
0		1	2	0.866972	730	1	0.03	3.23657
0		1	2	0.821853	710	1	0.03	3.29616
0		1	2	0.749709	678	1	0.04	3.39572
0		1	2	0.719061	664	1	0.04	3.44095
0		1	2	0.759553	682	1	0.03	3.38299
0		1	2	0.777238	690	1	0.03	3.35777
0		1	2	0.786117	694	1	0.03	3.34528
0		1	2	0.783895	693	1	0.03	3.35459
0		1	2	0.759553	682	1	0.03	3.3892
0		1	2	0.695233	653	1	0.04	3.48346
0		1	2	0.663144	638	1	0.04	3.53392
0		1	2	0.727782	668	1	0.04	3.43416
0		1	2	0.671652	642	1	0.04	3.52035
0		1	2	0.663144	638	1	0.04	3.53392
0		1	2	0.61294	614	1	0.04	3.61702
0		1	2	0.617064	616	1	0.04	3.60998
0		1	2	0.60473	610	1	0.04	3.63114
0		1	2	0.658904	636	1	0.04	3.54073
0		1	2	0.710369	660	1	0.04	3.46031
0		1	2	0.766173	685	1	0.03	3.3797
0		1	2	0.761758	683	1	0.03	3.38603
0		1	2	0.716885	663	1	0.04	3.45046
0		1	2	0.646242	630	1	0.04	3.5613
0		1	2	0.599353	608	1	0.05	3.63823
0		1	2	0.567064	592	1	0.05	3.69562
0		1	2	0.569056	593	1	0.05	3.68653
0		1	2	0.555193	586	1	0.05	3.71198
0		1	2	0.577059	597	1	0.05	3.67209
0		1	2	0.547358	582	1	0.05	3.72662
0		1	2	0.553228	585	1	0.05	3.71564
0		1	2	0.504003	560	1	0.06	3.80819
0		1	2	0.496631	556	1	0.06	3.82319
0		1	2	0.496631	556	1	0.06	3.82319
0		1	2	0.528065	572	1	0.05	3.76348
0		1	2	0.528065	572	1	0.05	3.76348
0		1	2	0.462874	537	1	0.06	3.89492
0		1	2	0.409592	506	1	0.08	4.01783
0		1	2	0.406649	504	1	0.08	4.0253
0		1	2	0.432964	520	1	0.07	3.96515
0		1	2	0.418646	512	1	0.08	3.99532
0		1	2	0.373515	494	1	0.18	4.06694
0		1	2	0.381168	498	1	0.17	4.05226
0		1	2	0.376395	496	1	0.18	4.05962
0		1	2	0.407246	518	1	0.2	3.98235
0		1	2	0.448849	540	1	0.18	3.89835
0		1	2	0.452223	541	1	0.17	3.8886
0		1	2	0.461354	546	1	0.17	3.86979
0		1	2	0.445239	538	1	0.18	3.89849
0		1	2	0.457683	544	1	0.17	3.87591
0		1	2	0.477748	554	1	0.16	3.83838
0		1	2	0.427689	529	1	0.19	3.93241
0		1	2	0.511814	571	1	0.15	3.78168
0		1	2	0.485308	558	1	0.16	3.82993
0		1	2	0.450415	540	1	0.17	3.89169
0		1	2	0.494396	562	1	0.15	3.80718
0		1	2	0.454037	542	1	0.17	3.88723
0		1	2	0.459516	545	1	0.17	3.87597
0		1	2	0.47963	555	1	0.16	3.83856
0		1	2	0.494396	562	1	0.15	3.8125
0		1	2	0.485308	558	1	0.16	3.82738
0		1	2	0.48341	557	1	0.16	3.8311
0		1	2	0.523026	576	1	0.14	3.76079
0		1	2	0.598821	612	1	0.12	3.6312
0		1	2	0.583032	605	1	0.13	3.65597
0		1	2	0.53493	582	1	0.14	3.73281
0		1	2	0.564523	596	1	0.13	3.68208
0		1	2	0.524999	577	1	0.14	3.74572
0		1	2	0.461354	546	1	0.17	3.86114
0		1	2	0.481518	556	1	0.16	3.82976
0		1	2	0.457683	544	1	0.17	3.87474
0		1	2	0.438097	534	1	0.18	3.91238
0		1	2	0.470274	550	1	0.16	3.85222
0		1	2	0.470274	550	1	0.16	3.85222
0		1	2	0.457683	544	1	0.17	3.8895
0		1	2	0.504027	567	1	0.15	3.80731
0		1	2	0.481518	556	1	0.16	3.85189
0		1	2	0.492948	562	1	0.16	3.82966
0		1	2	0.530946	580	1	0.14	3.76352
0		1	2	0.555078	592	1	0.14	3.72002
0		1	2	0.564523	596	1	0.13	3.70564
0		1	2	0.574774	601	1	0.13	3.68776
0		1	2	0.564523	596	1	0.13	3.70564
0		1	2	0.583032	605	1	0.13	3.67353
0		1	2	0.53893	584	1	0.14	3.74952
0		1	2	0.564523	596	1	0.13	3.70619
0		1	2	0.53893	584	1	0.14	3.74952
0		1	2	0.546975	588	1	0.14	3.73502
0		1	2	0.583032	605	1	0.13	3.67408
0		1	2	0.572717	600	1	0.13	3.69188
0		1	2	0.568614	598	1	0.13	3.69903
0		1	2	0.624062	624	1	0.12	3.60744
0		1	2	0.668023	644	1	0.11	3.53913
0		1	2	0.689738	654	1	0.11	3.50571
0		1	2	0.678856	649	1	0.11	3.52236
0		1	2	0.655093	638	1	0.11	3.55942
0		1	2	0.712685	664	1	0.1	3.47279
0		1	2	0.768095	689	1	0.1	3.39269
0		1	2	0.79146	699	1	0.09	3.36154
0		1	2	0.784728	696	1	0.09	3.37083
0		1	2	0.795954	701	1	0.09	3.35536
0		1	2	0.780247	694	1	0.09	3.37705
0		1	2	0.784728	696	1	0.09	3.37083
0		1	2	0.847984	724	1	0.09	3.28583
0		1	2	0.847984	724	1	0.09	3.28583
0		1	2	0.867086	732	1	0.08	3.26225
0		1	2	0.908296	750	1	0.08	3.21033
0		1	2	0.876217	736	1	0.08	3.25057
0		1	2	0.813982	709	1	0.09	3.33088
0		1	2	0.862526	730	1	0.08	3.26811
0		1	2	0.908296	750	1	0.08	3.21033
0		1	2	0.859372	729	1	0.09	3.27105
0		1	2	0.892234	743	1	0.08	3.23033
0		1	2	0.843436	722	1	0.09	3.29177
0		1	2	0.922097	756	1	0.08	3.18797
0		1	2	0.922097	756	1	0.08	3.18797
0		1	2	0.912893	752	1	0.08	3.19926
0		1	2	0.859372	729	1	0.09	3.27125
0		1	2	0.929009	759	1	0.08	3.18513
0		1	2	0.949787	768	1	0.08	3.16012
0		1	2	0.896819	745	1	0.08	3.22478
0		1	2	0.908296	750	1	0.08	3.21051
0		1	2	0.977587	780	1	0.08	3.12735
0		1	2	0.989966	785	1	0.07	3.11389
0		1	2	0.975266	779	1	0.08	3.13005
0		1	2	1.00159	790	1	0.07	3.10054
0		1	2	0.989966	785	1	0.07	3.11389
0		1	2	1.00159	790	1	0.07	3.10054
0		1	2	0.980682	781	1	0.07	3.12465
0		1	2	1.02488	800	1	0.07	3.07417
0		1	2	0.963674	774	1	0.08	3.14365
0		1	2	0.922097	756	1	0.08	3.19355
0		1	2	0.912893	752	1	0.08	3.20484
0		1	2	0.972947	778	1	0.08	3.13276
0		1	2	1.00624	792	1	0.07	3.09523
0		1	2	0.970627	777	1	0.08	3.13548
0		1	2	0.945164	766	1	0.08	3.16564
0		1	2	0.987644	784	1	0.07	3.11657
0		1	2	1.1045	834	1	0.07	2.98771
0		1	2	1.16644	860	1	0.06	2.92478
0		1	2	1.21848	882	1	0.06	2.87357
0		1	2	1.1948	872	1	0.06	2.89662
0		1	2	1.21374	880	1	0.06	2.87815
0		1	2	1.22322	884	1	0.06	2.86901
0		1	2	1.19953	874	1	0.06	2.89198
0		1	2	1.14756	852	1	0.06	2.94386
0		1	2	1.13746	848	1	0.07	2.95349
0		1	2	1.19953	874	1	0.06	2.88686
0		1	2	1.18534	868	1	0.06	2.90498
0		1	2	1.16644	860	1	0.06	2.9238
0		1	2	1.16644	860	1	0.06	2.9238
0		1	2	1.18534	868	1	0.06	2.90498
0		1	2	1.17825	865	1	0.06	2.91201
0		1	2	1.1045	834	1	0.07	2.9867
0		1	2	1.11156	837	1	0.07	2.97931
0		1	2	1.13275	846	1	0.07	2.95734
0		1	2	1.16644	860	1	0.06	2.9238
0		1	2	1.21374	880	1	0.06	2.8772
0		1	2	1.13746	848	1	0.07	2.9525
0		1	2	1.08337	825	1	0.07	3.00911
0		1	2	1.05057	811	1	0.07	3.04463
0		1	2	1.06695	818	1	0.07	3.02676
0		1	2	1.14756	852	1	0.06	2.94287
0		1	2	1.1045	834	1	0.07	2.9867
0		1	2	1.09275	829	1	0.07	2.99911
0		1	2	1.18061	866	1	0.06	2.90966
0		1	2	1.1948	872	1	0.06	2.89566
0		1	2	1.18061	866	1	0.06	2.90966
0		1	2	1.14992	853	1	0.06	2.94047
0		1	2	1.209	878	1	0.06	2.88179
0		1	2	1.26595	902	1	0.06	2.82763
0		1	2	1.33263	930	1	0.06	2.76701
0		1	2	1.29926	916	1	0.06	2.79699
0		1	2	1.3374	932	1	0.06	2.76279
0		1	2	1.33978	933	1	0.06	2.76068
0		1	2	1.29926	916	1	0.06	2.79699
0		1	2	1.40964	962	1	0.05	2.70092
0		1	2	1.33978	933	1	0.06	2.76068
0		1	2	1.28974	912	1	0.06	2.80057
0		1	2	1.23508	889	1	0.06	2.85154
0		1	2	1.22796	886	1	0.06	2.85833
0		1	2	1.28974	912	1	0.06	2.80057
0		1	2	1.25407	897	1	0.06	2.8336
0		1	2	1.20427	876	1	0.06	2.8812
0		1	2	1.21848	882	1	0.06	2.86743
0		1	2	1.17825	865	1	0.06	2.90678
0		1	2	1.13813	848	1	0.06	2.94187
0		1	2	1.13275	846	1	0.07	2.9467
0		1	2	1.14756	852	1	0.06	2.93227
0		1	2	1.17588	864	1	0.06	2.90381
0		1	2	1.10215	833	1	0.07	2.97847
0		1	2	1.02022	798	1	0.07	3.06748
0		1	2	0.968309	776	1	0.08	3.12615
0		1	2	0.959042	772	1	0.08	3.13705
0		1	2	0.912893	752	1	0.08	3.19265
0		1	2	0.908129	751	1	0.11	3.20128
0		1	2	0.859923	730	1	0.11	3.26184
0		1	2	0.864496	732	1	0.11	3.25598
0		1	2	0.882828	740	1	0.11	3.23274
0		1	2	0.948207	768	1	0.1	3.15377
0		1	2	1.00633	793	1	0.1	3.08632
0		1	2	1.00166	791	1	0.1	3.09161
0		1	2	0.962116	774	1	0.1	3.13733
0		1	2	0.921972	757	1	0.11	3.18436
0		1	2	0.95284	770	1	0.1	3.14827
0		1	2	0.919662	756	1	0.11	3.18716
0		1	2	0.959796	773	1	0.1	3.14006
0		1	2	0.999331	790	1	0.1	3.09427
0		1	2	1.02735	802	1	0.1	3.06271
0		1	2	0.976052	780	1	0.1	3.12104
0		1	2	0.976052	780	1	0.1	3.12104
0		1	2	0.938158	764	1	0.11	3.16483
0		1	2	0.915046	754	1	0.11	3.19279
0		1	2	0.95284	770	1	0.1	3.14827
0		1	2	0.941262	765	1	0.1	3.16206
0		1	2	0.95284	770	1	0.1	3.14827
0		1	2	0.845355	724	1	0.12	3.27954
0		1	2	0.808978	708	1	0.12	3.3276
0		1	2	0.820316	713	1	0.12	3.31244
0		1	2	0.79541	702	1	0.12	3.34595
0		1	2	0.764637	690	1	0.16	3.38877
0		1	2	0.819936	714	1	0.15	3.31498
0		1	2	0.810829	710	1	0.15	3.32708
0		1	2	0.833628	720	1	0.15	3.29698
0		1	2	0.81538	712	1	0.15	3.32102
0		1	2	0.81538	712	1	0.15	3.32102
0		1	2	0.824496	716	1	0.15	3.30369
0		1	2	0.806282	708	1	0.15	3.32788
0		1	2	0.787233	700	1	0.16	3.35238
0		1	2	0.787233	700	1	0.16	3.35238
0		1	2	0.760134	688	1	0.16	3.38975
0		1	2	0.718861	670	1	0.17	3.44717
0		1	2	0.725552	673	1	0.17	3.43748
0		1	2	0.741215	680	1	0.17	3.41507
0		1	2	0.77818	696	1	0.16	3.36476
0		1	2	0.755635	686	1	0.16	3.39605
0		1	2	0.81538	712	1	0.15	3.31574
0		1	2	0.871141	736	1	0.14	3.24459
0		1	2	0.866547	734	1	0.14	3.2501
0		1	2	0.857369	730	1	0.14	3.2618
0		1	2	0.824496	716	1	0.15	3.30337
0		1	2	0.819936	714	1	0.15	3.30938
0		1	2	0.753388	685	1	0.16	3.39887
0		1	2	0.791766	702	1	0.16	3.3459
0		1	2	0.81538	712	1	0.15	3.31542
0		1	2	0.8382	722	1	0.15	3.28543
0		1	2	0.773661	694	1	0.16	3.37065
0		1	2	0.743458	681	1	0.17	3.41155
0		1	2	0.819936	714	1	0.15	3.30938
0		1	2	0.751142	684	1	0.16	3.40203
0		1	2	0.806282	708	1	0.15	3.32755
0		1	2	0.727785	674	1	0.17	3.43393
0		1	2	0.700083	662	1	0.18	3.47817
0		1	2	0.691223	658	1	0.18	3.49102
0		1	2	0.661565	645	1	0.19	3.53966
0		1	2	0.695649	660	1	0.18	3.48983
0		1	2	0.752445	685	1	0.17	3.40927
0		1	2	0.747949	683	1	0.17	3.4156
0		1	2	0.72332	672	1	0.17	3.45077
0		1	2	0.752445	685	1	0.17	3.40927
0		1	2	0.732256	676	1	0.17	3.43791
0		1	2	0.727785	674	1	0.17	3.44433
0		1	2	0.727785	674	1	0.17	3.45239
0		1	2	0.689012	657	1	0.18	3.50784
0		1	2	0.73002	675	1	0.17	3.44918
0		1	2	0.654999	642	1	0.19	3.55794
0		1	2	0.610569	622	1	0.2	3.62228
0		1	2	0.661565	645	1	0.19	3.5436
0		1	2	0.623488	628	1	0.2	3.60151
0		1	2	0.650631	640	1	0.19	3.55479
0		1	2	0.614766	626	1	0.24	3.60293
0		1	2	0.682769	656	1	0.22	3.50138
0		1	2	0.655205	644	1	0.23	3.54147
0		1	2	0.623468	630	1	0.24	3.58914
0		1	2	0.623468	630	1	0.24	3.58914
0		1	2	0.610429	624	1	0.24	3.60293
0		1	2	0.592046	616	1	0.25	3.63597
0		1	2	0.565239	604	1	0.26	3.67832
0		1	2	0.541726	594	1	0.28	3.71408
0		1	2	0.551352	598	1	0.27	3.69351
0		1	2	0.511305	580	1	0.29	3.75863
0		1	2	0.531238	589	1	0.28	3.72591
0		1	2	0.592046	616	1	0.25	3.63481
0		1	2	0.612596	625	1	0.24	3.60349
0		1	2	0.608263	623	1	0.24	3.61042
0		1	2	0.65741	645	1	0.23	3.53586
0		1	2	0.655205	644	1	0.23	3.53922
0		1	2	0.72395	674	1	0.21	3.44046
0		1	2	0.747398	684	1	0.2	3.40855
0		1	2	0.692654	660	1	0.21	3.48599
0		1	2	0.756434	688	1	0.2	3.40023
0		1	2	0.740634	681	1	0.2	3.42237
0		1	2	0.650802	642	1	0.23	3.5502
0		1	2	0.645514	641	1	0.26	3.55894
0		1	2	0.56708	607	1	0.3	3.67651
0		1	2	0.556361	602	1	0.3	3.69932
0		1	2	0.534885	593	1	0.32	3.73144
0		1	2	0.512614	583	1	0.33	3.76204
0		1	2	0.449611	558	1	0.42	3.84514
0		1	2	0.43675	556	1	0.49	3.86746
0		1	2	0.423069	550	1	0.5	3.87884
0		1	2	0.429282	553	1	0.5	3.88347
0		1	2	0.45546	566	1	0.51	3.83747
0		1	2	0.522519	594	1	0.45	3.74644
0		1	2	0.483453	578	1	0.49	3.80639
0		1	2	0.419954	552	1	0.56	3.90475
0		1	2	0.451042	565	1	0.53	3.86842
0		1	2	0.482353	578	1	0.5	3.82676
0		1	2	0.453183	566	1	0.53	3.86545
0		1	2	0.451042	565	1	0.53	3.86908
0		1	2	0.501879	586	1	0.48	3.78988
0		1	2	0.552106	607	1	0.44	3.71673
0		1	2	0.546079	594	2	0.235	3.77303
0		1	2	0.564081	602	2	0.225	3.73842
0		1	2	0.511132	578	2	0.25	3.82025
0		1	2	0.517419	582	2	0.265	3.8157
0		1	2	0.522607	586	2	0.29	3.81669
0		1	2	0.522607	586	2	0.29	3.82061
0		1	2	0.595348	618	2	0.25	3.70453
0		1	2	0.638888	637	2	0.23	3.63409
0		1	2	0.641082	638	2	0.23	3.63071
0		1	2	0.599673	620	2	0.25	3.69229
0		1	2	0.595348	618	2	0.25	3.69922
0		1	2	0.558752	602	2	0.27	3.76467
0		1	2	0.527403	588	2	0.285	3.81417
0		1	2	0.545438	596	2	0.275	3.78086
0		1	2	0.566307	605	2	0.26	3.74492
0		1	2	0.604558	622	2	0.245	3.68571
0		1	2	0.646	640	2	0.225	3.61889
0		1	2	0.696245	662	2	0.21	3.54569
0		1	2	0.675729	653	2	0.215	3.57537
0		1	2	0.632316	634	2	0.23	3.63923
0		1	2	0.627409	632	2	0.235	3.64605
0		1	2	0.650399	642	2	0.225	3.60724
0		1	2	0.636695	636	2	0.23	3.63282
0		1	2	0.56844	606	2	0.26	3.7364
0		1	2	0.564177	604	2	0.26	3.74862
0		1	2	0.636695	636	2	0.23	3.63888
0		1	2	0.629595	633	2	0.235	3.64909
0		1	2	0.595906	618	2	0.245	3.70066
0		1	2	0.605109	622	2	0.24	3.68018
0		1	2	0.618685	628	2	0.235	3.65953
0		1	2	0.627409	632	2	0.235	3.64585
0		1	2	0.641609	638	2	0.225	3.61962
0		1	2	0.638888	637	2	0.23	3.62849
0		1	2	0.648198	641	2	0.225	3.61497
0		1	2	0.719105	672	2	0.205	3.51263
0		1	2	0.673512	652	2	0.215	3.57816
0		1	2	0.673512	652	2	0.215	3.57816
0		1	2	0.627409	632	2	0.235	3.6516
0		1	2	0.595906	618	2	0.245	3.69974
0		1	2	0.505365	578	2	0.295	3.84184
0		1	2	0.478215	566	2	0.315	3.87898
0		1	2	0.478174	564	2	0.285	3.86457
0		1	2	0.505102	576	2	0.265	3.81573
0		1	2	0.520116	583	2	0.26	3.79579
0		1	2	0.442803	550	2	0.34	3.93138
0		1	2	0.303127	512	2	0.82	4.08184
0		1	2	0.333718	529	1	0.9	4.00503
0		1	2	0.348658	534	1	0.86	3.97605
0		1	2	0.33805	515	3	0.593333	4.07443
0		1	2	0.266511	502	2	0.955	4.09901
0		1	2	0.250762	506	1	1.37	4.08073
0		1	2	0.30464	526	1	1.21	4.01398
0		1	2	0.302883	526	1	1.25	4.0162
0		1	2	0.281118	518	1	1.32	4.05064
0		1	2	0.269591	514	1	1.4	4.08221
0		1	2	0.240977	495	2	1.055	4.1412
0		1	2	0.219718	491	3	1.19	4.17836
0		1	2	0.24647	501	2	1.155	4.15057
0		1	2	0.238437	495	3	1.07333	4.165
0		1	2	0.291305	513	2	0.95	4.0763
0		1	2	0.342951	532	2	0.855	4.00029
0		1	2	0.363248	540	2	0.83	3.97688
0		1	2	0.373646	544	2	0.815	3.96246
0		1	2	0.324232	526	2	0.91	4.01911
0		1	2	0.330143	528	2	0.895	4.00537
0		1	2	0.328265	528	2	0.915	4.01849
0		1	2	0.290233	514	2	0.985	4.07384
0		1	2	0.292097	514	2	0.965	4.02607
0		1	2	0.304893	518	2	0.925	3.98614
0		1	2	0.305611	528	1	1.31	3.93713
0		1	2	0.242451	503	1	1.52	4.03024
0		1	2	0.245632	504	1	1.57	4.0217
0		1	2	0.243177	502	1	1.65	4.03797
0		1	2	0.324247	536	1	1.34	3.90902
0		1	2	0.329346	538	1	1.33	3.91858
0		1	2	0.305978	529	1	1.41	3.96318
0		1	2	0.355299	548	1	1.27	3.8755
0		1	2	0.376019	556	1	1.23	3.84584
0		1	2	0.376756	556	1	1.21	3.83399
0		1	2	0.417368	572	1	1.16	3.77492
0		1	2	0.370489	554	1	1.25	3.84142
0		1	2	0.370489	554	1	1.25	3.83956
0		1	2	0.373249	555	1	1.24	3.83688
0		1	2	0.373249	555	1	1.24	3.83741
0		1	2	0.335827	541	1	1.37	3.90156
0		1	2	0.32784	538	1	1.42	3.91154
0		1	2	0.389585	562	1	1.26	3.81359
0		1	2	0.450827	586	1	1.17	3.732
0		1	2	0.456042	588	1	1.16	3.7194
0		1	2	0.481789	598	1	1.12	3.6882
0		1	2	0.456042	588	1	1.16	3.72401
0		1	2	0.455673	588	1	1.17	3.73633
0		1	2	0.499518	605	1	1.1	3.67065
0		1	2	0.4907	602	1	1.14	3.68717
0		1	2	0.511215	610	1	1.11	3.6625
0		1	2	0.526521	616	1	1.09	3.64182
0		1	2	0.540665	622	1	1.1	3.62685
0		1	2	0.535443	620	1	1.11	3.63376
0		1	2	0.510097	610	1	1.14	3.66449
0		1	2	0.486871	601	1	1.18	3.70333
0		1	2	0.514264	612	1	1.16	3.67104
0		1	2	0.452616	588	1	1.27	3.75527
0		1	2	0.411434	572	1	1.38	3.80646
0		1	2	0.445877	584	2	1.815	3.77859
0		1	2	0.427939	578	3	1.21667	3.80211
0		1	2	0.433035	580	3	1.21	3.7976
0		1	2	0.447994	586	3	1.2	3.78199
0		1	2	0.470949	595	3	1.17	3.75628
0		1	2	0.508059	610	3	1.15333	3.70054
0		1	2	0.443233	584	3	1.19667	3.7937
0		1	2	0.472705	596	3	1.19	3.77948
0		1	2	0.48615	594	3	0.84	3.7912
0		1	2	0.482083	594	3	0.9	3.81626
0		1	2	0.482161	596	4	0.985	3.81956
0		1	2	0.404293	568	3	1.19667	3.93054
0		1	2	0.403996	561	2	0.915	3.99986
0		1	2	0.318475	526	3	1.98667	4.10557
0		1	2	0.304706	516	2	2.07	4.14881
0		1	2	0.291253	514	3	1.98667	4.1619
0		1	2	0.2548	496	2	2.01	4.16993
0		1	2	0.203774	488	4	1.555	4.20342
0		1	2	0.245866	502	2	1.2	4.18874
0		1	2	0.231325	498	3	1.27667	4.19566
0		1	2	0.170803	472	2	1.685	4.23898
0		1	2	0.232395	496	3	1.17667	4.22745
0		1	2	0.303803	513	5	0.85	4.23235
0		1	2	0.386802	544	4	0.6875	4.16322
0		1	2	0.36903	536	4	0.6925	4.18336
0		1	2	0.388694	545	4	0.69	4.16123
0		1	2	0.368743	536	4	0.695	4.18722
0		1	2	0.355689	530	4	0.6975	4.19375
0		1	2	0.362817	540	5	0.852	4.17239
0		1	2	0.372717	544	5	0.842	4.16911
0		1	2	0.416004	563	5	0.84	4.12753
0		1	2	0.418294	564	5	0.84	4.12017
0		1	2	0.449061	579	5	0.892	4.09378
0		1	2	0.417313	566	5	0.912	4.13306
0		1	2	0.368772	544	6	0.918333	4.19265
0		1	2	0.253138	508	3	1.61	4.19821
0		1	2	0.263565	513	3	1.49	4.20248
0		1	2	0.251563	506	3	1.69667	4.21398
0		1	2	0.300539	527	3	1.64333	4.16809
0		1	2	0.370189	556	3	1.57667	4.07995
0		1	2	0.411683	573	3	1.55	4.02798
0		1	2	0.455834	591	3	1.53	3.95996
0		1	2	0.404334	570	3	1.55333	4.03062
0		1	2	0.392067	565	3	1.55667	4.04188
0		1	2	0.414113	574	3	1.54667	4.01365
0		1	2	0.379845	560	3	1.56333	4.05656
0		1	2	0.370239	556	3	1.58	4.07209
0		1	2	0.353201	549	3	1.59	4.08756
0		1	2	0.346435	546	3	1.62	4.1008
0		1	2	0.320822	536	2	1.48	4.13905
0		1	2	0.298945	524	2	1.765	4.18619
0		1	2	0.287778	512	2	1.99	4.19904
0		1	2	0.249977	505	3	1.24	4.21584
0		1	2	0.261288	510	4	1.2725	4.22744
0		1	2	0.264284	511	5	1.318	4.22561
0		1	2	0.254654	494	2	2.045	4.23513
0		1	2	0.391834	510	1	2.74	4.21985
0		1	2	0.288451	508	2	2.08	4.22668
0		1	2	0.311204	496	1	2.4	4.22957
0		1	2	0.212938	491	2	1.62	4.23748
0		1	2	0.184928	480	2	1.58	4.24229
0		1	2	0.219381	490	2	1.175	4.22225
0		1	2	0.283404	478	2	0.53	4.22011
0		1	2	0.195413	464	3	0.903333	4.23917
0		1	2	0.233664	470	2	0.74	4.23147
0		1	2	0.227764	470	2	0.775	4.23064
0		1	2	0.197201	456	2	0.82	4.2392
0		1	2	0.185167	475	4	1.1725	4.19763
0		1	2	0.218607	489	4	1.155	4.17511
0		1	2	0.234996	496	4	1.1525	4.15394
0		1	2	0.208402	485	4	1.1675	4.18485
0		1	2	0.212336	486	4	1.1475	4.1922
0		1	2	0.225445	491	4	1.1275	4.188
0		1	2	0.255642	479	2	0.7	4.19315
0		1	2	0.135966	461	3	1.42667	4.21689
0		1	2	0.158901	470	2	1.48	4.22536
0		1	2	0.254212	496	5	0.97	4.16291
0		1	2	0.240832	486	4	0.8875	4.18599
0		1	2	0.296873	516	5	0.984	4.11098
0		1	2	0.319178	526	5	0.988	4.08663
0		1	2	0.28345	510	5	0.984	4.13527
0		1	2	0.247472	496	5	1.036	4.18286
0		1	2	0.288529	509	6	0.945	4.18029
0		1	2	0.255248	504	5	1.164	4.19863
0		1	2	0.234036	500	4	1.3575	4.16951
0		1	2	0.268437	512	4	1.2225	4.13847
0		1	2	0.298601	524	4	1.195	4.09919
0		1	2	0.297977	524	4	1.2075	4.09199
0		1	2	0.300894	518	3	0.96	4.09681
0		1	2	0.326887	528	3	0.923333	4.06478
0		1	2	0.346552	536	3	0.906667	4.03865
0		1	2	0.430653	568	3	0.78	3.93046
0		1	2	0.458448	580	3	0.776667	3.8894
0		1	2	0.442088	573	3	0.78	3.9175
0		1	2	0.423708	570	3	0.926667	3.9172
0		1	2	0.391813	557	3	0.946667	3.9616
0		1	2	0.347096	539	3	0.983333	4.01843
0		1	2	0.349422	540	3	0.983333	4.01894
0		1	2	0.399074	560	3	0.943333	3.94281
0		1	2	0.361822	545	3	0.973333	3.99401
0		1	2	0.403998	562	3	0.94	3.93495
0		1	2	0.349677	540	3	0.98	4.00639
0		1	2	0.324388	530	3	1.00667	4.0437
0		1	2	0.331869	533	3	1	4.03571
0		1	2	0.361572	545	3	0.976667	4.00378
0		1	2	0.398834	560	3	0.946667	3.95292
0		1	2	0.457579	584	3	0.913333	3.87068
0		1	2	0.467245	588	3	0.91	3.85659
0		1	2	0.447697	580	3	0.92	3.88401
0		1	2	0.462301	586	3	0.913333	3.86771
0		1	2	0.467245	588	3	0.91	3.86087
0		1	2	0.462301	586	3	0.913333	3.86771
0		1	2	0.40845	564	3	0.943333	3.94291
0		1	2	0.423243	570	3	0.933333	3.92243
0		1	2	0.520657	610	3	0.89	3.77676
0		1	2	0.559549	626	3	0.876667	3.71825
0		1	2	0.49198	598	3	0.893333	3.81327
0		1	2	0.545449	620	3	0.873333	3.73843
0		1	2	0.557555	625	3	0.87	3.7216
0		1	2	0.559938	626	3	0.87	3.71825
0		1	2	0.613251	648	3	0.856667	3.64523
0		1	2	0.521065	610	3	0.883333	3.77231
0		1	2	0.512715	607	3	0.903333	3.78874
0		1	2	0.558974	626	3	0.886667	3.71962
0		1	2	0.515093	608	3	0.903333	3.78053
0		1	2	0.537119	617	3	0.893333	3.74996
0		1	2	0.500627	602	3	0.906667	3.80101
0		1	2	0.449392	581	3	0.93	3.86919
0		1	2	0.473698	591	3	0.92	3.83406
0		1	2	0.425136	571	3	0.94	3.90261
0		1	2	0.403286	562	3	0.95	3.91472
0		1	2	0.378418	552	3	0.97	3.95055
0		1	2	0.363413	546	3	0.983333	3.97353
0		1	2	0.383582	554	3	0.963333	3.94254
0		1	2	0.331142	532	3	0.98	4.00706
0		1	2	0.383484	553	3	0.933333	3.93279
0		1	2	0.46645	587	3	0.886667	3.81415
0		1	2	0.434744	574	3	0.903333	3.86392
0		1	2	0.429819	572	3	0.906667	3.87472
0		1	2	0.432162	573	3	0.906667	3.87124
0		1	2	0.512417	606	3	0.87	3.76709
0		1	2	0.483398	594	3	0.88	3.80376
0		1	2	0.510049	605	3	0.87	3.76099
0		1	2	0.536755	616	3	0.86	3.71772
0		1	2	0.536755	616	3	0.86	3.71772
0		1	2	0.461514	585	3	0.89	3.82443
0		1	2	0.527267	612	3	0.86	3.72725
0		1	2	0.488562	596	3	0.873333	3.77354
0		1	2	0.529848	613	3	0.856667	3.71012
0		1	2	0.573426	631	3	0.843333	3.64899
0		1	2	0.58057	634	3	0.843333	3.63891
0		1	2	0.527691	612	3	0.853333	3.71823
0		1	2	0.53006	613	3	0.853333	3.7148
0		1	2	0.501028	601	3	0.863333	3.75611
0		1	2	0.508334	604	3	0.86	3.74564
0		1	2	0.564113	627	3	0.84	3.66538
0		1	2	0.520375	609	3	0.856667	3.72628
0		1	2	0.600226	642	3	0.833333	3.62007
0		1	2	0.646378	661	3	0.82	3.55787
0		1	2	0.711674	688	3	0.81	3.47213
0		1	2	0.711674	688	3	0.81	3.46738
0		1	2	0.714247	689	3	0.806667	3.45944
0		1	2	0.74137	700	3	0.793333	3.42547
0		1	2	0.763199	709	3	0.79	3.39808
0		1	2	0.765608	710	3	0.79	3.39506
0		1	2	0.760791	708	3	0.79	3.40111
0		1	2	0.809328	728	3	0.783333	3.34148
0		1	2	0.877305	756	3	0.776667	3.26103
0		1	2	0.877305	756	3	0.776667	3.26103
0		1	2	0.838016	740	3	0.79	3.30657
0		1	2	0.842852	742	3	0.79	3.30082
0		1	2	0.935321	780	3	0.78	3.19483
0		1	2	0.886705	760	3	0.783333	3.24982
0		1	2	0.988861	802	3	0.776667	3.13631
0		1	2	0.964575	792	3	0.776667	3.16266
0		1	2	0.910936	770	3	0.783333	3.22318
0		1	2	0.918345	773	3	0.78	3.21495
0		1	2	0.901241	766	3	0.783333	3.23422
0		1	2	0.898817	765	3	0.783333	3.23699
0		1	2	0.84769	744	3	0.79	3.29619
0		1	2	0.896394	764	3	0.783333	3.23977
0		1	2	0.957293	789	3	0.776667	3.17169
0		1	2	1.03773	822	3	0.77	3.08586
0		1	2	0.974288	796	3	0.776667	3.15311
0		1	2	1.00843	810	3	0.773333	3.11655
0		1	2	1.01815	814	3	0.773333	3.10626
0		1	2	1.00843	810	3	0.773333	3.11655
0		1	2	0.937747	781	3	0.78	3.19318
0		1	2	0.981574	799	3	0.776667	3.14521
0		1	2	0.954866	788	3	0.776667	3.17436
0		1	2	0.908512	769	3	0.783333	3.22593
0		1	2	0.864772	751	3	0.786667	3.27624
0		1	2	0.867192	752	3	0.786667	3.27341
0		1	2	0.84769	744	3	0.79	3.29619
0		1	2	0.808868	728	3	0.793333	3.34738
0		1	2	0.891549	762	3	0.783333	3.25007
0		1	2	1.03517	821	3	0.773333	3.09308
0		1	2	1.08651	842	3	0.766667	3.04064
0		1	2	1.05232	828	3	0.77	3.07541
0		1	2	1.02301	816	3	0.773333	3.10582
0		1	2	1.09138	844	3	0.766667	3.03574
0		1	2	1.07179	836	3	0.77	3.05079
0		1	2	1.10112	848	3	0.766667	3.02134
0		1	2	1.05232	828	3	0.77	3.07074
0		1	2	1.04259	824	3	0.77	3.08081
0		1	2	1.06692	834	3	0.77	3.05575
0		1	2	1.07422	837	3	0.77	3.04831
0		1	2	1.05196	828	3	0.78	3.07574
0		1	2	1.07642	838	3	0.776667	3.05083
0		1	2	1.09781	846	3	0.723333	3.03588
0		1	2	1.09781	846	3	0.723333	3.03588
0		1	2	1.17093	876	3	0.72	2.9643
0		1	2	1.17093	876	3	0.72	2.9643
0		1	2	1.20016	888	3	0.72	2.9366
0		1	2	1.17093	876	3	0.72	2.9594
0		1	2	1.05893	830	3	0.723333	3.07045
0		1	2	1.11727	854	3	0.723333	3.01151
0		1	2	1.05893	830	3	0.723333	3.07052
0		1	2	1.01292	812	3	0.783333	3.11146
0		1	2	0.908102	769	3	0.793333	3.226
0		1	2	0.891131	762	3	0.793333	3.2454
0		1	2	0.94463	784	3	0.79	3.18516
0		1	2	0.930068	778	3	0.79	3.20138
0		1	2	0.908102	769	3	0.793333	3.226
0		1	2	0.930068	778	3	0.79	3.20138
0		1	2	0.925215	776	3	0.79	3.20682
0		1	2	0.920364	774	3	0.79	3.21228
0		1	2	0.898403	765	3	0.793333	3.23116
0		1	2	0.920364	774	3	0.79	3.20159
0		1	2	0.937348	781	3	0.79	3.18259
0		1	2	0.934921	780	3	0.79	3.18529
0		1	2	0.885677	764	4	1.13	3.23423
0		1	2	0.924971	780	4	1.1275	3.19038
0		1	2	0.836535	744	4	1.135	3.29085
0		1	2	0.856201	752	4	1.1325	3.26808
0		1	2	0.880773	762	4	1.13	3.24002
0		1	2	0.986407	805	4	1.1225	3.12428
0		1	2	1.00854	814	4	1.12	3.10104
0		1	2	0.996223	809	4	1.1225	3.11391
0		1	2	0.998677	810	4	1.1225	3.11133
0		1	2	1.07241	840	4	1.1175	3.03575
0		1	2	1.10192	852	4	1.115	3.00651
0		1	2	1.05523	833	4	1.1175	3.05306
0		1	2	1.038	826	4	1.12	3.07057
0		1	2	1.00854	814	4	1.12	3.10104
0		1	2	1.0675	838	4	1.1175	3.04067
0		1	2	1.05768	834	4	1.1175	3.05058
0		1	2	1.13139	864	4	1.115	2.97781
0		1	2	1.10192	852	4	1.115	3.00651
0		1	2	1.05277	832	4	1.1175	3.05555
0		1	2	1.07732	842	4	1.1175	3.03083
0		1	2	1.00363	812	4	1.12	3.10141
0		1	2	1.03554	825	4	1.12	3.06834
0		1	2	0.998677	810	4	1.1225	3.10656
0		1	2	1.01345	816	4	1.12	3.09116
0		1	2	1.00363	812	4	1.12	3.10141
0		1	2	1.07241	840	4	1.1175	3.03103
0		1	2	1.01345	816	4	1.12	3.09116
0		1	2	1.14371	869	4	1.1125	2.96135
0		1	2	1.10683	854	4	1.115	2.99699
0		1	2	1.08223	844	4	1.1175	3.02122
0		1	2	1.08684	846	4	1.135	3.01136
0		1	2	1.05487	833	4	1.1375	3.04332
0		1	2	1.11631	858	4	1.135	2.98244
0		1	2	0.954072	792	4	1.145	3.14857
0		1	2	0.914758	776	4	1.1475	3.19155
0		1	2	0.855778	752	4	1.1525	3.25811
0		1	2	0.83861	745	4	1.1525	3.278
0		1	2	0.804175	731	4	1.1575	3.31846
0		1	2	0.836106	744	4	1.155	3.28086
0		1	2	0.909851	774	4	1.1475	3.19211
0		1	2	0.924478	780	4	1.1525	3.18027
0		1	2	0.924478	780	4	1.1525	3.18027
0		1	2	0.934296	784	4	1.1525	3.16949
0		1	2	0.966253	797	4	1.15	3.13494
0		1	2	0.998214	810	4	1.1475	3.10109
0		1	2	1.00558	813	4	1.1475	3.09338
0		1	2	0.944114	788	4	1.1525	3.16463
0		1	2	1.02277	820	4	1.1475	3.0813
0		1	2	1.13097	864	4	1.14	2.97344
0		1	2	1.01786	818	4	1.1475	3.08639
0		1	2	1.00313	812	4	1.1475	3.10174
0		1	2	1.04246	828	4	1.145	3.06112
0		1	2	1.0154	817	4	1.1475	3.08893
0		1	2	1.03018	823	4	1.145	3.0737
0		1	2	1.01786	818	4	1.1475	3.08639
0		1	2	1.00313	812	4	1.1475	3.10174
0		1	2	0.993304	808	4	1.1475	3.11205
0		1	2	1.01786	818	4	1.1475	3.08639
0		1	2	1.1064	854	4	1.14	2.9973
0		1	2	1.05228	832	4	1.145	3.05113
0		1	2	1.06211	836	4	1.145	3.0412
0		1	2	1.11132	856	4	1.14	2.99249
0		1	2	1.05474	833	4	1.145	3.04864
0		1	2	1.09899	851	4	1.1425	3.00453
0		1	2	0.998214	810	4	1.1475	3.10689
0		1	2	1.10886	855	4	1.14	2.99482
0		1	2	1.10145	852	4	1.1425	3.00204
0		1	2	1.1064	854	4	1.14	2.99722
0		1	2	1.06211	836	4	1.145	3.04113
0		1	2	1.05228	832	4	1.145	3.05106
0		1	2	1.00558	813	4	1.1475	3.09909
0		1	2	1.04737	830	4	1.145	3.05605
0		1	2	1.02277	820	4	1.1475	3.08123
0		1	2	0.983438	804	4	1.15	3.12236
0		1	2	0.976073	801	4	1.15	3.13019
0		1	2	0.988349	806	4	1.15	3.11716
0		1	2	0.953933	792	4	1.1525	3.1539
0		1	2	0.875303	760	4	1.1575	3.24103
0		1	2	0.870396	758	4	1.1575	3.23546
0		1	2	0.86544	756	4	1.16	3.24106
0		1	2	0.799112	729	4	1.165	3.31346
0		1	2	0.772088	718	4	1.1675	3.34595
0		1	2	0.786799	724	4	1.1675	3.33326
0		1	2	0.789251	725	4	1.1675	3.33031
0		1	2	0.811373	734	4	1.165	3.30397
0		1	2	0.799112	729	4	1.165	3.31856
0		1	2	0.806468	732	4	1.165	3.30979
0		1	2	0.747466	708	4	1.1725	3.38108
0		1	2	0.715551	695	4	1.175	3.42145
0		1	2	0.658978	672	4	1.185	3.49368
0		1	2	0.747466	708	4	1.1725	3.38172
0		1	2	0.776991	720	4	1.1675	3.34573
0		1	2	0.779443	721	4	1.1675	3.34276
0		1	2	0.77454	719	4	1.1675	3.3487
0		1	2	0.685695	683	4	1.195	3.46385
0		1	2	0.685695	683	4	1.195	3.46385
0		1	2	0.665375	674	4	1.1275	3.4856
0		1	2	0.682483	681	4	1.1275	3.46344
0		1	2	0.621341	656	4	1.13	3.5434
0		1	2	0.594423	645	4	1.1325	3.57955
0		1	2	0.609405	652	4	1.21	3.56305
0		1	2	0.619439	656	4	1.2	3.54497
0		1	2	0.640801	664	4	1.1325	3.51899
0		1	2	0.565344	634	4	1.21	3.62308
0		1	2	0.619439	656	4	1.2	3.55024
0		1	2	0.555494	630	4	1.2125	3.63655
0		1	2	0.496343	606	4	1.23	3.72346
0		1	2	0.48643	602	4	1.235	3.74196
0		1	2	0.498787	607	4	1.23	3.72477
0		1	2	0.54558	626	4	1.2175	3.65983
0		1	2	0.493831	605	4	1.2325	3.73167
0		1	2	0.54558	626	4	1.2175	3.65983
0		1	2	0.54558	626	4	1.2175	3.65377
0		1	2	0.511079	612	4	1.2275	3.70629
0		1	2	0.615788	655	4	1.255	3.56828
0		1	2	0.598771	648	4	1.2475	3.5955
0		1	2	0.590606	641	5	1.002	3.62339
0		1	2	0.568629	632	5	1.008	3.64849
0		1	2	0.612097	650	5	1.008	3.59346
0		1	2	0.655993	668	5	1	3.5351
0		1	2	0.617017	652	5	1.006	3.58691
0		1	2	0.602427	646	5	1.008	3.60661
0		1	2	0.485534	598	5	1.036	3.76425
0		1	2	0.514739	610	5	1.028	3.72219
0		1	2	0.526586	608	4	0.74	3.72412
0		1	2	0.519419	605	4	0.7425	3.73445
0		1	2	0.530498	610	4	0.75	3.7144
0		1	2	0.514377	612	3	1.11333	3.7159
0		1	2	0.521667	615	3	1.11333	3.72096
0		1	2	0.545482	624	3	1.06333	3.67999
0		1	2	0.503174	607	3	1.09	3.74136
0		1	2	0.438088	581	3	1.14	3.82578
0		1	2	0.44394	584	3	1.17667	3.82639
0		1	2	0.538773	621	3	1.05	3.71254
0		1	2	0.560576	630	3	1.05	3.69329
0		1	2	0.55559	628	3	1.05333	3.69997
0		1	2	0.597765	645	3	1.03	3.64364
0		1	2	0.698263	686	3	1.00667	3.5184
0		1	2	0.722718	696	3	1.00333	3.48741
0		1	2	0.752172	708	3	0.996667	3.45078
0		1	2	0.707995	690	3	1.00667	3.50595
0		1	2	0.698263	686	3	1.00667	3.51833
0		1	2	0.605043	648	3	1.03	3.63984
0		1	2	0.636994	661	3	1.02	3.59151
0		1	2	0.590354	642	3	1.03333	3.65342
0		1	2	0.585504	640	3	1.03333	3.66002
0		1	2	0.551449	626	3	1.03667	3.7079
0		1	2	0.580932	638	3	1.02667	3.65718
0		1	2	0.620269	654	3	1.01333	3.59981
0		1	2	0.608007	649	3	1.01667	3.61614
0		1	2	0.669214	674	3	1.00333	3.53551
0		1	2	0.715777	693	3	0.993333	3.47599
0		1	2	0.698631	686	3	0.996667	3.49774
0		1	2	0.708481	690	3	0.993333	3.48528
0		1	2	0.688907	682	3	0.996667	3.51026
0		1	2	0.732929	700	3	0.99	3.45445
0		1	2	0.745217	705	3	0.986667	3.4392
0		1	2	0.68392	680	3	1	3.52228
0		1	2	0.600597	646	3	1.02	3.63171
0		1	2	0.597103	645	3	1.04667	3.64157
0		1	2	0.574471	636	3	1.06667	3.66637
0		1	2	0.628571	658	3	1.05	3.60069
0		1	2	0.579329	638	3	1.06667	3.66135
0		1	2	0.58216	636	3	0.9	3.67781
0		1	2	0.616277	650	3	0.89	3.63341
0		1	2	0.733371	698	3	0.86	3.47666
0		1	2	0.748018	704	3	0.856667	3.45831
0		1	2	0.670028	672	3	0.873333	3.55793
0		1	2	0.672762	673	3	0.866667	3.55475
0		1	2	0.684967	678	3	0.863333	3.53416
0		1	2	0.684967	678	3	0.863333	3.54002
0		1	2	0.748319	704	3	0.85	3.45937
0		1	2	0.768552	712	3	0.83	3.43934
0		1	2	0.67667	674	3	0.836667	3.55085
0		1	2	0.705208	686	3	0.843333	3.50841
0		1	2	0.793017	722	3	0.823333	3.40595
0		1	2	0.866066	752	3	0.813333	3.31883
0		1	2	0.856373	748	3	0.813333	3.33499
0		1	2	0.768552	712	3	0.83	3.44063
0		1	2	0.758893	708	3	0.83	3.44308
0		1	2	0.802689	726	3	0.823333	3.39028
0		1	2	0.719826	692	3	0.84	3.49321
0		1	2	0.62727	654	3	0.863333	3.6189
0		1	2	0.607557	646	3	0.873333	3.67005
0		1	2	0.630888	660	3	1.12667	3.61941
0		1	2	0.690816	680	5	0.866	3.58944
0		1	2	0.686247	682	4	1.0825	3.58319
0		1	2	0.666262	674	4	1.0975	3.60829
0		1	2	0.644956	662	4	0.9	3.64927
0		1	2	0.688705	680	4	0.8925	3.60253
0		1	2	0.663084	670	4	0.925	3.6479
0		1	2	0.659293	668	4	0.9025	3.65472
0		1	2	0.706571	687	5	0.89	3.6006
0		1	2	0.68303	680	6	1.105	3.62664
0		1	2	0.702506	688	6	1.105	3.61917
0		1	2	0.673297	676	6	1.105	3.66518
0		1	2	0.75175	708	6	1.08667	3.56682
0		1	2	0.812902	733	6	1.08	3.49261
0		1	2	0.835043	742	6	1.07333	3.4711
0		1	2	0.830118	740	6	1.075	3.47688
0		1	2	0.879085	760	6	1.07	3.42379
0		1	2	0.891343	765	6	1.06833	3.40976
0		1	2	0.886582	763	6	1.06333	3.41924
0		1	2	0.874369	758	6	1.06333	3.42919
0		1	2	0.908613	772	6	1.06167	3.40532
0		1	2	0.991945	806	6	1.05333	3.30792
0		1	2	0.903725	770	6	1.06167	3.40092
0		1	2	0.830294	740	6	1.06833	3.48596
0		1	2	0.766844	714	6	1.07	3.57204
0		1	2	0.732727	697	7	0.92	3.63191
0		1	2	0.698076	686	6	1.09	3.65415
0		1	2	0.73255	700	6	1.07667	3.61422
0		1	2	0.678719	678	6	1.08667	3.66725
0		1	2	0.748118	707	6	1.13167	3.56668
0		1	2	0.772615	717	6	1.12833	3.53391
0		1	2	0.812942	734	6	1.185	3.49992
0		1	2	0.837361	744	6	1.18833	3.46714
0		1	2	0.829984	741	6	1.19	3.4758
0		1	2	0.812814	734	6	1.19167	3.49613
0		1	2	0.751089	709	6	1.22	3.57005
0		1	2	0.759388	712	7	1.27429	3.5605
0		1	2	0.778989	720	7	1.27143	3.53248
0		1	2	0.818208	736	7	1.26571	3.48543
0		1	2	0.837804	744	7	1.26429	3.46174
0		1	2	0.876975	760	7	1.26429	3.42066
0		1	2	0.837746	744	7	1.26857	3.46622
0		1	2	0.857349	752	7	1.26714	3.43877
0		1	2	0.869482	757	7	1.27571	3.42895
0		1	2	0.842548	746	7	1.27571	3.47343
0		1	2	0.891689	766	7	1.26286	3.40688
0		1	2	0.880691	761	7	1.18286	3.40748
0		1	2	0.839095	744	6	1.10667	3.45672
0		1	2	0.897747	769	5	1.174	3.39169
0		1	2	0.854155	750	4	1.02	3.43408
0		1	2	0.84432	747	5	1.148	3.44842
0		1	2	0.84106	744	5	0.992	3.49498
0		1	2	0.935492	780	6	0.825	3.39952
0		1	2	0.886219	763	5	1.034	3.44679
0		1	2	0.927474	780	5	1.046	3.4059
0		1	2	0.898021	768	5	1.05	3.43899
0		1	2	0.876609	758	6	0.983333	3.45826
0		1	2	0.851434	749	6	1.10167	3.46966
0		1	2	0.886506	762	6	0.978333	3.43258
0		1	2	0.920553	775	6	0.903333	3.38925
0		1	2	0.963189	796	5	1.226	3.33886
0		1	2	0.973043	800	5	1.224	3.32813
0		1	2	0.889765	766	5	1.21	3.43084
0		1	2	0.880359	762	4	1.15	3.44258
0		1	2	0.877532	762	4	1.355	3.43856
0		1	2	0.83826	744	5	1.092	3.51698
0		1	2	0.809735	728	5	0.796	3.59334
0		1	2	0.812235	726	6	0.673333	3.65387
0		1	2	0.827591	733	7	0.734286	3.63469
0		1	2	0.766679	712	7	0.98	3.70157
0		1	2	0.793275	724	6	1.00167	3.70719
0		1	2	0.761621	711	6	1.00333	3.71846
0		1	2	0.831556	740	6	1.02333	3.62639
0		1	2	0.860998	752	6	1.01667	3.59656
0		1	2	0.936788	782	7	0.977143	3.51743
0		1	2	0.941658	784	7	0.977143	3.51194
0		1	2	1.02332	818	7	1.02571	3.43457
0		1	2	1.05762	832	7	1.02143	3.39809
0		1	2	1.0184	816	7	1.02714	3.44515
0		1	2	1.04694	826	7	0.875714	3.40952
0		1	2	1.07629	838	7	0.871429	3.37853
0		1	2	1.02248	816	7	0.88	3.43572
0		1	2	0.973711	796	7	0.884286	3.48911
0		1	2	0.959088	790	7	0.885714	3.50539
0		1	2	0.920001	774	7	0.892857	3.54938
0		1	2	0.870506	752	6	0.758333	3.62806
0		1	2	0.861498	750	6	0.858333	3.75263
0		1	2	0.846837	744	6	0.861667	3.75057
0		1	2	0.948783	786	6	0.86	3.7443
0		1	2	1.01131	812	6	0.881667	3.71927
0		1	2	1.00152	808	6	0.883333	3.71801
0		1	2	1.01608	814	6	0.885	3.71245
0		1	2	1.0039	809	6	0.885	3.71817
0		1	2	1.05512	830	6	0.883333	3.6917
0		1	2	1.06238	833	6	0.885	3.68552
0		1	2	1.01364	813	6	0.885	3.71043
0		1	2	0.981984	800	6	0.885	3.7291
0		1	2	1.02095	816	6	0.885	3.71141
0		1	2	1.04487	824	6	0.755	3.70383
0		1	2	1.00606	808	6	0.755	3.72262
0		1	2	0.960039	789	6	0.755	3.74124
0		1	2	0.911681	769	6	0.755	3.75274
0		1	2	0.967776	792	6	0.743333	3.74389
0		1	2	1.04525	824	6	0.745	3.71413
0		1	2	1.04767	825	6	0.745	3.71291
0		1	2	1.13749	862	6	0.746667	3.66402
0		1	2	1.10583	849	6	0.748333	3.69012
0		1	2	1.01046	810	6	0.766667	3.74204
0		1	2	1.03034	820	6	0.896667	3.7324
0		1	2	1.05477	830	6	0.895	3.72081
0		1	2	1.04019	824	6	0.893333	3.73033
0		1	2	0.966892	794	6	0.9	3.76235
0		1	2	0.946338	784	6	0.795	3.78085
0		1	2	0.910088	772	7	1.06429	3.7753
0		1	2	0.865269	752	8	0.9975	3.84127
0		1	2	0.884594	763	7	1.24429	3.86274
0		1	2	0.944426	788	6	1.23833	3.85466
0		1	2	1.05228	832	6	1.25167	3.80718
0		1	2	0.929011	782	6	1.295	3.84915
0		1	2	0.913969	776	6	1.32667	3.85953
0		1	2	0.975325	801	6	1.33333	3.80402
0		1	2	1.0582	834	6	1.17667	3.71464
0		1	2	1.03596	825	6	1.18667	3.7429
0		1	2	1.02994	822	8	1.3475	3.74841
0		1	2	1.06151	834	9	1.33444	3.72911
0		1	2	1.02971	822	8	1.38625	3.78062
0		1	2	0.980443	802	7	1.22143	3.81913
0		1	2	0.968063	796	9	1.46222	3.82212
0		1	2	0.978255	800	9	1.35333	3.84774
0		1	2	0.946249	788	8	1.52375	3.84138
0		1	2	0.897738	767	7	1.88286	3.94943
0		1	2	0.952022	788	10	1.642	3.96064
0		1	2	0.990691	804	9	1.81222	3.93832
