0		1	0.01	0.349483	396	0	0	4.29255
0		1	0.01	0.349318	397	0	0	4.29239
0		1	0.01	0.349318	397	0	0	4.29133
0		1	0.01	0.349665	395	0	0	4.29764
0		1	0.01	0.349665	395	0	0	4.30281
0		1	0.01	0.349864	394	0	0	4.28315
0		1	0.01	0.349665	395	0	0	4.29019
0		1	0.01	0.349864	394	0	0	4.29399
0		1	0.01	0.350081	393	0	0	4.29169
0		1	0.01	0.350081	393	0	0	4.29519
0		1	0.01	0.350081	393	0	0	4.29506
0		1	0.01	0.349318	397	0	0	4.28666
0		1	0.01	0.349864	394	0	0	4.28888
0		1	0.01	0.350081	393	0	0	4.2697
0		1	0.01	0.349665	395	0	0	4.25994
0		1	0.01	0.349318	397	0	0	4.26966
0		1	0.01	0.349318	397	0	0	4.26747
0		1	0.01	0.349318	397	0	0	4.28346
0		1	0.01	0.349483	396	0	0	4.27441
0		1	0.01	0.349483	396	0	0	4.26775
0		1	0.01	0.350081	393	0	0	4.26696
0		1	0.01	0.350081	393	0	0	4.27929
0		1	0.01	0.350566	391	0	0	4.25695
0		1	0.01	0.350834	390	0	0	4.27881
0		1	0.01	0.351741	387	0	0	4.28193
0		1	0.01	0.3528	384	0	0	4.25933
0		1	0.01	0.3528	384	0	0	4.28016
0		1	0.01	0.35359	382	0	0	4.28983
0		1	0.01	0.35401	381	0	0	4.29088
0		1	0.01	0.354447	380	0	0	4.27683
0		1	0.01	0.35401	381	0	0	4.28006
0		1	0.01	0.35401	381	0	0	4.28996
0		1	0.01	0.35401	381	0	0	4.30525
0		1	0.01	0.354447	380	0	0	4.29623
0		1	0.01	0.3549	379	0	0	4.28392
0		1	0.01	0.354447	380	0	0	4.29547
0		1	0.01	0.35401	381	0	0	4.29177
0		1	0.01	0.35401	381	0	0	4.29436
0		1	0.01	0.35401	381	0	0	4.30128
0		1	0.01	0.35537	378	0	0	4.29121
0		1	0.01	0.356878	375	0	0	4.29411
0		1	0.01	0.356878	375	0	0	4.29937
0		1	0.01	0.357964	373	0	0	4.28876
0		1	0.01	0.355856	377	0	0	4.29064
0		1	0.01	0.3549	379	0	0	4.29278
0		1	0.01	0.3549	379	0	0	4.29601
0		1	0.01	0.3549	379	0	0	4.29669
0		1	0.01	0.35359	382	0	0	4.29634
0		1	0.01	0.35359	382	0	0	4.29088
0		1	0.01	0.35401	381	0	0	4.29746
0		1	0.01	0.35401	381	0	0	4.306
0		1	0.01	0.35359	382	0	0	4.28536
0		1	0.01	0.353187	383	0	0	4.28003
0		1	0.01	0.352077	386	0	0	4.29012
0		1	0.01	0.3528	384	0	0	4.28812
0		1	0.01	0.3528	384	0	0	4.30917
0		1	0.01	0.3528	384	0	0	4.31455
0		1	0.01	0.3528	384	0	0	4.31037
0		1	0.01	0.3528	384	0	0	4.29176
0		1	0.01	0.35243	385	0	0	4.29913
0		1	0.01	0.351741	387	0	0	4.29706
0		1	0.01	0.351741	387	0	0	4.27122
0		1	0.01	0.352077	386	0	0	4.283
0		1	0.01	0.352077	386	0	0	4.28837
0		1	0.01	0.352077	386	0	0	4.26542
0		1	0.01	0.351741	387	0	0	4.28779
0		1	0.01	0.351741	387	0	0	4.2943
0		1	0.01	0.351422	388	0	0	4.29929
0		1	0.01	0.351119	389	0	0	4.30113
0		1	0.01	0.351422	388	0	0	4.30289
0		1	0.01	0.351119	389	0	0	4.29732
0		1	0.01	0.351119	389	0	0	4.30061
0		1	0.01	0.351119	389	0	0	4.27706
0		1	0.01	0.351119	389	0	0	4.28204
0		1	0.01	0.351422	388	0	0	4.28662
0		1	0.01	0.351741	387	0	0	4.28203
0		1	0.01	0.351741	387	0	0	4.29051
0		1	0.01	0.351741	387	0	0	4.29751
0		1	0.01	0.351119	389	0	0	4.30057
0		1	0.01	0.351119	389	0	0	4.30813
0		1	0.01	0.350834	390	0	0	4.29579
0		1	0.01	0.350566	391	0	0	4.28471
0		1	0.01	0.350315	392	0	0	4.28943
0		1	0.01	0.350566	391	0	0	4.28133
0		1	0.01	0.350834	390	0	0	4.26052
0		1	0.01	0.351119	389	0	0	4.27514
0		1	0.01	0.351422	388	0	0	4.26824
0		1	0.01	0.351422	388	0	0	4.2833
0		1	0.01	0.350566	391	0	0	4.28435
0		1	0.01	0.350566	391	0	0	4.29645
0		1	0.01	0.350315	392	0	0	4.29735
0		1	0.01	0.350315	392	0	0	4.29996
0		1	0.01	0.349864	394	0	0	4.30402
0		1	0.01	0.350081	393	0	0	4.30641
0		1	0.01	0.350315	392	0	0	4.28172
0		1	0.01	0.350566	391	0	0	4.28837
0		1	0.01	0.350315	392	0	0	4.28978
0		1	0.01	0.350566	391	0	0	4.28925
0		1	0.01	0.350081	393	0	0	4.29477
0		1	0.01	0.349864	394	0	0	4.28632
0		1	0.01	0.350081	393	0	0	4.30023
0		1	0.01	0.350315	392	0	0	4.2991
0		1	0.01	0.350315	392	0	0	4.29068
0		1	0.01	0.350081	393	0	0	4.29936
0		1	0.01	0.349864	394	0	0	4.28848
0		1	0.01	0.350081	393	0	0	4.29806
0		1	0.01	0.349318	397	0	0	4.29786
0		1	0.01	0.349318	397	0	0	4.29912
0		1	0.01	0.34917	398	0	0	4.27657
0		1	0.01	0.349318	397	0	0	4.29404
0		1	0.01	0.34917	398	0	0	4.3075
0		1	0.01	0.34904	399	0	0	4.28531
0		1	0.01	0.34917	398	0	0	4.28571
0		1	0.01	0.34904	399	0	0	4.2913
0		1	0.01	0.348692	403	0	0	4.29558
0		1	0.01	0.348649	404	0	0	4.29305
0		1	0.01	0.348649	404	0	0	4.29474
0		1	0.01	0.348649	404	0	0	4.27753
0		1	0.01	0.348692	403	0	0	4.27808
0		1	0.01	0.348753	402	0	0	4.29116
0		1	0.01	0.348753	402	0	0	4.2832
0		1	0.01	0.34904	399	0	0	4.2866
0		1	0.01	0.34904	399	0	0	4.28224
0		1	0.01	0.348753	402	0	0	4.28527
0		1	0.01	0.348692	403	0	0	4.28665
0		1	0.01	0.348753	402	0	0	4.27203
0		1	0.01	0.348927	400	0	0	4.26394
0		1	0.01	0.348927	400	0	0	4.26399
0		1	0.01	0.348927	400	0	0	4.2799
0		1	0.01	0.348927	400	0	0	4.27234
0		1	0.01	0.34904	399	0	0	4.30522
0		1	0.01	0.34904	399	0	0	4.29572
0		1	0.01	0.34904	399	0	0	4.29186
0		1	0.01	0.34904	399	0	0	4.29856
0		1	0.01	0.349483	396	0	0	4.29752
0		1	0.01	0.349665	395	0	0	4.26142
0		1	0.01	0.349665	395	0	0	4.26655
0		1	0.01	0.349483	396	0	0	4.28474
0		1	0.01	0.349483	396	0	0	4.29236
0		1	0.01	0.350081	393	0	0	4.28732
0		1	0.01	0.350315	392	0	0	4.29903
0		1	0.01	0.349665	395	0	0	4.29806
0		1	0.01	0.350315	392	0	0	4.27792
0		1	0.01	0.350566	391	0	0	4.28866
0		1	0.01	0.350566	391	0	0	4.3
0		1	0.01	0.350566	391	0	0	4.30857
0		1	0.01	0.350566	391	0	0	4.28586
0		1	0.01	0.350566	391	0	0	4.29814
0		1	0.01	0.350315	392	0	0	4.2871
0		1	0.01	0.350315	392	0	0	4.30375
0		1	0.01	0.350315	392	0	0	4.30292
0		1	0.01	0.350315	392	0	0	4.27867
0		1	0.01	0.349864	394	0	0	4.28782
0		1	0.01	0.349864	394	0	0	4.29833
0		1	0.01	0.349864	394	0	0	4.30801
0		1	0.01	0.349864	394	0	0	4.2992
0		1	0.01	0.350834	390	0	0	4.30163
0		1	0.01	0.350081	393	0	0	4.29182
0		1	0.01	0.350566	391	0	0	4.29223
0		1	0.01	0.350834	390	0	0	4.29528
0		1	0.01	0.350566	391	0	0	4.28651
0		1	0.01	0.350315	392	0	0	4.27658
0		1	0.01	0.350081	393	0	0	4.28705
0		1	0.01	0.349864	394	0	0	4.28848
0		1	0.01	0.349483	396	0	0	4.29905
0		1	0.01	0.349318	397	0	0	4.28229
0		1	0.01	0.349665	395	0	0	4.28699
0		1	0.01	0.34917	398	0	0	4.28882
0		1	0.01	0.349318	397	0	0	4.2735
0		1	0.01	0.348927	400	0	0	4.28795
0		1	0.01	0.34904	399	0	0	4.27425
0		1	0.01	0.34904	399	0	0	4.2746
0		1	0.01	0.34904	399	0	0	4.2776
0		1	0.01	0.34904	399	0	0	4.28008
0		1	0.01	0.348831	401	0	0	4.28276
0		1	0.01	0.34904	399	0	0	4.27062
0		1	0.01	0.349318	397	0	0	4.26777
0		1	0.01	0.349483	396	0	0	4.2745
0		1	0.01	0.349483	396	0	0	4.29539
0		1	0.01	0.349318	397	0	0	4.28728
0		1	0.01	0.349318	397	0	0	4.2885
0		1	0.01	0.349318	397	0	0	4.28436
0		1	0.01	0.34917	398	0	0	4.28268
0		1	0.01	0.34917	398	0	0	4.25671
0		1	0.01	0.349665	395	0	0	4.27465
0		1	0.01	0.350081	393	0	0	4.28119
0		1	0.01	0.350081	393	0	0	4.27826
0		1	0.01	0.350315	392	0	0	4.28708
0		1	0.01	0.350081	393	0	0	4.28692
0		1	0.01	0.349864	394	0	0	4.28224
0		1	0.01	0.349864	394	0	0	4.28728
0		1	0.01	0.349864	394	0	0	4.28448
0		1	0.01	0.350081	393	0	0	4.27485
0		1	0.01	0.350566	391	0	0	4.30036
0		1	0.01	0.350834	390	0	0	4.30463
0		1	0.01	0.350566	391	0	0	4.30549
0		1	0.01	0.350315	392	0	0	4.30084
0		1	0.01	0.349864	394	0	0	4.2909
0		1	0.01	0.349665	395	0	0	4.29239
0		1	0.01	0.349665	395	0	0	4.28888
0		1	0.01	0.34917	398	0	0	4.26437
0		1	0.01	0.34917	398	0	0	4.29656
0		1	0.01	0.349318	397	0	0	4.30409
0		1	0.01	0.349318	397	0	0	4.28492
0		1	0.01	0.34904	399	0	0	4.28772
0		1	0.01	0.348831	401	0	0	4.27937
0		1	0.01	0.348927	400	0	0	4.29103
0		1	0.01	0.34904	399	0	0	4.27998
0		1	0.01	0.349665	395	0	0	4.28573
0		1	0.01	0.349483	396	0	0	4.29358
0		1	0.01	0.349318	397	0	0	4.28322
0		1	0.01	0.349665	395	0	0	4.29833
0		1	0.01	0.349665	395	0	0	4.29134
0		1	0.01	0.349483	396	0	0	4.28708
0		1	0.01	0.348927	400	0	0	4.2644
0		1	0.01	0.348927	400	0	0	4.29119
0		1	0.01	0.348927	400	0	0	4.28466
0		1	0.01	0.348831	401	0	0	4.27594
0		1	0.01	0.348831	401	0	0	4.28542
0		1	0.01	0.348692	403	0	0	4.2892
0		1	0.01	0.348649	404	0	0	4.28663
0		1	0.01	0.348649	404	0	0	4.2883
0		1	0.01	0.348753	402	0	0	4.29432
0		1	0.01	0.348649	404	0	0	4.27968
0		1	0.01	0.348649	404	0	0	4.28532
0		1	0.01	0.348614	406	0	0	4.27714
0		1	0.01	0.348614	406	0	0	4.28758
0		1	0.01	0.348649	404	0	0	4.28163
0		1	0.01	0.348622	405	0	0	4.27904
0		1	0.01	0.348649	404	0	0	4.28137
0		1	0.01	0.348692	403	0	0	4.27657
0		1	0.01	0.348692	403	0	0	4.28649
0		1	0.01	0.348692	403	0	0	4.29556
0		1	0.01	0.348692	403	0	0	4.29297
0		1	0.01	0.348649	404	0	0	4.29585
0		1	0.01	0.348649	404	0	0	4.28072
0		1	0.01	0.348622	405	0	0	4.27522
0		1	0.01	0.348614	406	0	0	4.28158
0		1	0.01	0.348622	407	0	0	4.25399
0		1	0.01	0.348622	407	0	0	4.26684
0		1	0.01	0.348692	409	0	0	4.26715
0		1	0.01	0.348614	406	0	0	4.25795
0		1	0.01	0.348614	406	0	0	4.28138
0		1	0.01	0.348614	406	0	0	4.2919
0		1	0.01	0.348649	408	0	0	4.2888
0		1	0.01	0.348649	408	0	0	4.26568
0		1	0.01	0.34904	413	0	0	4.26941
0		1	0.01	0.34917	414	0	0	4.27169
0		1	0.01	0.349318	415	0	0	4.28677
0		1	0.01	0.349483	416	0	0	4.29525
0		1	0.01	0.349864	418	0	0	4.28995
0		1	0.01	0.349864	418	0	0	4.27146
0		1	0.01	0.350315	420	0	0	4.28015
0		1	0.01	0.350315	420	0	0	4.30019
0		1	0.01	0.349864	418	0	0	4.29246
0		1	0.01	0.350315	420	0	0	4.29436
0		1	0.01	0.350315	420	0	0	4.31174
0		1	0.01	0.350081	419	0	0	4.29013
0		1	0.01	0.350081	419	0	0	4.27488
0		1	0.01	0.350081	419	0	0	4.28496
0		1	0.01	0.350081	419	0	0	4.30058
0		1	0.01	0.349665	417	0	0	4.28667
0		1	0.01	0.349665	417	0	0	4.30051
0		1	0.01	0.349665	417	0	0	4.28156
0		1	0.01	0.349864	418	0	0	4.28378
0		1	0.01	0.350315	420	0	0	4.29196
0		1	0.01	0.349864	418	0	0	4.3012
0		1	0.01	0.350315	420	0	0	4.29455
0		1	0.01	0.350834	422	0	0	4.28405
0		1	0.01	0.350834	422	0	0	4.29593
0		1	0.01	0.351119	423	0	0	4.28246
0		1	0.01	0.351119	423	0	0	4.30366
0		1	0.01	0.351119	423	0	0	4.29839
0		1	0.01	0.351741	425	0	0	4.30048
0		1	0.01	0.351741	425	0	0	4.29483
0		1	0.01	0.351741	425	0	0	4.2878
0		1	0.01	0.351422	424	0	0	4.2956
0		1	0.01	0.350834	422	0	0	4.2903
0		1	0.01	0.350566	421	0	0	4.29498
0		1	0.01	0.351119	423	0	0	4.28644
0		1	0.01	0.351119	423	0	0	4.2957
0		1	0.01	0.350834	422	0	0	4.29623
0		1	0.01	0.350081	419	0	0	4.29054
0		1	0.01	0.349665	417	0	0	4.30081
0		1	0.01	0.349483	416	0	0	4.31158
0		1	0.01	0.349665	417	0	0	4.29305
0		1	0.01	0.34904	413	0	0	4.28645
0		1	0.01	0.34917	414	0	0	4.27666
0		1	0.01	0.349318	415	0	0	4.3041
0		1	0.01	0.349318	415	0	0	4.29349
0		1	0.01	0.34917	414	0	0	4.29311
0		1	0.01	0.34904	413	0	0	4.30648
0		1	0.01	0.34904	413	0	0	4.30348
0		1	0.01	0.34904	413	0	0	4.30109
0		1	0.01	0.34917	414	0	0	4.29332
0		1	0.01	0.34917	414	0	0	4.28112
0		1	0.01	0.349483	416	0	0	4.26652
0		1	0.01	0.349483	416	0	0	4.27602
0		1	0.01	0.349318	415	0	0	4.27446
0		1	0.01	0.349318	415	0	0	4.28961
0		1	0.01	0.349318	415	0	0	4.29296
0		1	0.01	0.349318	415	0	0	4.29606
0		1	0.01	0.34904	413	0	0	4.29622
0		1	0.01	0.348927	412	0	0	4.28463
0		1	0.01	0.34917	414	0	0	4.29508
0		1	0.01	0.34917	414	0	0	4.26753
0		1	0.01	0.34904	413	0	0	4.27807
0		1	0.01	0.34917	414	0	0	4.28406
0		1	0.01	0.349483	416	0	0	4.28326
0		1	0.01	0.34917	414	0	0	4.28876
0		1	0.01	0.34904	413	0	0	4.29163
0		1	0.01	0.34917	414	0	0	4.29037
0		1	0.01	0.349483	416	0	0	4.26504
0		1	0.01	0.349665	417	0	0	4.25049
0		1	0.01	0.349665	417	0	0	4.26366
0		1	0.01	0.350315	420	0	0	4.25024
0		1	0.01	0.350315	420	0	0	4.27975
0		1	0.01	0.350081	419	0	0	4.288
0		1	0.01	0.350566	421	0	0	4.30456
0		1	0.01	0.350315	420	0	0	4.30457
0		1	0.01	0.350834	422	0	0	4.29878
0		1	0.01	0.350315	420	0	0	4.30055
0		1	0.01	0.350315	420	0	0	4.30358
0		1	0.01	0.349864	418	0	0	4.30531
0		1	0.01	0.349665	417	0	0	4.3003
0		1	0.01	0.349483	416	0	0	4.29551
0		1	0.01	0.349864	418	0	0	4.29636
0		1	0.01	0.350315	420	0	0	4.29517
0		1	0.01	0.349864	418	0	0	4.30419
0		1	0.01	0.350566	421	0	0	4.3094
0		1	0.01	0.350566	421	0	0	4.2926
0		1	0.01	0.350081	419	0	0	4.2759
0		1	0.01	0.349318	415	0	0	4.29029
0		1	0.01	0.348927	412	0	0	4.28978
0		1	0.01	0.348927	412	0	0	4.29051
0		1	0.01	0.34904	413	0	0	4.30185
0		1	0.01	0.349318	415	0	0	4.29773
0		1	0.01	0.34917	414	0	0	4.29302
0		1	0.01	0.349318	415	0	0	4.28497
0		1	0.01	0.349318	415	0	0	4.29145
0		1	0.01	0.349483	416	0	0	4.28447
0		1	0.01	0.349318	415	0	0	4.2801
0		1	0.01	0.34917	414	0	0	4.27254
0		1	0.01	0.34917	414	0	0	4.29318
0		1	0.01	0.349483	416	0	0	4.29256
0		1	0.01	0.349864	418	0	0	4.29018
0		1	0.01	0.349864	418	0	0	4.29161
0		1	0.01	0.349864	418	0	0	4.30461
0		1	0.01	0.349665	417	0	0	4.29982
0		1	0.01	0.349665	417	0	0	4.27176
0		1	0.01	0.349665	417	0	0	4.28469
0		1	0.01	0.350081	419	0	0	4.29714
0		1	0.01	0.350081	419	0	0	4.26936
0		1	0.01	0.350081	419	0	0	4.27683
0		1	0.01	0.351119	423	0	0	4.28241
0		1	0.01	0.352077	426	0	0	4.28531
0		1	0.01	0.353187	429	0	0	4.26856
0		1	0.01	0.354447	432	0	0	4.26891
0		1	0.01	0.354447	432	0	0	4.28937
0		1	0.01	0.35537	434	0	0	4.30049
0		1	0.01	0.354447	432	0	0	4.28631
0		1	0.01	0.3549	433	0	0	4.29501
0		1	0.01	0.3549	433	0	0	4.29362
0		1	0.01	0.35537	434	0	0	4.29707
0		1	0.01	0.354447	432	0	0	4.288
0		1	0.01	0.35359	430	0	0	4.30212
0		1	0.01	0.354447	432	0	0	4.29337
0		1	0.01	0.35401	431	0	0	4.29722
0		1	0.01	0.353187	429	0	0	4.30791
0		1	0.01	0.353187	429	0	0	4.30202
0		1	0.01	0.35401	431	0	0	4.31295
0		1	0.01	0.354447	432	0	0	4.29439
0		1	0.01	0.3549	433	0	0	4.28427
0		1	0.01	0.35401	431	0	0	4.27552
0		1	0.01	0.353187	429	0	0	4.26633
0		1	0.01	0.353187	429	0	0	4.28625
0		1	0.01	0.353187	429	0	0	4.28942
0		1	0.01	0.354447	432	0	0	4.29069
0		1	0.01	0.3549	433	0	0	4.27982
0		1	0.01	0.354447	432	0	0	4.29925
0		1	0.01	0.35359	430	0	0	4.29925
0		1	0.01	0.35401	431	0	0	4.30282
0		1	0.01	0.35537	434	0	0	4.30108
0		1	0.01	0.35537	434	0	0	4.2987
0		1	0.01	0.356359	436	0	0	4.30212
0		1	0.01	0.356359	436	0	0	4.29626
0		1	0.01	0.355856	435	0	0	4.29768
0		1	0.01	0.35537	434	0	0	4.29106
0		1	0.01	0.355856	435	0	0	4.28308
0		1	0.01	0.357413	438	0	0	4.27913
0		1	0.01	0.357413	438	0	0	4.30215
0		1	0.01	0.357964	439	0	0	4.28703
0		1	0.01	0.357413	438	0	0	4.29467
0		1	0.01	0.357413	438	0	0	4.28787
0		1	0.01	0.358531	440	0	0	4.29279
0		1	0.01	0.360329	443	0	0	4.2989
0		1	0.01	0.357964	439	0	0	4.2911
0		1	0.01	0.357964	439	0	0	4.2939
0		1	0.01	0.357413	438	0	0	4.29554
0		1	0.01	0.356359	436	0	0	4.30375
0		1	0.01	0.356878	437	0	0	4.28621
0		1	0.01	0.356878	437	0	0	4.28281
0		1	0.01	0.355856	435	0	0	4.29647
0		1	0.01	0.356359	436	0	0	4.29118
0		1	0.01	0.355856	435	0	0	4.29168
0		1	0.01	0.356359	436	0	0	4.30255
0		1	0.01	0.356359	436	0	0	4.30418
0		1	0.01	0.357413	438	0	0	4.3025
0		1	0.01	0.357964	439	0	0	4.27739
0		1	0.01	0.357413	438	0	0	4.28527
0		1	0.01	0.358531	440	0	0	4.29776
0		1	0.01	0.357413	438	0	0	4.28924
0		1	0.01	0.356359	436	0	0	4.28398
0		1	0.01	0.355856	435	0	0	4.30384
0		1	0.01	0.356359	436	0	0	4.28578
0		1	0.01	0.356359	436	0	0	4.28443
0		1	0.01	0.356359	436	0	0	4.29304
0		1	0.01	0.356878	437	0	0	4.27951
0		1	0.01	0.357413	438	0	0	4.29569
0		1	0.01	0.357413	438	0	0	4.29173
0		1	0.01	0.357964	439	0	0	4.30504
0		1	0.01	0.359714	442	0	0	4.30034
0		1	0.01	0.359114	441	0	0	4.3028
0		1	0.01	0.358531	440	0	0	4.28713
0		1	0.01	0.358531	440	0	0	4.29219
0		1	0.01	0.359114	441	0	0	4.29114
0		1	0.01	0.359714	442	0	0	4.30663
0		1	0.01	0.360329	443	0	0	4.30128
0		1	0.01	0.361606	445	0	0	4.29412
0		1	0.01	0.361606	445	0	0	4.28794
0		1	0.01	0.359714	442	0	0	4.28387
0		1	0.01	0.359114	441	0	0	4.30121
0		1	0.01	0.357964	439	0	0	4.29035
0		1	0.01	0.357413	438	0	0	4.27795
0		1	0.01	0.358531	440	0	0	4.2839
0		1	0.01	0.359114	441	0	0	4.29493
0		1	0.01	0.360329	443	0	0	4.30119
0		1	0.01	0.360329	443	0	0	4.28427
0		1	0.01	0.36096	444	0	0	4.28653
0		1	0.01	0.361606	445	0	0	4.28077
0		1	0.01	0.361606	445	0	0	4.27405
0		1	0.01	0.364347	449	0	0	4.29184
0		1	0.01	0.365071	450	0	0	4.28988
0		1	0.01	0.365071	450	0	0	4.28553
0		1	0.01	0.365071	450	0	0	4.28511
0		1	0.01	0.364347	449	0	0	4.28139
0		1	0.01	0.362946	447	0	0	4.28867
0		1	0.01	0.363639	448	0	0	4.29881
0		1	0.01	0.362268	446	0	0	4.28988
0		1	0.01	0.36096	444	0	0	4.29873
0		1	0.01	0.36096	444	0	0	4.28339
0		1	0.01	0.359714	442	0	0	4.29799
0		1	0.01	0.359714	442	0	0	4.29666
0		1	0.01	0.359114	441	0	0	4.29907
0		1	0.01	0.359114	441	0	0	4.29383
0		1	0.01	0.359714	442	0	0	4.27424
0		1	0.01	0.359114	441	0	0	4.2736
0		1	0.01	0.356878	437	0	0	4.28679
0		1	0.01	0.356359	436	0	0	4.28908
0		1	0.01	0.355856	435	0	0	4.281
0		1	0.01	0.35537	434	0	0	4.29047
0		1	0.01	0.356359	436	0	0	4.29215
0		1	0.01	0.3549	433	0	0	4.28301
0		1	0.01	0.3549	433	0	0	4.29622
0		1	0.01	0.355856	435	0	0	4.28821
0		1	0.01	0.355856	435	0	0	4.27201
0		1	0.01	0.35537	434	0	0	4.27972
0		1	0.01	0.35537	434	0	0	4.28935
0		1	0.01	0.3549	433	0	0	4.30009
0		1	0.01	0.3549	433	0	0	4.29835
0		1	0.01	0.354447	432	0	0	4.29797
0		1	0.01	0.354447	432	0	0	4.294
0		1	0.01	0.354447	432	0	0	4.29225
0		1	0.01	0.35401	431	0	0	4.29281
0		1	0.01	0.35401	431	0	0	4.29995
0		1	0.01	0.354447	432	0	0	4.30477
0		1	0.01	0.3549	433	0	0	4.293
0		1	0.01	0.35537	434	0	0	4.27587
0		1	0.01	0.354447	432	0	0	4.28975
0		1	0.01	0.35401	431	0	0	4.29635
0		1	0.01	0.353187	429	0	0	4.30362
0		1	0.01	0.3549	433	0	0	4.29874
0		1	0.01	0.354447	432	0	0	4.29597
0		1	0.01	0.3549	433	0	0	4.28942
0		1	0.01	0.3549	433	0	0	4.29182
0		1	0.01	0.354447	432	0	0	4.28565
0		1	0.01	0.3549	433	0	0	4.28228
0		1	0.01	0.354447	432	0	0	4.29759
0		1	0.01	0.35401	431	0	0	4.29182
0		1	0.01	0.35243	427	0	0	4.29263
0		1	0.01	0.35243	427	0	0	4.2899
0		1	0.01	0.352077	426	0	0	4.28639
0		1	0.01	0.351741	425	0	0	4.2634
0		1	0.01	0.351422	424	0	0	4.27641
0		1	0.01	0.351741	425	0	0	4.28526
0		1	0.01	0.351422	424	0	0	4.29743
0		1	0.01	0.351422	424	0	0	4.28949
0		1	0.01	0.351741	425	0	0	4.29327
0		1	0.01	0.351741	425	0	0	4.28555
0		1	0.01	0.351119	423	0	0	4.30067
0		1	0.01	0.351119	423	0	0	4.29445
0		1	0.01	0.351119	423	0	0	4.28759
0		1	0.01	0.350834	422	0	0	4.28705
0		1	0.01	0.350315	420	0	0	4.2856
0		1	0.01	0.350081	419	0	0	4.29109
0		1	0.01	0.350566	421	0	0	4.28896
0		1	0.01	0.350834	422	0	0	4.29022
0		1	0.01	0.351422	424	0	0	4.28623
0		1	0.01	0.351422	424	0	0	4.29732
0		1	0.01	0.351422	424	0	0	4.30235
0		1	0.01	0.351119	423	0	0	4.30261
0		1	0.01	0.350566	421	0	0	4.29094
0		1	0.01	0.350315	420	0	0	4.29161
0		1	0.01	0.350834	422	0	0	4.29275
0		1	0.01	0.351119	423	0	0	4.30129
0		1	0.01	0.351422	424	0	0	4.30474
0		1	0.01	0.351422	424	0	0	4.28428
0		1	0.01	0.351119	423	0	0	4.29757
0		1	0.01	0.350566	421	0	0	4.30327
0		1	0.01	0.350834	422	0	0	4.30191
0		1	0.01	0.350566	421	0	0	4.28286
0		1	0.01	0.350566	421	0	0	4.28611
0		1	0.01	0.350315	420	0	0	4.29483
0		1	0.01	0.349864	418	0	0	4.2938
0		1	0.01	0.349483	416	0	0	4.29262
0		1	0.01	0.349318	415	0	0	4.289
0		1	0.01	0.34917	414	0	0	4.29383
0		1	0.01	0.348927	412	0	0	4.2958
0		1	0.01	0.34904	413	0	0	4.30172
0		1	0.01	0.349483	416	0	0	4.29978
0		1	0.01	0.34917	414	0	0	4.29882
0		1	0.01	0.349864	418	0	0	4.29751
0		1	0.01	0.349665	417	0	0	4.30243
0		1	0.01	0.349665	417	0	0	4.29507
0		1	0.01	0.349665	417	0	0	4.28609
0		1	0.01	0.349665	417	0	0	4.2878
0		1	0.01	0.350081	419	0	0	4.28035
0		1	0.01	0.350081	419	0	0	4.29527
0		1	0.01	0.350315	420	0	0	4.29929
0		1	0.01	0.349864	418	0	0	4.30522
0		1	0.01	0.350081	419	0	0	4.28652
0		1	0.01	0.350315	420	0	0	4.28109
0		1	0.01	0.350566	421	0	0	4.28295
0		1	0.01	0.350566	421	0	0	4.29882
0		1	0.01	0.350834	422	0	0	4.28853
0		1	0.01	0.350834	422	0	0	4.29006
0		1	0.01	0.350566	421	0	0	4.2916
0		1	0.01	0.350834	422	0	0	4.29624
0		1	0.01	0.350834	422	0	0	4.28093
0		1	0.01	0.350081	419	0	0	4.28959
0		1	0.01	0.350315	420	0	0	4.29531
0		1	0.01	0.350315	420	0	0	4.27476
0		1	0.01	0.350566	421	0	0	4.2881
0		1	0.01	0.350315	420	0	0	4.28081
0		1	0.01	0.351422	424	0	0	4.2648
0		1	0.01	0.3528	428	0	0	4.30094
0		1	0.01	0.35243	427	0	0	4.28915
0		1	0.01	0.351741	425	0	0	4.29902
0		1	0.01	0.3528	428	0	0	4.29253
0		1	0.01	0.353187	429	0	0	4.28281
0		1	0.01	0.353187	429	0	0	4.26123
0		1	0.01	0.353187	429	0	0	4.27871
0		1	0.01	0.3528	428	0	0	4.29309
0		1	0.01	0.35243	427	0	0	4.2985
0		1	0.01	0.35359	430	0	0	4.29528
0		1	0.01	0.353187	429	0	0	4.29265
0		1	0.01	0.3528	428	0	0	4.28988
0		1	0.01	0.353187	429	0	0	4.27157
0		1	0.01	0.3528	428	0	0	4.28004
0		1	0.01	0.353187	429	0	0	4.3031
0		1	0.01	0.3528	428	0	0	4.30053
0		1	0.01	0.352077	426	0	0	4.29132
0		1	0.01	0.35243	427	0	0	4.28826
0		1	0.01	0.35243	427	0	0	4.28584
0		1	0.01	0.35243	427	0	0	4.29854
0		1	0.01	0.35243	427	0	0	4.29316
0		1	0.01	0.351741	425	0	0	4.29854
0		1	0.01	0.352077	426	0	0	4.29027
0		1	0.01	0.351422	424	0	0	4.29405
0		1	0.01	0.351119	423	0	0	4.30065
0		1	0.01	0.350834	422	0	0	4.29697
0		1	0.01	0.350566	421	0	0	4.27413
0		1	0.01	0.350566	421	0	0	4.27959
0		1	0.01	0.350834	422	0	0	4.29258
0		1	0.01	0.350834	422	0	0	4.29872
0		1	0.01	0.350834	422	0	0	4.30173
0		1	0.01	0.351422	424	0	0	4.30535
0		1	0.01	0.351119	423	0	0	4.29737
0		1	0.01	0.350566	421	0	0	4.29218
0		1	0.01	0.350566	421	0	0	4.28637
0		1	0.01	0.350834	422	0	0	4.30428
0		1	0.01	0.351422	424	0	0	4.30744
0		1	0.01	0.351422	424	0	0	4.30859
0		1	0.01	0.351422	424	0	0	4.30433
0		1	0.01	0.351741	425	0	0	4.30221
0		1	0.01	0.351741	425	0	0	4.28793
0		1	0.01	0.352077	426	0	0	4.28546
0		1	0.01	0.352077	426	0	0	4.26497
0		1	0.01	0.351741	425	0	0	4.29274
0		1	0.01	0.351741	425	0	0	4.29726
0		1	0.01	0.352077	426	0	0	4.28427
0		1	0.01	0.35243	427	0	0	4.29263
0		1	0.01	0.352077	426	0	0	4.28138
0		1	0.01	0.351741	425	0	0	4.29365
0		1	0.01	0.352077	426	0	0	4.29409
0		1	0.01	0.350834	422	0	0	4.27786
0		1	0.01	0.351422	424	0	0	4.28761
0		1	0.01	0.350834	422	0	0	4.28693
0		1	0.01	0.350566	421	0	0	4.2899
0		1	0.01	0.350566	421	0	0	4.29029
0		1	0.01	0.351119	423	0	0	4.29306
0		1	0.01	0.351119	423	0	0	4.28371
0		1	0.01	0.351119	423	0	0	4.27676
0		1	0.01	0.350315	420	0	0	4.27418
0		1	0.01	0.350566	421	0	0	4.29218
0		1	0.01	0.350315	420	0	0	4.27557
0		1	0.01	0.350081	419	0	0	4.29255
0		1	0.01	0.350081	419	0	0	4.28692
0		1	0.01	0.350081	419	0	0	4.29903
0		1	0.01	0.350315	420	0	0	4.29443
0		1	0.01	0.351422	424	0	0	4.29645
0		1	0.01	0.351119	423	0	0	4.2841
0		1	0.01	0.351422	424	0	0	4.28549
0		1	0.01	0.350834	422	0	0	4.27411
0		1	0.01	0.350834	422	0	0	4.28039
0		1	0.01	0.350834	422	0	0	4.2753
0		1	0.01	0.351119	423	0	0	4.28435
0		1	0.01	0.350834	422	0	0	4.28282
0		1	0.01	0.351119	423	0	0	4.27808
0		1	0.01	0.350834	422	0	0	4.28838
0		1	0.01	0.350081	419	0	0	4.27148
0		1	0.01	0.349864	418	0	0	4.26323
0		1	0.01	0.349665	417	0	0	4.26116
0		1	0.01	0.349483	416	0	0	4.27894
0		1	0.01	0.349665	417	0	0	4.28492
0		1	0.01	0.349483	416	0	0	4.28051
0		1	0.01	0.349318	415	0	0	4.26841
0		1	0.01	0.349665	417	0	0	4.27532
0		1	0.01	0.350081	419	0	0	4.28632
0		1	0.01	0.350315	420	0	0	4.28518
0		1	0.01	0.350081	419	0	0	4.30116
0		1	0.01	0.350315	420	0	0	4.29154
0		1	0.01	0.351422	424	0	0	4.30214
0		1	0.01	0.351119	423	0	0	4.29572
0		1	0.01	0.351422	424	0	0	4.30741
0		1	0.01	0.351422	424	0	0	4.29901
0		1	0.01	0.351422	424	0	0	4.30603
0		1	0.01	0.351119	423	0	0	4.30031
0		1	0.01	0.350834	422	0	0	4.29819
0		1	0.01	0.351119	423	0	0	4.30043
0		1	0.01	0.351422	424	0	0	4.28839
0		1	0.01	0.351741	425	0	0	4.27494
0		1	0.01	0.351741	425	0	0	4.27955
0		1	0.01	0.352077	426	0	0	4.29272
0		1	0.01	0.351741	425	0	0	4.26487
0		1	0.01	0.351741	425	0	0	4.26628
0		1	0.01	0.352077	426	0	0	4.26708
0		1	0.01	0.3528	428	0	0	4.29635
0		1	0.01	0.3528	428	0	0	4.29863
0		1	0.01	0.353187	429	0	0	4.29291
0		1	0.01	0.35243	427	0	0	4.29204
0		1	0.01	0.35243	427	0	0	4.28816
0		1	0.01	0.35243	427	0	0	4.2859
0		1	0.01	0.35243	427	0	0	4.27322
0		1	0.01	0.35243	427	0	0	4.27336
0		1	0.01	0.35243	427	0	0	4.27313
0		1	0.01	0.35401	431	0	0	4.28458
0		1	0.01	0.354447	432	0	0	4.28808
0		1	0.01	0.356359	436	0	0	4.28434
0		1	0.01	0.356878	437	0	0	4.2968
0		1	0.01	0.3549	433	0	0	4.28969
0		1	0.01	0.35537	434	0	0	4.28603
0		1	0.01	0.355856	435	0	0	4.29439
0		1	0.01	0.354447	432	0	0	4.28188
0		1	0.01	0.354447	432	0	0	4.28695
0		1	0.01	0.3549	433	0	0	4.27838
0		1	0.01	0.35537	434	0	0	4.28946
0		1	0.01	0.353187	429	0	0	4.2896
0		1	0.01	0.354447	432	0	0	4.29538
0		1	0.01	0.353187	429	0	0	4.29065
0		1	0.01	0.3528	428	0	0	4.30609
0		1	0.01	0.35243	427	0	0	4.30026
0		1	0.01	0.35243	427	0	0	4.2814
0		1	0.01	0.35243	427	0	0	4.294
0		1	0.01	0.3528	428	0	0	4.29529
0		1	0.01	0.35243	427	0	0	4.28679
0		1	0.01	0.352077	426	0	0	4.27887
0		1	0.01	0.35243	427	0	0	4.28623
0		1	0.01	0.351119	423	0	0	4.29417
0		1	0.01	0.351119	423	0	0	4.27732
0		1	0.01	0.350834	422	0	0	4.2853
0		1	0.01	0.350315	420	0	0	4.28403
0		1	0.01	0.350566	421	0	0	4.29094
0		1	0.01	0.350834	422	0	0	4.28357
0		1	0.01	0.351119	423	0	0	4.28083
0		1	0.01	0.351422	424	0	0	4.29133
0		1	0.01	0.350834	422	0	0	4.27696
0		1	0.01	0.350315	420	0	0	4.28104
0		1	0.01	0.350315	420	0	0	4.26512
0		1	0.01	0.349864	418	0	0	4.28611
0		1	0.01	0.350315	420	0	0	4.29261
0		1	0.01	0.350315	420	0	0	4.29192
0		1	0.01	0.350081	419	0	0	4.27527
0		1	0.01	0.350315	420	0	0	4.28667
0		1	0.01	0.351119	423	0	0	4.29706
0		1	0.01	0.351119	423	0	0	4.29653
0		1	0.01	0.351119	423	0	0	4.28754
0		1	0.01	0.350566	421	0	0	4.28637
0		1	0.01	0.350834	422	0	0	4.28644
0		1	0.01	0.351119	423	0	0	4.27879
0		1	0.01	0.351422	424	0	0	4.29712
0		1	0.01	0.35243	427	0	0	4.30118
0		1	0.01	0.351741	425	0	0	4.3122
0		1	0.01	0.351422	424	0	0	4.29336
0		1	0.01	0.35243	427	0	0	4.28723
0		1	0.01	0.353187	429	0	0	4.28583
0		1	0.01	0.35359	430	0	0	4.27387
0		1	0.01	0.35401	431	0	0	4.28305
0		1	0.01	0.35359	430	0	0	4.28754
0		1	0.01	0.351741	425	0	0	4.27832
0		1	0.01	0.352077	426	0	0	4.30214
0		1	0.01	0.352077	426	0	0	4.29193
0		1	0.01	0.352077	426	0	0	4.29652
0		1	0.01	0.352077	426	0	0	4.29721
0		1	0.01	0.353187	429	0	0	4.30242
0		1	0.01	0.35401	431	0	0	4.29347
0		1	0.01	0.353187	429	0	0	4.27687
0		1	0.01	0.35359	430	0	0	4.28947
0		1	0.01	0.35401	431	0	0	4.28209
0		1	0.01	0.35401	431	0	0	4.28013
0		1	0.01	0.3549	433	0	0	4.28604
0		1	0.01	0.35537	434	0	0	4.28039
0		1	0.01	0.3549	433	0	0	4.27571
0		1	0.01	0.354447	432	0	0	4.28767
0		1	0.01	0.35401	431	0	0	4.29127
0		1	0.01	0.35359	430	0	0	4.28903
0		1	0.01	0.353187	429	0	0	4.27935
0		1	0.01	0.352077	426	0	0	4.27805
0		1	0.01	0.35243	427	0	0	4.28318
0		1	0.01	0.353187	429	0	0	4.28788
0		1	0.01	0.35401	431	0	0	4.28946
0		1	0.01	0.354447	432	0	0	4.29456
0		1	0.01	0.35401	431	0	0	4.29729
0		1	0.01	0.352077	426	0	0	4.30346
0		1	0.01	0.352077	426	0	0	4.29878
0		1	0.01	0.351741	425	0	0	4.28441
0		1	0.01	0.351422	424	0	0	4.27943
0		1	0.01	0.351422	424	0	0	4.27352
0		1	0.01	0.351422	424	0	0	4.26287
0		1	0.01	0.351741	425	0	0	4.30439
0		1	0.01	0.35401	431	0	0	4.30033
0		1	0.01	0.353187	429	0	0	4.2987
0		1	0.01	0.3528	428	0	0	4.29237
0		1	0.01	0.35401	431	0	0	4.3066
0		1	0.01	0.353187	429	0	0	4.30817
0		1	0.01	0.35359	430	0	0	4.30197
0		1	0.01	0.3528	428	0	0	4.30168
0		1	0.01	0.353187	429	0	0	4.30373
0		1	0.01	0.3528	428	0	0	4.30134
0		1	0.01	0.35401	431	0	0	4.29163
0		1	0.01	0.35401	431	0	0	4.27868
0		1	0.01	0.35401	431	0	0	4.29074
0		1	0.01	0.35359	430	0	0	4.28954
0		1	0.01	0.354447	432	0	0	4.28809
0		1	0.01	0.354447	432	0	0	4.29802
0		1	0.01	0.35401	431	0	0	4.29905
0		1	0.01	0.3528	428	0	0	4.30131
0		1	0.01	0.35401	431	0	0	4.28764
0		1	0.01	0.35359	430	0	0	4.29759
0		1	0.01	0.35359	430	0	0	4.29192
0		1	0.01	0.35359	430	0	0	4.29712
0		1	0.01	0.35359	430	0	0	4.29877
0		1	0.01	0.35401	431	0	0	4.29299
0		1	0.01	0.35401	431	0	0	4.28336
0		1	0.01	0.35537	434	0	0	4.29484
0		1	0.01	0.355856	435	0	0	4.28211
0		1	0.01	0.35537	434	0	0	4.28307
0		1	0.01	0.3549	433	0	0	4.28878
0		1	0.01	0.3549	433	0	0	4.30426
0		1	0.01	0.35537	434	0	0	4.28216
0		1	0.01	0.35537	434	0	0	4.28987
0		1	0.01	0.355856	435	0	0	4.30069
0		1	0.01	0.355856	435	0	0	4.29372
0		1	0.01	0.356359	436	0	0	4.27433
0		1	0.01	0.355856	435	0	0	4.28721
0		1	0.01	0.3549	433	0	0	4.30403
0		1	0.01	0.354447	432	0	0	4.29717
0		1	0.01	0.3549	433	0	0	4.28622
0		1	0.01	0.35401	431	0	0	4.27734
0		1	0.01	0.35401	431	0	0	4.2885
0		1	0.01	0.354447	432	0	0	4.28817
0		1	0.01	0.3549	433	0	0	4.29169
0		1	0.01	0.354447	432	0	0	4.30201
0		1	0.01	0.354447	432	0	0	4.30628
0		1	0.01	0.354447	432	0	0	4.29135
0		1	0.01	0.3549	433	0	0	4.29672
0		1	0.01	0.3549	433	0	0	4.30096
0		1	0.01	0.354447	432	0	0	4.3095
0		1	0.01	0.354447	432	0	0	4.30312
0		1	0.01	0.354447	432	0	0	4.29954
0		1	0.01	0.3549	433	0	0	4.30454
0		1	0.01	0.3549	433	0	0	4.29705
0		1	0.01	0.35401	431	0	0	4.3013
0		1	0.01	0.35359	430	0	0	4.29807
0		1	0.01	0.35359	430	0	0	4.28107
0		1	0.01	0.354447	432	0	0	4.29313
0		1	0.01	0.35537	434	0	0	4.30576
0		1	0.01	0.3549	433	0	0	4.2945
0		1	0.01	0.355856	435	0	0	4.28817
0		1	0.01	0.35537	434	0	0	4.29288
0		1	0.01	0.355856	435	0	0	4.27938
0		1	0.01	0.35537	434	0	0	4.29724
0		1	0.01	0.35537	434	0	0	4.2891
0		1	0.01	0.355856	435	0	0	4.28794
0		1	0.01	0.3549	433	0	0	4.27901
0		1	0.01	0.354447	432	0	0	4.28863
0		1	0.01	0.35537	434	0	0	4.29537
0		1	0.01	0.3549	433	0	0	4.2866
0		1	0.01	0.354447	432	0	0	4.2906
0		1	0.01	0.35401	431	0	0	4.28489
0		1	0.01	0.354447	432	0	0	4.27625
0		1	0.01	0.35359	430	0	0	4.28985
0		1	0.01	0.354447	432	0	0	4.29907
0		1	0.01	0.35401	431	0	0	4.28179
0		1	0.01	0.35243	427	0	0	4.27465
0		1	0.01	0.35243	427	0	0	4.29874
0		1	0.01	0.351422	424	0	0	4.29981
0		1	0.01	0.351119	423	0	0	4.28942
0		1	0.01	0.351119	423	0	0	4.30291
0		1	0.01	0.351422	424	0	0	4.30586
0		1	0.01	0.351422	424	0	0	4.30008
0		1	0.01	0.352077	426	0	0	4.28333
0		1	0.01	0.353187	429	0	0	4.29033
0		1	0.01	0.35401	431	0	0	4.2861
0		1	0.01	0.35359	430	0	0	4.28036
0		1	0.01	0.35359	430	0	0	4.27555
0		1	0.01	0.353187	429	0	0	4.27815
0		1	0.01	0.35401	431	0	0	4.28834
0		1	0.01	0.35359	430	0	0	4.27228
0		1	0.01	0.35359	430	0	0	4.28612
0		1	0.01	0.35359	430	0	0	4.3005
0		1	0.01	0.35359	430	0	0	4.298
0		1	0.01	0.3528	428	0	0	4.28206
0		1	0.01	0.350834	422	0	0	4.28924
0		1	0.01	0.350834	422	0	0	4.28023
0		1	0.01	0.351741	425	0	0	4.29129
0		1	0.01	0.351422	424	0	0	4.30586
0		1	0.01	0.351422	424	0	0	4.30021
0		1	0.01	0.351422	424	0	0	4.29466
0		1	0.01	0.35243	427	0	0	4.3027
0		1	0.01	0.35243	427	0	0	4.30494
0		1	0.01	0.353187	429	0	0	4.30479
0		1	0.01	0.351741	425	0	0	4.30052
0		1	0.01	0.35243	427	0	0	4.29618
0		1	0.01	0.35243	427	0	0	4.28856
0		1	0.01	0.352077	426	0	0	4.29248
0		1	0.01	0.351741	425	0	0	4.29784
0		1	0.01	0.351422	424	0	0	4.30044
0		1	0.01	0.351422	424	0	0	4.2939
0		1	0.01	0.351119	423	0	0	4.29693
0		1	0.01	0.351119	423	0	0	4.30023
0		1	0.01	0.350834	422	0	0	4.28462
0		1	0.01	0.350834	422	0	0	4.28612
0		1	0.01	0.350566	421	0	0	4.28932
0		1	0.01	0.350315	420	0	0	4.29529
0		1	0.01	0.350081	419	0	0	4.29839
0		1	0.01	0.350081	419	0	0	4.28712
0		1	0.01	0.350081	419	0	0	4.28114
0		1	0.01	0.349864	418	0	0	4.27755
0		1	0.01	0.349864	418	0	0	4.2749
0		1	0.01	0.349318	415	0	0	4.27882
0		1	0.01	0.349483	416	0	0	4.27806
0		1	0.01	0.34917	414	0	0	4.26541
0		1	0.01	0.34904	413	0	0	4.26916
0		1	0.01	0.348831	411	0	0	4.29799
0		1	0.01	0.34904	413	0	0	4.30502
0		1	0.01	0.34904	413	0	0	4.29075
0		1	0.01	0.34917	414	0	0	4.29597
0		1	0.01	0.349483	416	0	0	4.29974
0		1	0.01	0.349483	416	0	0	4.29162
0		1	0.01	0.349665	417	0	0	4.2852
0		1	0.01	0.349864	418	0	0	4.29331
0		1	0.01	0.350081	419	0	0	4.29554
0		1	0.01	0.349483	416	0	0	4.27639
0		1	0.01	0.349483	416	0	0	4.27909
0		1	0.01	0.349864	418	0	0	4.28287
0		1	0.01	0.349864	418	0	0	4.28705
0		1	0.01	0.349864	418	0	0	4.28802
0		1	0.01	0.349483	416	0	0	4.277
0		1	0.01	0.349483	416	0	0	4.29551
0		1	0.01	0.34904	413	0	0	4.29035
0		1	0.01	0.34917	414	0	0	4.28362
0		1	0.01	0.348927	412	0	0	4.29758
0		1	0.01	0.34904	413	0	0	4.30864
0		1	0.01	0.34917	414	0	0	4.30249
0		1	0.01	0.348927	412	0	0	4.2926
0		1	0.01	0.348927	412	0	0	4.28265
0		1	0.01	0.348831	411	0	0	4.28556
0		1	0.01	0.348927	412	0	0	4.29746
0		1	0.01	0.348753	410	0	0	4.28979
0		1	0.01	0.348622	407	0	0	4.28222
0		1	0.01	0.348692	409	0	0	4.27601
0		1	0.01	0.348614	406	0	0	4.301
0		1	0.01	0.348614	406	0	0	4.28139
0		1	0.01	0.348614	406	0	0	4.2854
0		1	0.01	0.348614	406	0	0	4.30213
0		1	0.01	0.348622	407	0	0	4.29839
0		1	0.01	0.348692	409	0	0	4.29655
0		1	0.01	0.348649	408	0	0	4.27035
0		1	0.01	0.348649	408	0	0	4.27456
0		1	0.01	0.348622	405	0	0	4.28866
0		1	0.01	0.348614	406	0	0	4.29739
0		1	0.01	0.348614	406	0	0	4.30802
0		1	0.01	0.348614	406	0	0	4.2996
0		1	0.01	0.348622	407	0	0	4.29806
0		1	0.01	0.348649	408	0	0	4.26763
0		1	0.01	0.348622	407	0	0	4.27398
0		1	0.01	0.348614	406	0	0	4.28225
0		1	0.01	0.348614	406	0	0	4.27976
0		1	0.01	0.348614	406	0	0	4.28312
0		1	0.01	0.348614	406	0	0	4.29148
0		1	0.01	0.348622	407	0	0	4.30165
0		1	0.01	0.348649	408	0	0	4.28508
0		1	0.01	0.348649	408	0	0	4.28357
0		1	0.01	0.34904	413	0	0	4.26728
0		1	0.01	0.348927	412	0	0	4.27198
0		1	0.01	0.348831	411	0	0	4.29497
0		1	0.01	0.34917	414	0	0	4.30382
0		1	0.01	0.349318	415	0	0	4.27748
0		1	0.01	0.349318	415	0	0	4.29961
0		1	0.01	0.349483	416	0	0	4.29808
0		1	0.01	0.348831	411	0	0	4.30063
0		1	0.01	0.348649	408	0	0	4.29682
0		1	0.01	0.348753	410	0	0	4.28711
0		1	0.01	0.348753	410	0	0	4.28355
0		1	0.01	0.348753	410	0	0	4.27522
0		1	0.01	0.348622	405	0	0	4.28454
0		1	0.01	0.348614	406	0	0	4.28987
0		1	0.01	0.348614	406	0	0	4.2824
0		1	0.01	0.348622	407	0	0	4.29996
0		1	0.01	0.348622	407	0	0	4.27974
0		1	0.01	0.348649	408	0	0	4.26741
0		1	0.01	0.348622	407	0	0	4.28072
0		1	0.01	0.348622	407	0	0	4.27703
0		1	0.01	0.348622	407	0	0	4.27718
0		1	0.01	0.348622	407	0	0	4.28442
0		1	0.01	0.348692	409	0	0	4.29584
0		1	0.01	0.348692	409	0	0	4.28437
0		1	0.01	0.348622	407	0	0	4.28224
0		1	0.01	0.348649	408	0	0	4.27521
0		1	0.01	0.348692	409	0	0	4.27332
0		1	0.01	0.348649	408	0	0	4.27826
0		1	0.01	0.348692	409	0	0	4.28985
0		1	0.01	0.348614	406	0	0	4.287
0		1	0.01	0.348622	407	0	0	4.29204
0		1	0.01	0.348753	410	0	0	4.29808
0		1	0.01	0.348692	409	0	0	4.27989
0		1	0.01	0.348622	407	0	0	4.27761
0		1	0.01	0.348649	408	0	0	4.29379
0		1	0.01	0.348692	409	0	0	4.28983
0		1	0.01	0.348753	410	0	0	4.28476
0		1	0.01	0.348692	409	0	0	4.28091
0		1	0.01	0.348692	409	0	0	4.29222
0		1	0.01	0.348692	409	0	0	4.29589
0		1	0.01	0.348692	409	0	0	4.29786
0		1	0.01	0.348692	409	0	0	4.299
0		1	0.01	0.348927	412	0	0	4.29313
0		1	0.01	0.348831	411	0	0	4.29147
0		1	0.01	0.34917	414	0	0	4.28382
0		1	0.01	0.34917	414	0	0	4.29922
0		1	0.01	0.348831	411	0	0	4.30383
0		1	0.01	0.348753	410	0	0	4.28371
0		1	0.01	0.348927	412	0	0	4.27614
0		1	0.01	0.348927	412	0	0	4.29404
0		1	0.01	0.348753	410	0	0	4.29598
0		1	0.01	0.348692	409	0	0	4.28833
0		1	0.01	0.348692	409	0	0	4.29663
0		1	0.01	0.348831	411	0	0	4.30433
0		1	0.01	0.348831	411	0	0	4.29661
0		1	0.01	0.348753	410	0	0	4.29664
0		1	0.01	0.348753	410	0	0	4.28284
0		1	0.01	0.348753	410	0	0	4.28529
0		1	0.01	0.348831	411	0	0	4.28111
0		1	0.01	0.348927	412	0	0	4.28436
0		1	0.01	0.349483	416	0	0	4.26228
0		1	0.01	0.34917	414	0	0	4.28148
0		1	0.01	0.34904	413	0	0	4.29886
0		1	0.01	0.348831	411	0	0	4.29659
0		1	0.01	0.348753	410	0	0	4.29312
0		1	0.01	0.348753	410	0	0	4.30493
0		1	0.01	0.348692	409	0	0	4.30506
0		1	0.01	0.348753	410	0	0	4.29172
0		1	0.01	0.348753	410	0	0	4.27767
0		1	0.01	0.348692	409	0	0	4.27336
0		1	0.01	0.348831	411	0	0	4.26729
0		1	0.01	0.348753	410	0	0	4.28142
0		1	0.01	0.348927	412	0	0	4.29422
0		1	0.01	0.348927	412	0	0	4.30248
0		1	0.01	0.34917	414	0	0	4.29748
0		1	0.01	0.34904	413	0	0	4.30421
