0		1	0.5	0.348564	424	1	0	4.29702
0		1	0.5	0.352077	426	0	0	4.2843
0		1	0.5	0.34904	413	0	0	4.26568
0		1	0.5	0.271852	426	1	0.34	4.2595
0		1	0.5	0.351422	424	0	0	4.27809
0		1	0.5	0.348622	405	0	0	4.28678
0		1	0.5	0.348927	400	0	0	4.28269
0		1	0.5	0.349864	394	0	0	4.27053
0		1	0.5	0.350315	392	0	0	4.27444
0		1	0.5	0.0558463	391	1	1.53	4.26049
0		1	0.5	0.357964	373	0	0	4.26984
0		1	0.5	0.366563	360	0	0	4.26515
0		1	0.5	0.359714	370	0	0	4.26434
0		1	0.5	0.36096	368	0	0	4.28143
0		1	0.5	0.362268	366	0	0	4.28159
0		1	0.5	0.366563	360	0	0	4.29463
0		1	0.5	0.368116	358	0	0	4.2889
0		1	0.5	0.365071	362	0	0	4.2871
0		1	0.5	0.374909	350	0	0	4.28761
0		1	0.5	0.28277	366	1	0.35	4.23966
0		1	0.5	0.38676	338	0	0	4.2709
0		1	0.5	0.381589	343	0	0	4.24868
0		1	0.5	0.35883	367	1	0	4.26255
0		1	0.5	0.369727	356	0	0	4.24715
0		1	0.5	0.369727	356	0	0	4.26592
0		1	0.5	0.373124	352	0	0	4.28051
0		1	0.5	0.175891	350	1	1.04	4.26233
0		1	0.5	0.376749	348	0	0	4.27172
0		1	0.5	0.384653	340	0	0	4.28767
0		1	0.5	0.387833	337	0	0	4.28282
0		1	0.5	0.247252	345	1	0.65	4.27776
0		1	0.5	0.384653	340	0	0	4.27444
0		1	0.5	0.38676	338	0	0	4.27178
0		1	0.5	0.215176	354	1	2.2	4.24741
0		1	0.5	0.381589	343	0	0	4.26254
0		1	0.5	0.404134	323	0	0	4.27797
0		1	0.5	0.402894	324	0	0	4.26134
0		1	0.5	0.160446	344	1	1.6	4.24374
0		1	0.5	0.379612	345	0	0	4.2377
0		1	0.5	0.378644	346	0	0	4.24593
0		1	0.5	0.107691	366	1	1.55	4.22046
0		1	0.5	0.160449	368	1	2.01	4.23861
0		1	0.5	0.358178	368	1	0	4.22055
0		1	0.5	0.357413	374	0	0	4.24978
0		1	0.5	0.36096	368	0	0	4.26083
0		1	0.5	0.286899	375	1	0.3	4.25747
0		1	0.5	0.150077	360	1	1.09	4.27114
0		1	0.5	0.19939	376	2	0.685	4.24209
0		1	0.5	0.0992088	392	3	1.07667	4.18511
0		1	0.5	0.126638	389	2	0.97	4.21635
0		1	0.5	0.0856028	384	2	1.205	4.20921
0		1	0.5	0.097835	407	2	1.065	4.15918
0		1	0.5	0.246973	430	1	0.46	4.07082
0		1	0.5	0.144521	422	2	0.885	4.12989
0		1	0.5	0.189174	430	1	2.23	4.1862
0		1	0.5	0.250939	421	1	2.53	4.22916
0		1	0.5	0.348622	405	0	0	4.25087
0		1	0.5	0.348622	405	0	0	4.25844
0		1	0.5	0.0622321	414	1	1.29	4.26356
0		1	0.5	0.34904	399	0	0	4.26577
0		1	0.5	0.34917	398	0	0	4.24813
0		1	0.5	0.148701	396	1	0.87	4.24336
0		1	0.5	0.348927	412	0	0	4.25998
0		1	0.5	0.352077	426	0	0	4.27035
0		1	0.5	0.34917	414	0	0	4.2855
0		1	0.5	0.3549	433	0	0	4.28401
0		1	0.5	0.349665	417	0	0	4.28349
0		1	0.5	0.349483	416	0	0	4.28844
0		1	0.5	0.348649	404	0	0	4.29836
0		1	0.5	0.348622	405	0	0	4.28491
0		1	0.5	0.34917	414	0	0	4.27198
0		1	0.5	0.0586686	408	1	1.66	4.26977
0		1	0.5	0.102288	422	2	1.08	4.26886
0		1	0.5	0.105528	433	2	1.135	4.25357
0		1	0.5	0.212859	451	2	0.7	4.27536
0		1	0.5	0.248731	436	1	0.47	4.27349
0		1	0.5	0.360329	443	0	0	4.28566
0		1	0.5	0.3549	433	0	0	4.29427
0		1	0.5	0.351741	425	0	0	4.29362
0		1	0.5	0.352071	433	1	0	4.29824
0		1	0.5	0.0784854	427	1	1.29	4.30737
0		1	0.5	0.0579125	423	1	1.48	4.30835
0		1	0.5	0.116236	430	2	1.055	4.29457
0		1	0.5	0.0928097	440	1	1.48	4.30072
0		1	0.5	0.144289	455	1	1.77	4.29007
0		1	0.5	0.139365	438	1	1.94	4.29141
0		1	0.5	0.127604	446	1	1.78	4.29273
0		1	0.5	0.355856	435	0	0	4.29769
0		1	0.5	0.3549	433	0	0	4.28645
0		1	0.5	0.369557	459	1	0	4.27762
0		1	0.5	0.370555	457	0	0	4.28242
0		1	0.5	0.366563	452	0	0	4.29344
0		1	0.5	0.382597	470	0	0	4.28808
0		1	0.5	0.371397	458	0	0	4.28348
0		1	0.5	0.368116	454	0	0	4.27971
0		1	0.5	0.36096	444	0	0	4.28807
0		1	0.5	0.363639	448	0	0	4.28858
0		1	0.5	0.365071	450	0	0	4.2901
0		1	0.5	0.35537	434	0	0	4.28695
0		1	0.5	0.356359	436	0	0	4.28472
0		1	0.5	0.364347	449	0	0	4.29223
0		1	0.5	0.362268	446	0	0	4.29412
0		1	0.5	0.359714	442	0	0	4.29285
0		1	0.5	0.356878	437	0	0	4.29834
0		1	0.5	0.367846	457	1	0	4.26762
0		1	0.5	0.359714	442	0	0	4.27852
0		1	0.5	0.36096	444	0	0	4.2798
0		1	0.5	0.362268	446	0	0	4.27959
0		1	0.5	0.355856	435	0	0	4.27655
0		1	0.5	0.348927	412	0	0	4.26922
0		1	0.5	0.348622	405	0	0	4.2903
0		1	0.5	0.34904	399	0	0	4.29377
0		1	0.5	0.349318	397	0	0	4.28653
0		1	0.5	0.348649	404	0	0	4.26592
0		1	0.5	0.350081	393	0	0	4.28852
0		1	0.5	0.350566	391	0	0	4.25202
0		1	0.5	0.348564	388	1	0	4.26704
0		1	0.5	0.286819	396	1	0.26	4.25338
0		1	0.5	0.070449	383	1	1.53	4.27187
0		1	0.5	0.0931671	386	1	1.77	4.26716
0		1	0.5	0.351741	387	0	0	4.26631
0		1	0.5	0.3528	384	0	0	4.26145
0		1	0.5	0.34917	398	0	0	4.27367
0		1	0.5	0.348753	402	0	0	4.29509
0		1	0.5	0.351422	388	0	0	4.28738
0		1	0.5	0.3549	379	0	0	4.27743
0		1	0.5	0.357413	374	0	0	4.26739
0		1	0.5	0.3549	379	0	0	4.27089
0		1	0.5	0.358531	372	0	0	4.275
0		1	0.5	0.357543	369	1	0	4.25542
0		1	0.5	0.348564	388	1	0	4.19969
0		1	0.5	0.351614	380	1	0	4.24254
0		1	0.5	0.365809	361	0	0	4.26827
0		1	0.5	0.366563	360	0	0	4.26243
0		1	0.5	0.357964	373	0	0	4.28158
0		1	0.5	0.356878	375	0	0	4.27453
0		1	0.5	0.357413	374	0	0	4.29464
0		1	0.5	0.3528	384	0	0	4.27608
0		1	0.5	0.355856	377	0	0	4.28866
0		1	0.5	0.366563	360	0	0	4.29266
0		1	0.5	0.203397	374	2	0.675	4.27178
0		1	0.5	0.140263	366	1	1.87	4.27323
0		1	0.5	0.372254	353	0	0	4.26875
0		1	0.5	0.16782	359	1	1.97	4.28051
0		1	0.5	0.359714	370	0	0	4.2556
0		1	0.5	0.373124	352	0	0	4.28342
0		1	0.5	0.390017	335	0	0	4.27444
0		1	0.5	0.390017	335	0	0	4.29362
0		1	0.5	0.395692	330	0	0	4.29902
0		1	0.5	0.398046	328	0	0	4.27326
0		1	0.5	0.391128	334	0	0	4.25773
0		1	0.5	0.38676	338	0	0	4.26721
0		1	0.5	0.390017	335	0	0	4.23931
0		1	0.5	0.197743	330	1	1.69	4.20657
0		1	0.5	0.410502	318	0	0	4.22293
0		1	0.5	0.251592	323	1	0.87	4.20455
0		1	0.5	0.240864	310	1	1.38	4.24454
0		1	0.5	0.426846	306	0	0	4.27384
0		1	0.5	0.418493	312	0	0	4.29107
0		1	0.5	0.26538	316	1	2.08	4.26052
0		1	0.5	0.413124	316	0	0	4.26954
0		1	0.5	0.426846	306	0	0	4.29065
0		1	0.5	0.432606	302	0	0	4.28071
0		1	0.5	0.422626	309	0	0	4.27459
0		1	0.5	0.237239	315	1	1.19	4.26038
0		1	0.5	0.407922	320	0	0	4.24072
0		1	0.5	0.406648	321	0	0	4.26243
0		1	0.5	0.400447	326	0	0	4.25913
0		1	0.5	0.411807	317	0	0	4.26269
0		1	0.5	0.230438	314	1	1.53	4.24702
0		1	0.5	0.428272	305	0	0	4.2423
0		1	0.5	0.432606	302	0	0	4.24746
0		1	0.5	0.44609	293	0	0	4.26188
0		1	0.5	0.438512	298	0	0	4.27321
0		1	0.5	0.447631	292	0	0	4.25005
0		1	0.5	0.428272	305	0	0	4.25675
0		1	0.5	0.419861	311	0	0	4.23046
0		1	0.5	0.415788	314	0	0	4.25399
0		1	0.5	0.314884	317	1	0.52	4.25879
0		1	0.5	0.306839	326	1	0.48	4.22216
0		1	0.5	0.277783	346	1	0.48	4.15156
0		1	0.5	0.281096	348	1	0.45	4.14296
0		1	0.5	0.27698	324	1	0.68	4.20557
0		1	0.5	0.235628	322	1	1.93	4.26705
0		1	0.5	0.267811	320	1	2.16	4.25137
0		1	0.5	0.417135	313	0	0	4.25776
0		1	0.5	0.418493	312	0	0	4.22532
0		1	0.5	0.438512	298	0	0	4.26643
0		1	0.5	0.443033	295	0	0	4.28433
0		1	0.5	0.441518	296	0	0	4.26569
0		1	0.5	0.431153	303	0	0	4.27077
0		1	0.5	0.227486	316	1	1.34	4.27212
0		1	0.5	0.410502	318	0	0	4.26136
0		1	0.5	0.404134	323	0	0	4.27669
0		1	0.5	0.404134	323	0	0	4.24983
0		1	0.5	0.413124	316	0	0	4.2445
0		1	0.5	0.406648	321	0	0	4.23796
0		1	0.5	0.402894	324	0	0	4.24049
0		1	0.5	0.414451	315	0	0	4.25117
0		1	0.5	0.421238	310	0	0	4.23954
0		1	0.5	0.438512	298	0	0	4.25877
0		1	0.5	0.441518	296	0	0	4.2591
0		1	0.5	0.432606	302	0	0	4.24405
0		1	0.5	0.444558	294	0	0	4.25969
0		1	0.5	0.269055	298	1	1.5	4.24372
0		1	0.5	0.44609	293	0	0	4.25568
0		1	0.5	0.44918	291	0	0	4.25902
0		1	0.5	0.444558	294	0	0	4.24482
0		1	0.5	0.455457	287	0	0	4.26532
0		1	0.5	0.460247	284	0	0	4.24791
0		1	0.5	0.461859	283	0	0	4.25209
0		1	0.5	0.478377	273	0	0	4.2749
0		1	0.5	0.468381	279	0	0	4.26793
0		1	0.5	0.417136	276	1	0.34	4.24451
0		1	0.5	0.500847	260	0	0	4.26532
0		1	0.5	0.502619	259	0	0	4.29432
0		1	0.5	0.511561	254	0	0	4.29584
0		1	0.5	0.518815	250	0	0	4.27707
0		1	0.5	0.537312	240	0	0	4.27217
0		1	0.5	0.542956	237	0	0	4.28363
0		1	0.5	0.560131	228	0	0	4.24666
0		1	0.5	0.478729	218	1	1.97	4.20237
0		1	0.5	0.589498	213	0	0	4.24127
0		1	0.5	0.591486	212	0	0	4.25298
0		1	0.5	0.591486	212	0	0	4.26774
0		1	0.5	0.619676	198	0	0	4.2369
0		1	0.5	0.623755	196	0	0	4.24407
0		1	0.5	0.627846	194	0	0	4.26766
0		1	0.5	0.644327	186	0	0	4.26288
0		1	0.5	0.669374	174	0	0	4.2547
0		1	0.5	0.684152	167	0	0	4.23093
0		1	0.5	0.688395	165	0	0	4.23738
0		1	0.5	0.69052	164	0	0	4.23373
0		1	0.5	0.699042	160	0	0	4.20132
0		1	0.5	0.707599	156	0	0	4.18656
0		1	0.5	0.722653	149	0	0	4.22694
0		1	0.5	0.735632	143	0	0	4.25314
0		1	0.5	0.744322	139	0	0	4.24768
0		1	0.5	0.722653	149	0	0	4.23538
0		1	0.5	0.733464	144	0	0	4.25262
0		1	0.5	0.742147	140	0	0	4.23195
0		1	0.5	0.731298	145	0	0	4.20686
0		1	0.5	0.722653	149	0	0	4.14811
0		1	0.5	0.724811	148	0	0	4.18476
0		1	0.5	0.716189	152	0	0	4.17826
0		1	0.5	0.718342	151	0	0	4.17393
0		1	0.5	0.703316	158	0	0	4.16008
0		1	0.5	0.621945	169	1	0.57	4.04302
0		1	0.5	0.590981	182	2	0.57	3.99477
0		1	0.5	0.544506	186	2	1.69	4.02975
0		1	0.5	0.571782	174	2	1.485	4.09536
0		1	0.5	0.677804	170	0	0	4.10568
0		1	0.5	0.684152	167	0	0	4.10249
0		1	0.5	0.692647	163	0	0	4.12304
0		1	0.5	0.696908	161	0	0	4.21942
0		1	0.5	0.699042	160	0	0	4.19238
0		1	0.5	0.602556	162	1	1.55	4.20101
0		1	0.5	0.692647	163	0	0	4.21436
0		1	0.5	0.716189	152	0	0	4.16065
0		1	0.5	0.664577	154	1	0.47	4.15082
0		1	0.5	0.729134	146	0	0	4.10923
0		1	0.5	0.716189	152	0	0	4.08445
0		1	0.5	0.716189	152	0	0	4.12918
0		1	0.5	0.608466	160	1	1.31	4.17328
0		1	0.5	0.675693	171	0	0	4.20703
0		1	0.5	0.667273	175	0	0	4.22511
0		1	0.5	0.677804	170	0	0	4.25335
0		1	0.5	0.673585	172	0	0	4.23468
0		1	0.5	0.684152	167	0	0	4.2293
0		1	0.5	0.694777	162	0	0	4.19757
0		1	0.5	0.686272	166	0	0	4.19731
0		1	0.5	0.669374	174	0	0	4.18547
0		1	0.5	0.669374	174	0	0	4.20942
0		1	0.5	0.679918	169	0	0	4.24178
0		1	0.5	0.654717	181	0	0	4.21744
0		1	0.5	0.636063	190	0	0	4.22271
0		1	0.5	0.648475	184	0	0	4.25571
0		1	0.5	0.644327	186	0	0	4.27396
0		1	0.5	0.626251	194	1	0	4.2847
0		1	0.5	0.572828	197	1	0.41	4.25282
0		1	0.5	0.611556	202	0	0	4.25075
0		1	0.5	0.619676	198	0	0	4.27448
0		1	0.5	0.627846	194	0	0	4.24122
0		1	0.5	0.611949	201	1	0	4.23062
0		1	0.5	0.611556	202	0	0	4.20318
0		1	0.5	0.510211	200	1	1.63	4.18841
0		1	0.5	0.621714	197	0	0	4.21985
0		1	0.5	0.619676	198	0	0	4.2431
0		1	0.5	0.61561	200	0	0	4.22444
0		1	0.5	0.613581	201	0	0	4.23065
0		1	0.5	0.625799	195	0	0	4.21494
0		1	0.5	0.621714	197	0	0	4.24739
0		1	0.5	0.501657	203	1	1.51	4.227
0		1	0.5	0.611556	202	0	0	4.24847
0		1	0.5	0.611556	202	0	0	4.239
0		1	0.5	0.636063	190	0	0	4.24062
0		1	0.5	0.646399	185	0	0	4.2257
0		1	0.5	0.638125	189	0	0	4.25249
0		1	0.5	0.648475	184	0	0	4.26059
0		1	0.5	0.609919	202	1	0	4.21462
0		1	0.5	0.6055	205	0	0	4.2482
0		1	0.5	0.603487	206	0	0	4.26933
0		1	0.5	0.611556	202	0	0	4.26074
0		1	0.5	0.611556	202	0	0	4.25845
0		1	0.5	0.627846	194	0	0	4.2436
0		1	0.5	0.623755	196	0	0	4.22373
0		1	0.5	0.627846	194	0	0	4.19694
0		1	0.5	0.627846	194	0	0	4.20901
0		1	0.5	0.629896	193	0	0	4.2236
0		1	0.5	0.636063	190	0	0	4.22235
0		1	0.5	0.61561	200	0	0	4.22566
0		1	0.5	0.603487	206	0	0	4.22716
0		1	0.5	0.480646	218	1	0.95	4.18541
0		1	0.5	0.583556	216	0	0	4.23035
0		1	0.5	0.587513	214	0	0	4.23721
0		1	0.5	0.599473	208	0	0	4.2335
0		1	0.5	0.571772	222	0	0	4.20325
0		1	0.5	0.440606	228	1	1.4	4.19476
0		1	0.5	0.581582	217	0	0	4.21302
0		1	0.5	0.593477	211	0	0	4.21207
0		1	0.5	0.595472	210	0	0	4.20552
0		1	0.5	0.563995	226	0	0	4.17725
0		1	0.5	0.569822	223	0	0	4.1789
0		1	0.5	0.579613	218	0	0	4.19272
0		1	0.5	0.506243	226	1	0.44	4.19542
0		1	0.5	0.581582	217	0	0	4.22006
0		1	0.5	0.577647	219	0	0	4.25359
0		1	0.5	0.601479	207	0	0	4.28302
0		1	0.5	0.597471	209	0	0	4.29123
0		1	0.5	0.613581	201	0	0	4.28499
0		1	0.5	0.607515	204	0	0	4.26125
0		1	0.5	0.623755	196	0	0	4.22686
0		1	0.5	0.642257	187	0	0	4.22338
0		1	0.5	0.648475	184	0	0	4.21424
0		1	0.5	0.667273	175	0	0	4.2139
0		1	0.5	0.677804	170	0	0	4.23277
0		1	0.5	0.565181	178	1	1.69	4.19263
0		1	0.5	0.554028	192	1	2.19	4.22596
0		1	0.5	0.636063	190	0	0	4.21946
0		1	0.5	0.652634	182	0	0	4.19401
0		1	0.5	0.638125	189	0	0	4.24537
0		1	0.5	0.665174	176	0	0	4.17052
0		1	0.5	0.560434	182	1	1.09	4.13951
0		1	0.5	0.665174	176	0	0	4.19206
0		1	0.5	0.660984	178	0	0	4.18657
0		1	0.5	0.671478	173	0	0	4.18692
0		1	0.5	0.677804	170	0	0	4.20212
0		1	0.5	0.57884	172	1	1.63	4.21784
0		1	0.5	0.564411	187	1	2.17	4.16108
0		1	0.5	0.654717	181	0	0	4.16633
0		1	0.5	0.673585	172	0	0	4.16467
0		1	0.5	0.677804	170	0	0	4.18842
0		1	0.5	0.696908	161	0	0	4.20751
0		1	0.5	0.71189	154	0	0	4.19966
0		1	0.5	0.735632	143	0	0	4.19083
0		1	0.5	0.7465	138	0	0	4.22351
0		1	0.5	0.729134	146	0	0	4.20366
0		1	0.5	0.710484	154	1	0	4.10061
0		1	0.5	0.720496	150	0	0	4.14659
0		1	0.5	0.737802	142	0	0	4.21322
0		1	0.5	0.724811	148	0	0	4.13913
0		1	0.5	0.71189	154	0	0	4.19826
0		1	0.5	0.699042	160	0	0	4.22033
0		1	0.5	0.703316	158	0	0	4.21071
0		1	0.5	0.686272	166	0	0	4.25485
0		1	0.5	0.684152	167	0	0	4.26831
0		1	0.5	0.677804	170	0	0	4.25568
0		1	0.5	0.688395	165	0	0	4.22294
0		1	0.5	0.675693	171	0	0	4.19533
0		1	0.5	0.692647	163	0	0	4.18418
0		1	0.5	0.694777	162	0	0	4.18082
0		1	0.5	0.709743	155	0	0	4.17513
0		1	0.5	0.720496	150	0	0	4.11336
0		1	0.5	0.729134	146	0	0	3.99352
0		1	0.5	0.709743	155	0	0	4.09418
0		1	0.5	0.59684	167	1	1.09	4.10788
0		1	0.5	0.560569	179	1	1.5	4.16986
0		1	0.5	0.69052	164	0	0	4.18038
0		1	0.5	0.694777	162	0	0	4.18234
0		1	0.5	0.69052	164	0	0	4.19892
0		1	0.5	0.606796	166	1	2.04	4.1926
0		1	0.5	0.671478	173	0	0	4.20617
0		1	0.5	0.684152	167	0	0	4.23062
0		1	0.5	0.589554	170	1	1.09	4.15413
0		1	0.5	0.593217	166	1	1.35	4.19396
0		1	0.5	0.699042	160	0	0	4.23507
0		1	0.5	0.71189	154	0	0	4.21976
0		1	0.5	0.703316	158	0	0	4.21926
0		1	0.5	0.688395	165	0	0	4.21186
0		1	0.5	0.69052	164	0	0	4.21642
0		1	0.5	0.686272	166	0	0	4.23847
0		1	0.5	0.591519	169	1	1.85	4.18433
0		1	0.5	0.684152	167	0	0	4.19474
0		1	0.5	0.696908	161	0	0	4.19876
0		1	0.5	0.671478	173	0	0	4.2008
0		1	0.5	0.69052	164	0	0	4.17649
0		1	0.5	0.69052	164	0	0	4.16963
0		1	0.5	0.696908	161	0	0	4.12196
0		1	0.5	0.688395	165	0	0	4.12595
0		1	0.5	0.69052	164	0	0	4.15427
0		1	0.5	0.707599	156	0	0	4.16057
0		1	0.5	0.716189	152	0	0	4.1782
0		1	0.5	0.722653	149	0	0	4.21975
0		1	0.5	0.720496	150	0	0	4.23233
0		1	0.5	0.714038	153	0	0	4.21373
0		1	0.5	0.706184	156	1	0	4.10655
0		1	0.5	0.701893	158	1	0	4.12498
0		1	0.5	0.639871	149	1	1.84	4.18909
0		1	0.5	0.63539	153	2	0.95	4.15174
0		1	0.5	0.731298	145	0	0	4.18696
0		1	0.5	0.712637	153	1	0	4.11105
0		1	0.5	0.714038	153	0	0	4.18549
0		1	0.5	0.705457	157	0	0	4.22218
0		1	0.5	0.699042	160	0	0	4.27859
0		1	0.5	0.632473	172	1	0.37	4.2135
0		1	0.5	0.613834	164	1	0.87	4.2602
0		1	0.5	0.686272	166	0	0	4.23828
0		1	0.5	0.609051	166	1	0.87	4.21544
0		1	0.5	0.69052	164	0	0	4.23293
0		1	0.5	0.596547	168	1	1.92	4.21292
0		1	0.5	0.624495	171	1	2.47	4.19482
0		1	0.5	0.585222	175	1	2.04	4.2006
0		1	0.5	0.671478	173	0	0	4.22558
0		1	0.5	0.69052	164	0	0	4.21218
0		1	0.5	0.665174	176	0	0	4.25699
0		1	0.5	0.684152	167	0	0	4.23851
0		1	0.5	0.677804	170	0	0	4.22703
0		1	0.5	0.675693	171	0	0	4.27768
0		1	0.5	0.677804	170	0	0	4.26128
0		1	0.5	0.667879	174	1	0	4.24451
0		1	0.5	0.642773	186	1	0	4.19917
0		1	0.5	0.563404	189	1	0.73	4.21239
0		1	0.5	0.542277	187	1	1.31	4.21849
0		1	0.5	0.557839	181	1	1.69	4.17802
0		1	0.5	0.675693	171	0	0	4.20618
0		1	0.5	0.682034	168	0	0	4.18869
0		1	0.5	0.69052	164	0	0	4.25427
0		1	0.5	0.686272	166	0	0	4.2649
0		1	0.5	0.699042	160	0	0	4.20575
0		1	0.5	0.699042	160	0	0	4.2299
0		1	0.5	0.69052	164	0	0	4.25795
0		1	0.5	0.684152	167	0	0	4.21931
0		1	0.5	0.703316	158	0	0	4.20891
0		1	0.5	0.696908	161	0	0	4.25406
0		1	0.5	0.677804	170	0	0	4.24085
0		1	0.5	0.69052	164	0	0	4.22849
0		1	0.5	0.696908	161	0	0	4.24614
0		1	0.5	0.705457	157	0	0	4.26508
0		1	0.5	0.71189	154	0	0	4.25852
0		1	0.5	0.694777	162	0	0	4.22375
0		1	0.5	0.680566	168	1	0	4.15442
0		1	0.5	0.598182	172	1	0.81	4.23734
0		1	0.5	0.669374	174	0	0	4.25946
0		1	0.5	0.682034	168	0	0	4.23163
0		1	0.5	0.69052	164	0	0	4.17618
0		1	0.5	0.692647	163	0	0	4.15827
0		1	0.5	0.605457	164	1	1.9	4.1374
0		1	0.5	0.69052	164	0	0	4.17195
0		1	0.5	0.592581	172	1	0.91	4.11612
0		1	0.5	0.599091	180	1	0.54	4.09621
0		1	0.5	0.566435	180	1	1.06	4.08786
0		1	0.5	0.589665	175	1	2.12	4.18048
0		1	0.5	0.584937	172	1	1.87	4.19563
0		1	0.5	0.682034	168	0	0	4.19496
0		1	0.5	0.701178	159	0	0	4.17816
0		1	0.5	0.676328	170	1	0	4.14201
0		1	0.5	0.582511	173	1	1.87	4.18516
0		1	0.5	0.669374	174	0	0	4.15174
0		1	0.5	0.654717	181	0	0	4.14615
0		1	0.5	0.682034	168	0	0	4.21055
0		1	0.5	0.673585	172	0	0	4.20309
0		1	0.5	0.677804	170	0	0	4.14761
0		1	0.5	0.677804	170	0	0	4.19464
0		1	0.5	0.669374	174	0	0	4.21276
0		1	0.5	0.669374	174	0	0	4.19071
0		1	0.5	0.682034	168	0	0	4.21567
0		1	0.5	0.665174	176	0	0	4.20986
0		1	0.5	0.663078	177	0	0	4.2042
0		1	0.5	0.694777	162	0	0	4.21252
0		1	0.5	0.686272	166	0	0	4.22026
0		1	0.5	0.684152	167	0	0	4.2057
0		1	0.5	0.686272	166	0	0	4.20753
0		1	0.5	0.682034	168	0	0	4.18859
0		1	0.5	0.69052	164	0	0	4.2154
0		1	0.5	0.677804	170	0	0	4.25114
0		1	0.5	0.671478	173	0	0	4.18833
0		1	0.5	0.679918	169	0	0	4.25341
0		1	0.5	0.686272	166	0	0	4.19718
0		1	0.5	0.682034	168	0	0	4.12508
0		1	0.5	0.701178	159	0	0	4.17306
0		1	0.5	0.707599	156	0	0	4.20593
0		1	0.5	0.701178	159	0	0	4.21977
0		1	0.5	0.691202	163	1	0	4.18584
0		1	0.5	0.692647	163	0	0	4.17977
0		1	0.5	0.650479	164	1	0.37	4.18409
0		1	0.5	0.659469	178	1	0	4.07646
0		1	0.5	0.655279	180	1	0	4.05141
0		1	0.5	0.609092	176	1	0.53	4.1449
0		1	0.5	0.583004	170	1	1.39	4.21392
0		1	0.5	0.599864	166	1	1.88	4.18342
0		1	0.5	0.703316	158	0	0	4.222
0		1	0.5	0.679918	169	0	0	4.19493
0		1	0.5	0.694777	162	0	0	4.21626
0		1	0.5	0.692647	163	0	0	4.24993
0		1	0.5	0.699042	160	0	0	4.25424
0		1	0.5	0.707599	156	0	0	4.21644
0		1	0.5	0.703316	158	0	0	4.26178
0		1	0.5	0.69052	164	0	0	4.28698
0		1	0.5	0.677804	170	0	0	4.26623
0		1	0.5	0.699042	160	0	0	4.23229
0		1	0.5	0.707599	156	0	0	4.19824
0		1	0.5	0.632963	162	1	0.64	4.16204
0		1	0.5	0.655623	159	1	0.44	4.18655
0		1	0.5	0.60053	164	1	1.74	4.21538
0		1	0.5	0.59501	168	1	1.88	4.14495
0		1	0.5	0.675693	171	0	0	4.18586
0		1	0.5	0.669374	174	0	0	4.21235
0		1	0.5	0.585134	174	1	1.99	4.21701
0		1	0.5	0.560309	182	1	1.86	4.21373
0		1	0.5	0.570423	175	1	1.51	4.18484
0		1	0.5	0.585638	180	1	2.24	4.20029
0		1	0.5	0.543761	194	2	0.83	4.2107
0		1	0.5	0.524073	194	2	1.305	4.20361
0		1	0.5	0.556975	181	2	1.7	4.20805
0		1	0.5	0.568169	176	1	1.55	4.21799
0		1	0.5	0.682034	168	0	0	4.21658
0		1	0.5	0.686272	166	0	0	4.19779
0		1	0.5	0.701178	159	0	0	4.19098
0		1	0.5	0.64942	167	1	0.31	4.08695
0		1	0.5	0.568759	176	1	1.61	4.08957
0		1	0.5	0.593266	173	1	2.1	4.14456
0		1	0.5	0.675693	171	0	0	4.21491
0		1	0.5	0.686272	166	0	0	4.19855
0		1	0.5	0.69052	164	0	0	4.20152
0		1	0.5	0.703316	158	0	0	4.15389
0		1	0.5	0.707599	156	0	0	4.18405
0		1	0.5	0.69052	164	0	0	4.21825
0		1	0.5	0.692647	163	0	0	4.23111
0		1	0.5	0.705457	157	0	0	4.26613
0		1	0.5	0.703316	158	0	0	4.24838
0		1	0.5	0.703316	158	0	0	4.20456
0		1	0.5	0.705457	157	0	0	4.20676
0		1	0.5	0.694777	162	0	0	4.23462
0		1	0.5	0.6511	182	1	0	4.07518
0		1	0.5	0.578217	178	1	0.91	4.15132
0		1	0.5	0.53404	192	1	1.15	4.05469
0		1	0.5	0.520798	196	1	1.28	4.04069
0		1	0.5	0.521379	196	1	1.7	4.02532
0		1	0.5	0.527336	200	1	2.07	4.09917
0		1	0.5	0.497537	211	2	0.925	4.09729
0		1	0.5	0.591486	212	0	0	4.1802
0		1	0.5	0.575685	220	0	0	4.193
0		1	0.5	0.567876	224	0	0	4.2006
0		1	0.5	0.587513	214	0	0	4.20729
0		1	0.5	0.581582	217	0	0	4.21906
0		1	0.5	0.461201	224	1	1.91	4.2097
0		1	0.5	0.599473	208	0	0	4.21533
0		1	0.5	0.579613	218	0	0	4.1986
0		1	0.5	0.587513	214	0	0	4.26021
0		1	0.5	0.601479	207	0	0	4.2572
0		1	0.5	0.629896	193	0	0	4.27093
0		1	0.5	0.621714	197	0	0	4.26245
0		1	0.5	0.631949	192	0	0	4.25326
0		1	0.5	0.627846	194	0	0	4.26275
0		1	0.5	0.648475	184	0	0	4.25625
0		1	0.5	0.629896	193	0	0	4.20377
0		1	0.5	0.644327	186	0	0	4.20945
0		1	0.5	0.565956	202	1	0.37	4.18127
0		1	0.5	0.49926	204	1	1.43	4.20623
0		1	0.5	0.611556	202	0	0	4.22327
0		1	0.5	0.623755	196	0	0	4.23198
0		1	0.5	0.619676	198	0	0	4.25769
0		1	0.5	0.599473	208	0	0	4.2356
0		1	0.5	0.61561	200	0	0	4.24156
0		1	0.5	0.627846	194	0	0	4.22583
0		1	0.5	0.619676	198	0	0	4.25283
0		1	0.5	0.56708	205	1	0.3	4.20267
0		1	0.5	0.613581	201	0	0	4.25763
0		1	0.5	0.611556	202	0	0	4.23138
0		1	0.5	0.613581	201	0	0	4.25067
0		1	0.5	0.599473	208	0	0	4.24628
0		1	0.5	0.527197	196	1	1.88	4.23472
0		1	0.5	0.629896	193	0	0	4.25962
0		1	0.5	0.642257	187	0	0	4.25474
0		1	0.5	0.660984	178	0	0	4.23918
0		1	0.5	0.640189	188	0	0	4.19965
0		1	0.5	0.631949	192	0	0	4.24088
0		1	0.5	0.625799	195	0	0	4.24546
0		1	0.5	0.625799	195	0	0	4.224
0		1	0.5	0.597471	209	0	0	4.2422
0		1	0.5	0.609534	203	0	0	4.24823
0		1	0.5	0.611556	202	0	0	4.25477
0		1	0.5	0.603487	206	0	0	4.26378
0		1	0.5	0.613581	201	0	0	4.25098
0		1	0.5	0.607515	204	0	0	4.23885
0		1	0.5	0.6055	205	0	0	4.21314
0		1	0.5	0.581839	216	1	0	4.13647
0		1	0.5	0.623755	196	0	0	4.16324
0		1	0.5	0.623755	196	0	0	4.20596
0		1	0.5	0.61561	200	0	0	4.21989
0		1	0.5	0.621714	197	0	0	4.22492
0		1	0.5	0.636063	190	0	0	4.24053
0		1	0.5	0.634005	191	0	0	4.19203
0		1	0.5	0.494143	220	2	0.685	4.11069
0		1	0.5	0.479895	221	2	0.835	4.09184
0		1	0.5	0.449604	234	2	0.835	4.00916
0		1	0.5	0.429408	232	2	1.4	4.05509
0		1	0.5	0.405507	242	2	1.35	4.00921
0		1	0.5	0.371713	256	2	1.63	4.01226
0		1	0.5	0.396949	258	1	2.13	4.1228
0		1	0.5	0.373654	272	1	2.21	4.15744
0		1	0.5	0.377669	268	1	0.79	4.16159
0		1	0.5	0.344613	268	1	1.65	4.19352
0		1	0.5	0.497322	262	0	0	4.24857
0		1	0.5	0.500847	260	0	0	4.24005
0		1	0.5	0.513367	253	0	0	4.24511
0		1	0.5	0.495569	263	0	0	4.26523
0		1	0.5	0.502619	259	0	0	4.2536
0		1	0.5	0.495569	263	0	0	4.26085
0		1	0.5	0.490344	266	0	0	4.27723
0		1	0.5	0.49208	265	0	0	4.27324
0		1	0.5	0.485177	269	0	0	4.28896
0		1	0.5	0.500847	260	0	0	4.26699
0		1	0.5	0.478377	273	0	0	4.26477
0		1	0.5	0.500847	260	0	0	4.2791
0		1	0.5	0.483467	270	0	0	4.27081
0		1	0.5	0.488615	267	0	0	4.26014
0		1	0.5	0.504396	258	0	0	4.27865
0		1	0.5	0.515178	252	0	0	4.27162
0		1	0.5	0.522474	248	0	0	4.26232
0		1	0.5	0.54107	238	0	0	4.24481
0		1	0.5	0.533573	242	0	0	4.25415
0		1	0.5	0.558205	229	0	0	4.26623
0		1	0.5	0.565933	225	0	0	4.27457
0		1	0.5	0.539218	238	1	0	4.26634
0		1	0.5	0.531695	242	1	0	4.25359
0		1	0.5	0.544846	236	0	0	4.28508
0		1	0.5	0.552454	232	0	0	4.25613
0		1	0.5	0.552454	232	0	0	4.19063
0		1	0.5	0.548641	234	0	0	4.19171
0		1	0.5	0.539188	239	0	0	4.15863
0		1	0.5	0.464061	252	1	0.34	4.13967
0		1	0.5	0.526153	246	0	0	4.19407
0		1	0.5	0.537312	240	0	0	4.17662
0		1	0.5	0.546741	235	0	0	4.25228
0		1	0.5	0.522474	248	0	0	4.25642
0		1	0.5	0.53544	241	0	0	4.23741
0		1	0.5	0.528001	245	0	0	4.2221
0		1	0.5	0.53544	241	0	0	4.21231
0		1	0.5	0.531695	242	1	0	4.21229
0		1	0.5	0.558205	229	0	0	4.23598
0		1	0.5	0.556284	230	0	0	4.22309
0		1	0.5	0.573727	221	0	0	4.24486
0		1	0.5	0.567876	224	0	0	4.28685
0		1	0.5	0.591486	212	0	0	4.24789
0		1	0.5	0.607515	204	0	0	4.25225
0		1	0.5	0.609534	203	0	0	4.24295
0		1	0.5	0.607515	204	0	0	4.24581
0		1	0.5	0.597471	209	0	0	4.21844
0		1	0.5	0.587513	214	0	0	4.21268
0		1	0.5	0.563995	226	0	0	4.23336
0		1	0.5	0.562061	227	0	0	4.25246
0		1	0.5	0.569822	223	0	0	4.21414
0		1	0.5	0.573727	221	0	0	4.24531
0		1	0.5	0.567876	224	0	0	4.24557
0		1	0.5	0.560131	228	0	0	4.23173
0		1	0.5	0.583556	216	0	0	4.21199
0		1	0.5	0.579613	218	0	0	4.20678
0		1	0.5	0.587513	214	0	0	4.20127
0		1	0.5	0.595472	210	0	0	4.19063
0		1	0.5	0.487439	212	1	1.1	4.16486
0		1	0.5	0.595472	210	0	0	4.20292
0		1	0.5	0.607515	204	0	0	4.21523
0		1	0.5	0.593477	211	0	0	4.20985
0		1	0.5	0.587513	214	0	0	4.22684
0		1	0.5	0.603487	206	0	0	4.22609
0		1	0.5	0.621714	197	0	0	4.24995
0		1	0.5	0.636063	190	0	0	4.22784
0		1	0.5	0.644327	186	0	0	4.21052
0		1	0.5	0.631949	192	0	0	4.25508
0		1	0.5	0.627846	194	0	0	4.27021
0		1	0.5	0.625799	195	0	0	4.24829
0		1	0.5	0.621714	197	0	0	4.2422
0		1	0.5	0.603487	206	0	0	4.18401
0		1	0.5	0.609534	203	0	0	4.2282
0		1	0.5	0.591486	212	0	0	4.2319
0		1	0.5	0.591486	212	0	0	4.23749
0		1	0.5	0.591486	212	0	0	4.23416
0		1	0.5	0.585533	215	0	0	4.27287
0		1	0.5	0.6055	205	0	0	4.27919
0		1	0.5	0.577885	218	1	0	4.26422
0		1	0.5	0.500757	216	1	0.73	4.23423
0		1	0.5	0.488979	210	1	1.19	4.2231
0		1	0.5	0.529132	219	1	0.37	4.2016
0		1	0.5	0.569822	223	0	0	4.22512
0		1	0.5	0.535447	240	1	0	4.14121
0		1	0.5	0.458817	242	2	0.545	4.12625
0		1	0.5	0.54107	238	0	0	4.22872
0		1	0.5	0.522474	248	0	0	4.24225
0		1	0.5	0.554367	231	0	0	4.23648
0		1	0.5	0.548641	234	0	0	4.22967
0		1	0.5	0.524311	247	0	0	4.2701
0		1	0.5	0.542956	237	0	0	4.28776
0		1	0.5	0.537312	240	0	0	4.27253
0		1	0.5	0.432507	244	1	0.78	4.2377
0		1	0.5	0.504396	258	0	0	4.26386
0		1	0.5	0.518815	250	0	0	4.27312
0		1	0.5	0.516994	251	0	0	4.25871
0		1	0.5	0.526153	246	0	0	4.26839
0		1	0.5	0.518815	250	0	0	4.2708
0		1	0.5	0.481394	270	1	0	4.25038
0		1	0.5	0.441114	268	1	0.28	4.24272
0		1	0.5	0.443843	293	1	0	4.12571
0		1	0.5	0.446948	291	1	0	4.14313
0		1	0.5	0.423073	307	1	0	4.06787
0		1	0.5	0.424497	306	1	0	4.08017
0		1	0.5	0.420253	309	1	0	4.07707
0		1	0.5	0.451667	288	1	0	4.19029
0		1	0.5	0.406146	300	1	0.15	4.12924
0		1	0.5	0.325324	300	1	0.66	4.11417
0		1	0.5	0.301669	300	1	0.85	4.13299
0		1	0.5	0.276441	295	1	1.44	4.1794
0		1	0.5	0.335138	290	1	2.21	4.23664
0		1	0.5	0.322136	286	1	2	4.21853
0		1	0.5	0.49208	265	0	0	4.23263
0		1	0.5	0.504396	258	0	0	4.23129
0		1	0.5	0.497322	262	0	0	4.18844
0		1	0.5	0.502619	259	0	0	4.25558
0		1	0.5	0.509762	255	0	0	4.28442
0		1	0.5	0.526153	246	0	0	4.27627
0		1	0.5	0.533573	242	0	0	4.27565
0		1	0.5	0.542956	237	0	0	4.26822
0		1	0.5	0.402561	245	1	1.72	4.27131
0		1	0.5	0.537312	240	0	0	4.27457
0		1	0.5	0.529853	244	0	0	4.27093
0		1	0.5	0.522474	248	0	0	4.27201
0		1	0.5	0.509762	255	0	0	4.27964
0		1	0.5	0.509762	255	0	0	4.27968
0		1	0.5	0.500847	260	0	0	4.24993
0		1	0.5	0.476693	274	0	0	4.27786
0		1	0.5	0.470029	278	0	0	4.25955
0		1	0.5	0.33095	273	1	1.37	4.26579
0		1	0.5	0.307658	283	1	1.63	4.27468
0		1	0.5	0.335084	286	1	0.82	4.2585
0		1	0.5	0.452303	289	0	0	4.25573
0		1	0.5	0.316876	279	1	1.61	4.2441
0		1	0.5	0.497322	262	0	0	4.26685
0		1	0.5	0.513367	253	0	0	4.22441
0		1	0.5	0.507967	256	0	0	4.21149
0		1	0.5	0.518815	250	0	0	4.21805
0		1	0.5	0.529853	244	0	0	4.25545
0		1	0.5	0.537312	240	0	0	4.25744
0		1	0.5	0.552454	232	0	0	4.23585
0		1	0.5	0.567876	224	0	0	4.24529
0		1	0.5	0.573727	221	0	0	4.23236
0		1	0.5	0.585533	215	0	0	4.21945
0		1	0.5	0.599473	208	0	0	4.1977
0		1	0.5	0.583556	216	0	0	4.19941
0		1	0.5	0.595472	210	0	0	4.21275
0		1	0.5	0.595472	210	0	0	4.2194
0		1	0.5	0.589498	213	0	0	4.22527
0		1	0.5	0.585809	214	1	0	4.18317
0		1	0.5	0.603487	206	0	0	4.20253
0		1	0.5	0.613581	201	0	0	4.20385
0		1	0.5	0.607515	204	0	0	4.21564
0		1	0.5	0.479807	212	1	1.55	4.18746
0		1	0.5	0.53601	210	1	0.49	4.19099
0		1	0.5	0.487854	209	1	1.61	4.24119
0		1	0.5	0.6055	205	0	0	4.23879
0		1	0.5	0.603487	206	0	0	4.25856
0		1	0.5	0.47682	216	1	1.83	4.24482
0		1	0.5	0.461348	230	1	0.82	4.22871
0		1	0.5	0.445462	232	1	1.97	4.27029
0		1	0.5	0.539188	239	0	0	4.2567
0		1	0.5	0.544846	236	0	0	4.27499
0		1	0.5	0.556284	230	0	0	4.24079
0		1	0.5	0.562061	227	0	0	4.29013
0		1	0.5	0.585533	215	0	0	4.23489
0		1	0.5	0.585533	215	0	0	4.25737
0		1	0.5	0.496792	236	1	0.34	4.19792
0		1	0.5	0.567876	224	0	0	4.23211
0		1	0.5	0.554483	230	1	0	4.15291
0		1	0.5	0.472818	218	1	1.85	4.15414
0		1	0.5	0.552454	232	0	0	4.21482
0		1	0.5	0.552454	232	0	0	4.23213
0		1	0.5	0.438124	229	1	1.55	4.23179
0		1	0.5	0.565933	225	0	0	4.25272
0		1	0.5	0.575685	220	0	0	4.23884
0		1	0.5	0.556284	230	0	0	4.22422
0		1	0.5	0.531695	242	1	0	4.21179
0		1	0.5	0.520556	248	1	0	4.19838
0		1	0.5	0.419786	245	1	0.91	4.20847
0		1	0.5	0.391363	248	1	1.43	4.23776
0		1	0.5	0.39648	246	1	1.55	4.22619
0		1	0.5	0.537312	240	0	0	4.26964
0		1	0.5	0.53171	243	0	0	4.30074
0		1	0.5	0.513367	253	0	0	4.27228
0		1	0.5	0.529853	244	0	0	4.27951
0		1	0.5	0.554367	231	0	0	4.27676
0		1	0.5	0.533569	241	1	0	4.24322
0		1	0.5	0.524311	247	0	0	4.24602
0		1	0.5	0.419979	268	1	0.43	4.19076
0		1	0.5	0.449398	270	1	0.2	4.16124
0		1	0.5	0.46873	251	1	0.32	4.21816
0		1	0.5	0.465807	245	1	0.44	4.24442
0		1	0.5	0.548641	234	0	0	4.25431
0		1	0.5	0.524311	247	0	0	4.23403
0		1	0.5	0.529853	244	0	0	4.23189
0		1	0.5	0.554367	231	0	0	4.24661
0		1	0.5	0.544846	236	0	0	4.2377
0		1	0.5	0.537312	240	0	0	4.20919
0		1	0.5	0.548641	234	0	0	4.21304
0		1	0.5	0.552454	232	0	0	4.25572
0		1	0.5	0.546741	235	0	0	4.25064
0		1	0.5	0.518815	250	0	0	4.24747
0		1	0.5	0.53544	241	0	0	4.26566
0		1	0.5	0.533573	242	0	0	4.22639
0		1	0.5	0.573727	221	0	0	4.26191
0		1	0.5	0.575685	220	0	0	4.2573
0		1	0.5	0.567876	224	0	0	4.28046
0		1	0.5	0.552454	232	0	0	4.27325
0		1	0.5	0.546741	235	0	0	4.28444
0		1	0.5	0.41415	242	1	1.83	4.28
0		1	0.5	0.373448	261	1	1.04	4.25133
0		1	0.5	0.500847	260	0	0	4.25834
0		1	0.5	0.500847	260	0	0	4.26782
0		1	0.5	0.488615	267	0	0	4.26415
0		1	0.5	0.486893	268	0	0	4.23425
0		1	0.5	0.507967	256	0	0	4.23312
0		1	0.5	0.518815	250	0	0	4.18734
0		1	0.5	0.500847	260	0	0	4.22494
0		1	0.5	0.499082	261	0	0	4.23185
0		1	0.5	0.478377	273	0	0	4.22084
0		1	0.5	0.490344	266	0	0	4.21728
0		1	0.5	0.495569	263	0	0	4.20694
0		1	0.5	0.481763	271	0	0	4.24245
0		1	0.5	0.367861	278	1	0.68	4.25518
0		1	0.5	0.322861	292	1	2.14	4.22791
0		1	0.5	0.410696	316	1	0	4.17081
0		1	0.5	0.412031	315	1	0	4.16414
0		1	0.5	0.386339	336	1	0	4.06342
0		1	0.5	0.395526	328	1	0	4.10989
0		1	0.5	0.390836	332	1	0	4.09064
0		1	0.5	0.388563	334	1	0	4.08472
0		1	0.5	0.327381	332	1	0.32	4.12476
0		1	0.5	0.319951	344	1	0.28	4.10988
0		1	0.5	0.296268	338	1	0.44	4.13282
0		1	0.5	0.326593	326	1	0.37	4.16641
0		1	0.5	0.295113	320	1	0.61	4.16512
0		1	0.5	0.252793	308	1	1.75	4.19074
0		1	0.5	0.2625	312	1	1.98	4.21753
0		1	0.5	0.261744	308	2	1.05	4.21313
0		1	0.5	0.44918	291	0	0	4.23479
0		1	0.5	0.304908	303	1	0.77	4.25996
0		1	0.5	0.457046	286	0	0	4.25765
0		1	0.5	0.440011	297	0	0	4.28741
0		1	0.5	0.466739	280	0	0	4.27132
0		1	0.5	0.460247	284	0	0	4.26184
0		1	0.5	0.486893	268	0	0	4.26112
0		1	0.5	0.478377	273	0	0	4.27457
0		1	0.5	0.475017	275	0	0	4.24511
0		1	0.5	0.490344	266	0	0	4.28377
0		1	0.5	0.495569	263	0	0	4.2734
0		1	0.5	0.504396	258	0	0	4.28244
0		1	0.5	0.529853	244	0	0	4.27281
0		1	0.5	0.550545	233	0	0	4.26897
0		1	0.5	0.581582	217	0	0	4.24647
0		1	0.5	0.591486	212	0	0	4.25089
0		1	0.5	0.46407	224	1	0.99	4.24024
0		1	0.5	0.579613	218	0	0	4.22288
0		1	0.5	0.567876	224	0	0	4.24475
0		1	0.5	0.577647	219	0	0	4.24203
0		1	0.5	0.577647	219	0	0	4.25479
0		1	0.5	0.560131	228	0	0	4.23644
0		1	0.5	0.533573	242	0	0	4.24585
0		1	0.5	0.537312	240	0	0	4.256
0		1	0.5	0.518815	250	0	0	4.21502
0		1	0.5	0.526153	246	0	0	4.23381
0		1	0.5	0.529853	244	0	0	4.23663
0		1	0.5	0.537312	240	0	0	4.23956
0		1	0.5	0.548641	234	0	0	4.25981
0		1	0.5	0.567876	224	0	0	4.2533
0		1	0.5	0.575685	220	0	0	4.25895
0		1	0.5	0.433939	232	1	1.24	4.2552
0		1	0.5	0.413393	239	1	1.52	4.28639
0		1	0.5	0.533573	242	0	0	4.2736
0		1	0.5	0.511561	254	0	0	4.25816
0		1	0.5	0.511561	254	0	0	4.25506
0		1	0.5	0.504396	258	0	0	4.26836
0		1	0.5	0.526153	246	0	0	4.24367
0		1	0.5	0.524311	247	0	0	4.24928
0		1	0.5	0.490344	266	0	0	4.26775
0		1	0.5	0.364396	280	2	0.66	4.21095
0		1	0.5	0.351305	280	1	0.79	4.2188
0		1	0.5	0.504396	258	0	0	4.24088
0		1	0.5	0.396375	264	1	2.26	4.22354
0		1	0.5	0.381744	260	1	2	4.25106
0		1	0.5	0.425438	268	1	0.39	4.23077
0		1	0.5	0.398588	265	1	2.3	4.23586
0		1	0.5	0.504396	258	0	0	4.23099
0		1	0.5	0.497322	262	0	0	4.20439
0		1	0.5	0.488615	267	0	0	4.23746
0		1	0.5	0.49208	265	0	0	4.23048
0		1	0.5	0.502619	259	0	0	4.27162
0		1	0.5	0.524311	247	0	0	4.24961
0		1	0.5	0.554367	231	0	0	4.25678
0		1	0.5	0.548641	234	0	0	4.24498
0		1	0.5	0.53544	241	0	0	4.27729
0		1	0.5	0.542956	237	0	0	4.27492
0		1	0.5	0.558205	229	0	0	4.24527
0		1	0.5	0.556284	230	0	0	4.2598
0		1	0.5	0.562061	227	0	0	4.23032
0		1	0.5	0.571772	222	0	0	4.21346
0		1	0.5	0.575685	220	0	0	4.21594
0		1	0.5	0.583556	216	0	0	4.1865
0		1	0.5	0.597471	209	0	0	4.17362
0		1	0.5	0.57986	217	1	0	4.14067
0		1	0.5	0.522585	221	1	0.39	4.18837
0		1	0.5	0.493115	236	1	0.37	4.10487
0		1	0.5	0.49988	223	1	2.39	4.17944
0		1	0.5	0.472119	224	1	2.09	4.20092
0		1	0.5	0.563995	226	0	0	4.24435
0		1	0.5	0.435876	238	1	2.04	4.20513
0		1	0.5	0.554367	231	0	0	4.25814
0		1	0.5	0.544846	236	0	0	4.22429
0		1	0.5	0.428994	233	1	1.35	4.24005
0		1	0.5	0.54107	238	0	0	4.26033
0		1	0.5	0.54107	238	0	0	4.26736
0		1	0.5	0.567876	224	0	0	4.2298
0		1	0.5	0.581582	217	0	0	4.26053
0		1	0.5	0.486673	214	1	1.94	4.27229
0		1	0.5	0.599473	208	0	0	4.24244
0		1	0.5	0.607515	204	0	0	4.21595
0		1	0.5	0.6055	205	0	0	4.19213
0		1	0.5	0.613581	201	0	0	4.24666
0		1	0.5	0.601479	207	0	0	4.25918
0		1	0.5	0.617641	199	0	0	4.23822
0		1	0.5	0.619676	198	0	0	4.23704
0		1	0.5	0.607515	204	0	0	4.20472
0		1	0.5	0.603487	206	0	0	4.21059
0		1	0.5	0.617641	199	0	0	4.23786
0		1	0.5	0.513311	200	1	1.19	4.23114
0		1	0.5	0.617641	199	0	0	4.25381
0		1	0.5	0.631949	192	0	0	4.26591
0		1	0.5	0.609534	203	0	0	4.2392
0		1	0.5	0.483101	218	1	0.91	4.19328
0		1	0.5	0.457661	222	1	1.69	4.1973
0		1	0.5	0.571772	222	0	0	4.22372
0		1	0.5	0.507622	228	1	0.39	4.22522
0		1	0.5	0.429109	244	1	0.82	4.2064
0		1	0.5	0.392335	253	1	1.04	4.1584
0		1	0.5	0.392276	254	1	1.95	4.23815
0		1	0.5	0.516994	251	0	0	4.27243
0		1	0.5	0.537312	240	0	0	4.27818
0		1	0.5	0.529853	244	0	0	4.26605
0		1	0.5	0.507967	256	0	0	4.25236
0		1	0.5	0.509762	255	0	0	4.25375
0		1	0.5	0.493821	264	0	0	4.23403
0		1	0.5	0.473347	276	0	0	4.22827
0		1	0.5	0.356926	281	2	0.705	4.22883
0		1	0.5	0.296615	287	1	1.57	4.22031
0		1	0.5	0.33479	275	1	1.82	4.24856
0		1	0.5	0.473347	276	0	0	4.25
0		1	0.5	0.486893	268	0	0	4.24291
0		1	0.5	0.411794	275	1	0.39	4.23811
0		1	0.5	0.471685	277	0	0	4.28003
0		1	0.5	0.473347	276	0	0	4.26131
0		1	0.5	0.475017	275	0	0	4.2589
0		1	0.5	0.34768	266	1	1.56	4.25588
0		1	0.5	0.497322	262	0	0	4.27741
0		1	0.5	0.493821	264	0	0	4.28962
0		1	0.5	0.500847	260	0	0	4.29058
0		1	0.5	0.502619	259	0	0	4.28614
0		1	0.5	0.518815	250	0	0	4.27676
0		1	0.5	0.529853	244	0	0	4.26911
0		1	0.5	0.539188	239	0	0	4.28441
0		1	0.5	0.526153	246	0	0	4.29235
0		1	0.5	0.537312	240	0	0	4.25972
0		1	0.5	0.548641	234	0	0	4.26915
0		1	0.5	0.53171	243	0	0	4.27776
0		1	0.5	0.524311	247	0	0	4.2707
0		1	0.5	0.53544	241	0	0	4.27163
0		1	0.5	0.515178	252	0	0	4.25619
0		1	0.5	0.520642	249	0	0	4.27367
0		1	0.5	0.524311	247	0	0	4.27914
0		1	0.5	0.554367	231	0	0	4.25395
0		1	0.5	0.531695	242	1	0	4.23883
0		1	0.5	0.513233	252	1	0	4.21653
0		1	0.5	0.466726	252	1	0.32	4.23602
0		1	0.5	0.409991	252	1	0.83	4.25068
0		1	0.5	0.522474	248	0	0	4.25716
0		1	0.5	0.528001	245	0	0	4.28187
0		1	0.5	0.526153	246	0	0	4.27615
0		1	0.5	0.414057	258	1	0.65	4.24609
0		1	0.5	0.500847	260	0	0	4.2783
0		1	0.5	0.488615	267	0	0	4.2683
0		1	0.5	0.49208	265	0	0	4.28027
0		1	0.5	0.506179	257	0	0	4.27459
0		1	0.5	0.518815	250	0	0	4.28665
0		1	0.5	0.526153	246	0	0	4.26939
