0		1	1	0.348753	402	0	0	4.25686
0		1	1	0.0499368	414	1	1.38	4.24624
0		1	1	0.234521	435	2	0.52	4.22998
0		1	1	0.167722	429	1	0.82	4.2483
0		1	1	0.100446	436	1	1.24	4.25981
0		1	1	0.0892947	435	1	1.63	4.27995
0		1	1	0.351741	425	0	0	4.28152
0		1	1	0.34904	399	0	0	4.28598
0		1	1	0.349318	397	0	0	4.28947
0		1	1	0.347449	420	1	0	4.26808
0		1	1	0.0769968	416	2	1.175	4.27543
0		1	1	0.117218	430	2	1.05	4.26778
0		1	1	0.0268317	412	2	1.52	4.27561
0		1	1	0.134845	404	1	2.03	4.26496
0		1	1	0.135853	399	1	2.03	4.27966
0		1	1	0.0554967	420	1	1.55	4.24068
0		1	1	0.178192	406	1	0.73	4.26172
0		1	1	0.186395	418	2	0.69	4.24186
0		1	1	0.19464	446	2	0.76	4.173
0		1	1	0.168249	450	2	0.93	4.17586
0		1	1	0.152051	441	2	0.945	4.20544
0		1	1	0.0649465	418	2	1.71	4.26696
0		1	1	0.0543111	414	1	1.61	4.26936
0		1	1	0.254056	436	2	0.435	4.24051
0		1	1	0.256975	432	2	0.41	4.26729
0		1	1	0.204496	466	2	0.875	4.19655
0		1	1	0.13192	456	3	1.27333	4.22292
0		1	1	0.134629	438	1	1.04	4.26994
0		1	1	0.349954	428	1	0	4.28591
0		1	1	0.177048	446	2	0.85	4.26411
0		1	1	0.0907518	431	3	1.76333	4.26898
0		1	1	0.350315	420	0	0	4.26592
0		1	1	0.348831	401	0	0	4.26568
0		1	1	0.346793	417	1	0	4.2637
0		1	1	0.164106	429	2	0.82	4.26444
0		1	1	0.196239	434	3	0.686667	4.26628
0		1	1	0.14913	448	5	1.048	4.24139
0		1	1	0.0721955	430	1	1.43	4.24493
0		1	1	0.347972	422	1	0	4.26097
0		1	1	0.109589	410	1	1.04	4.26631
0		1	1	0.0621414	426	2	1.615	4.26655
0		1	1	0.111345	433	1	1.82	4.27439
0		1	1	0.125902	406	1	1.99	4.2886
0		1	1	0.0757532	398	1	1.74	4.28178
0		1	1	0.0666052	413	1	1.26	4.26089
0		1	1	0.0580625	391	1	1.39	4.2573
0		1	1	0.350834	390	0	0	4.2833
0		1	1	0.353187	383	0	0	4.29039
0		1	1	0.354447	380	0	0	4.29077
0		1	1	0.217242	374	1	2.33	4.29736
0		1	1	0.355731	372	1	0	4.28156
0		1	1	0.353035	377	1	0	4.26526
0		1	1	0.294066	382	1	0.25	4.25513
0		1	1	0.11919	368	1	1.21	4.27144
0		1	1	0.189662	372	2	0.75	4.25931
0		1	1	0.109837	377	2	1.825	4.25762
0		1	1	0.148538	374	1	1.99	4.27455
0		1	1	0.368116	358	0	0	4.27256
0		1	1	0.120643	360	1	1.43	4.24772
0		1	1	0.383618	341	0	0	4.24417
0		1	1	0.390017	335	0	0	4.26515
0		1	1	0.407922	320	0	0	4.26548
0		1	1	0.242388	332	2	0.795	4.26554
0		1	1	0.170993	343	2	1.18	4.25916
0		1	1	0.404134	323	0	0	4.24756
0		1	1	0.405386	322	0	0	4.24765
0		1	1	0.438512	298	0	0	4.25652
0		1	1	0.450737	290	0	0	4.23927
0		1	1	0.455457	287	0	0	4.26425
0		1	1	0.465105	281	0	0	4.25242
0		1	1	0.451667	288	1	0	4.2267
0		1	1	0.457046	286	0	0	4.25099
0		1	1	0.493821	264	0	0	4.25504
0		1	1	0.490344	266	0	0	4.26601
0		1	1	0.486893	268	0	0	4.25073
0		1	1	0.500847	260	0	0	4.27673
0		1	1	0.507967	256	0	0	4.27643
0		1	1	0.515178	252	0	0	4.2623
0		1	1	0.544846	236	0	0	4.29004
0		1	1	0.575685	220	0	0	4.25598
0		1	1	0.575685	220	0	0	4.24245
0		1	1	0.429949	233	1	1.3	4.21794
0		1	1	0.573727	221	0	0	4.20445
0		1	1	0.566112	224	1	0	4.22497
0		1	1	0.597471	209	0	0	4.21958
0		1	1	0.535514	214	1	0.41	4.20325
0		1	1	0.595472	210	0	0	4.21243
0		1	1	0.601479	207	0	0	4.16821
0		1	1	0.595472	210	0	0	4.21552
0		1	1	0.607515	204	0	0	4.25357
0		1	1	0.61561	200	0	0	4.26058
0		1	1	0.617641	199	0	0	4.26316
0		1	1	0.607515	204	0	0	4.28448
0		1	1	0.595472	210	0	0	4.24121
0		1	1	0.475508	214	1	1.35	4.24604
0		1	1	0.591486	212	0	0	4.24041
0		1	1	0.619676	198	0	0	4.26093
0		1	1	0.644327	186	0	0	4.2144
0		1	1	0.652634	182	0	0	4.21202
0		1	1	0.594388	190	1	0.35	4.20003
0		1	1	0.660984	178	0	0	4.24992
0		1	1	0.671478	173	0	0	4.21688
0		1	1	0.635343	172	1	0.34	4.15469
0		1	1	0.673585	172	0	0	4.17649
0		1	1	0.638625	188	1	0	4.0707
0		1	1	0.621743	179	1	0.32	4.14137
0		1	1	0.576295	176	2	1.03	4.15081
0		1	1	0.625362	156	1	1.04	4.17761
0		1	1	0.718342	151	0	0	4.24154
0		1	1	0.733464	144	0	0	4.25727
0		1	1	0.664048	158	1	0.37	4.15935
0		1	1	0.714038	153	0	0	4.2093
0		1	1	0.699751	159	1	0	4.15665
0		1	1	0.718342	151	0	0	4.23751
0		1	1	0.716948	151	1	0	4.22315
0		1	1	0.710484	154	1	0	4.19676
0		1	1	0.714791	152	1	0	4.20523
0		1	1	0.680566	168	1	0	4.07913
0		1	1	0.680566	168	1	0	4.05805
0		1	1	0.6511	182	1	0	3.93712
0		1	1	0.672098	172	1	0	4.07381
0		1	1	0.619726	176	1	0.41	4.08448
0		1	1	0.676328	170	1	0	4.13787
0		1	1	0.669987	173	1	0	4.11431
0		1	1	0.634489	190	1	0	3.93659
0		1	1	0.62215	196	1	0	3.89498
0		1	1	0.600851	188	1	0.33	4.00484
0		1	1	0.606653	184	1	0.36	4.02885
0		1	1	0.604237	186	1	0.34	4.01055
0		1	1	0.60994	193	1	0.15	3.93517
0		1	1	0.591338	203	1	0.13	3.81658
0		1	1	0.562662	196	1	0.54	3.88374
0		1	1	0.534441	214	1	0.42	3.67893
0		1	1	0.544466	208	1	0.45	3.74114
0		1	1	0.553823	202	1	0.49	3.79894
0		1	1	0.565424	194	1	0.56	3.91565
0		1	1	0.605258	186	1	0.33	3.96601
0		1	1	0.627971	184	1	0.16	3.93604
0		1	1	0.609006	194	1	0.14	3.81741
0		1	1	0.620564	188	1	0.15	3.86885
0		1	1	0.631142	182	1	0.17	3.95331
0		1	1	0.645198	174	1	0.2	4.03955
0		1	1	0.662527	162	1	0.29	4.17024
0		1	1	0.716948	151	1	0	4.23716
0		1	1	0.716189	152	0	0	4.2269
0		1	1	0.646391	154	1	0.72	4.21372
0		1	1	0.722653	149	0	0	4.23391
0		1	1	0.71189	154	0	0	4.25211
0		1	1	0.693336	162	1	0	4.21954
0		1	1	0.678446	169	1	0	4.17705
0		1	1	0.672098	172	1	0	4.16213
0		1	1	0.69052	164	0	0	4.22548
0		1	1	0.676328	170	1	0	4.15509
0		1	1	0.716189	152	0	0	4.2204
0		1	1	0.707599	156	0	0	4.20489
0		1	1	0.714038	153	0	0	4.22394
0		1	1	0.724811	148	0	0	4.2334
0		1	1	0.739974	141	0	0	4.24557
0		1	1	0.72343	148	1	0	4.15815
0		1	1	0.716189	152	0	0	4.18483
0		1	1	0.703316	158	0	0	4.16801
0		1	1	0.61226	161	2	1.04	4.12478
0		1	1	0.609288	160	2	1.215	4.11899
0		1	1	0.589696	168	2	1.215	4.05604
0		1	1	0.607821	160	2	1.665	4.08553
0		1	1	0.616664	158	2	1.83	4.1135
0		1	1	0.629076	160	1	0.77	4.09596
0		1	1	0.614497	160	2	1.045	4.12577
0		1	1	0.655458	154	2	0.575	4.1556
0		1	1	0.597666	180	2	0.545	3.94845
0		1	1	0.597666	180	2	0.545	3.94596
0		1	1	0.592731	174	2	0.805	3.9829
0		1	1	0.603491	174	1	0.66	3.97427
0		1	1	0.598765	169	1	0.93	3.98548
0		1	1	0.601718	163	1	1.68	4.04516
0		1	1	0.593197	167	1	1.74	4.04237
0		1	1	0.703316	158	0	0	4.18361
0		1	1	0.686272	166	0	0	4.10848
0		1	1	0.675693	171	0	0	4.10596
0		1	1	0.705457	157	0	0	4.12883
0		1	1	0.714038	153	0	0	4.1064
0		1	1	0.71189	154	0	0	4.15938
0		1	1	0.71189	154	0	0	4.19949
0		1	1	0.60972	160	1	1.24	4.1435
0		1	1	0.724811	148	0	0	4.1026
0		1	1	0.724811	148	0	0	4.16377
0		1	1	0.707599	156	0	0	4.13924
0		1	1	0.720496	150	0	0	4.17121
0		1	1	0.733464	144	0	0	4.17559
0		1	1	0.724811	148	0	0	4.22447
0		1	1	0.71189	154	0	0	4.17464
0		1	1	0.634887	153	1	1.97	4.13901
0		1	1	0.724811	148	0	0	4.09145
0		1	1	0.735632	143	0	0	4.07716
0		1	1	0.607289	160	2	1.63	3.99234
0		1	1	0.724811	148	0	0	4.18291
0		1	1	0.624066	155	1	1.8	4.12801
0		1	1	0.622117	154	1	1.42	4.13504
0		1	1	0.622026	154	1	1.51	4.12298
0		1	1	0.657277	168	1	0.21	3.98141
0		1	1	0.624832	186	1	0.15	3.81648
0		1	1	0.627971	184	1	0.16	3.83836
0		1	1	0.596736	201	1	0.12	3.65532
0		1	1	0.605037	188	1	0.29	3.7899
0		1	1	0.577233	204	1	0.23	3.6472
0		1	1	0.572993	206	1	0.23	3.62664
0		1	1	0.562759	212	1	0.21	3.56586
0		1	1	0.555657	216	1	0.2	3.52611
0		1	1	0.589819	196	1	0.27	3.75187
0		1	1	0.620006	178	1	0.36	3.91402
0		1	1	0.561864	182	1	1.9	3.97473
0		1	1	0.578983	179	1	2.1	3.99209
0		1	1	0.569784	185	1	2.18	3.96052
0		1	1	0.553791	182	2	1.29	3.97996
0		1	1	0.57254	174	3	1.63	4.04549
0		1	1	0.571071	176	3	1.78667	4.09076
0		1	1	0.69052	164	0	0	4.1331
0		1	1	0.682034	168	0	0	4.14934
0		1	1	0.671478	173	0	0	4.12275
0		1	1	0.612634	188	1	0.22	4.06058
0		1	1	0.610569	190	1	0.2	4.02509
0		1	1	0.626999	178	1	0.29	4.11593
0		1	1	0.547895	184	2	1.355	4.12626
0		1	1	0.587367	168	2	1.61	4.11756
0		1	1	0.675693	171	0	0	4.21396
0		1	1	0.69052	164	0	0	4.18795
0		1	1	0.703316	158	0	0	4.15911
0		1	1	0.679918	169	0	0	4.19194
0		1	1	0.707599	156	0	0	4.2277
0		1	1	0.707599	156	0	0	4.22889
0		1	1	0.71189	154	0	0	4.22176
0		1	1	0.607089	178	1	0.5	4.1409
0		1	1	0.589859	178	1	0.72	4.1205
0		1	1	0.558451	184	1	1.02	4.09203
0		1	1	0.54588	187	1	1.16	4.0937
0		1	1	0.553541	203	1	0.47	3.94386
0		1	1	0.548569	196	1	0.71	4.01345
0		1	1	0.548325	184	1	1.44	4.06026
0		1	1	0.559207	185	1	2	4.11187
0		1	1	0.542964	189	1	1.85	4.04046
0		1	1	0.516315	200	1	1.85	4.0154
0		1	1	0.54993	190	1	2.05	4.1347
0		1	1	0.660984	178	0	0	4.19577
0		1	1	0.550041	188	1	1.96	4.19531
0		1	1	0.543969	192	2	0.905	4.18152
0		1	1	0.53751	188	2	1.415	4.16812
0		1	1	0.511713	201	2	1.13	4.13415
0		1	1	0.549922	220	1	0.18	4.04189
0		1	1	0.555657	216	1	0.2	4.08369
0		1	1	0.567582	208	1	0.24	4.13392
0		1	1	0.538894	211	1	0.44	4.13167
0		1	1	0.524063	223	1	0.34	4.04516
0		1	1	0.540229	209	1	0.47	4.12791
0		1	1	0.516814	198	1	1.24	4.19852
0		1	1	0.61561	200	0	0	4.21172
0		1	1	0.498708	206	1	1.19	4.19586
0		1	1	0.561833	198	1	0.5	4.23764
0		1	1	0.617641	199	0	0	4.22644
0		1	1	0.611556	202	0	0	4.21836
0		1	1	0.623755	196	0	0	4.22698
0		1	1	0.53289	198	1	0.87	4.18145
0		1	1	0.555103	201	1	0.5	4.1591
0		1	1	0.577885	218	1	0	4.1609
0		1	1	0.593791	210	1	0	4.17722
0		1	1	0.494512	207	1	1.7	4.18146
0		1	1	0.52622	226	1	0.27	4.13782
0		1	1	0.512212	238	1	0.19	4.06901
0		1	1	0.503144	244	1	0.17	4.03349
0		1	1	0.47609	248	1	0.31	4.0157
0		1	1	0.479304	232	1	0.57	4.09919
0		1	1	0.429326	247	1	0.74	4.04472
0		1	1	0.432443	258	2	0.48	4.02859
0		1	1	0.377014	256	1	1.75	4.11291
0		1	1	0.361025	266	2	1.025	4.13716
0		1	1	0.406021	246	1	1.86	4.1257
0		1	1	0.443553	236	2	2.1	4.15378
0		1	1	0.397849	246	2	1.695	4.12512
0		1	1	0.416382	247	1	2.06	4.12763
0		1	1	0.516884	250	1	0	4.14453
0		1	1	0.488301	266	1	0	4.05538
0		1	1	0.464592	280	1	0	3.99092
0		1	1	0.456457	285	1	0	3.93501
0		1	1	0.445391	292	1	0	3.8978
0		1	1	0.461316	282	1	0	3.96015
0		1	1	0.472907	275	1	0	4.01629
0		1	1	0.458069	284	1	0	3.94445
0		1	1	0.464592	280	1	0	3.97023
0		1	1	0.474591	274	1	0	4.00424
0		1	1	0.385965	257	2	0.97	4.1163
0		1	1	0.37125	256	3	1.32	4.12171
0		1	1	0.353828	270	3	0.986667	4.06929
0		1	1	0.345775	266	3	1.36667	4.08255
0		1	1	0.399432	246	3	1.75667	4.14788
0		1	1	0.4289	239	1	1.97	4.17647
0		1	1	0.411873	247	2	0.935	4.14612
0		1	1	0.368324	258	3	1.25	4.11844
0		1	1	0.407366	242	3	1.25	4.15633
0		1	1	0.387836	250	3	1.25	4.11316
0		1	1	0.374391	254	3	1.46667	4.12557
0		1	1	0.421649	250	2	0.735	4.16769
0		1	1	0.387826	254	2	1.05	4.1697
0		1	1	0.402212	244	1	1.61	4.20514
0		1	1	0.491035	246	2	0.22	4.21912
0		1	1	0.544846	236	0	0	4.21648
0		1	1	0.535447	240	1	0	4.15709
0		1	1	0.562061	227	0	0	4.18635
0		1	1	0.539218	238	1	0	4.12522
0		1	1	0.482353	234	1	0.5	4.16047
0		1	1	0.554367	231	0	0	4.13145
0		1	1	0.439844	232	2	1.06	4.09556
0		1	1	0.541111	237	1	0	4.08915
0		1	1	0.40169	250	1	1.95	4.14905
0		1	1	0.54107	238	0	0	4.16627
0		1	1	0.539188	239	0	0	4.18188
0		1	1	0.411482	246	2	0.975	4.1396
0		1	1	0.518718	249	1	0	4.1583
0		1	1	0.498847	260	1	0	4.16888
0		1	1	0.392276	254	1	1.95	4.18337
0		1	1	0.434924	266	1	0.35	4.16531
0		1	1	0.441449	271	1	0.24	4.12765
0		1	1	0.437749	269	1	0.29	4.15937
0		1	1	0.435853	270	1	0.29	4.16015
0		1	1	0.392109	275	4	0.5225	4.16264
0		1	1	0.365502	282	3	0.613333	4.11695
0		1	1	0.374167	274	2	0.685	4.12803
0		1	1	0.31279	286	2	1.045	4.08401
0		1	1	0.262187	308	2	1.045	3.96093
0		1	1	0.266729	306	2	1.045	3.96343
0		1	1	0.2238	322	2	1.12	3.86737
0		1	1	0.151853	355	2	1.12	3.6614
0		1	1	0.185777	339	2	1.12	3.75655
0		1	1	0.190167	337	2	1.12	3.77009
0		1	1	0.196798	334	2	1.12	3.7882
0		1	1	0.141178	359	2	1.14	3.63941
0		1	1	0.11816	371	2	1.14	3.57025
0		1	1	0.100123	382	2	1.14	3.49966
0		1	1	0.188185	337	2	1.14	3.75487
0		1	1	0.172772	344	2	1.14	3.71259
0		1	1	0.206153	329	2	1.14	3.8101
0		1	1	0.181539	340	2	1.14	3.74345
0		1	1	0.215252	325	2	1.14	3.83448
0		1	1	0.190412	336	2	1.14	3.77234
0		1	1	0.185963	338	2	1.14	3.76022
0		1	1	0.155629	352	2	1.14	3.68578
0		1	1	0.185963	338	2	1.14	3.7756
0		1	1	0.168434	346	2	1.14	3.72738
0		1	1	0.166277	347	2	1.14	3.72139
0		1	1	0.172772	344	2	1.14	3.73939
0		1	1	0.20389	330	2	1.14	3.82423
0		1	1	0.208422	328	2	1.14	3.82727
0		1	1	0.20389	330	2	1.14	3.81502
0		1	1	0.226713	320	2	1.14	3.88156
0		1	1	0.206153	329	2	1.14	3.82622
0		1	1	0.222118	322	2	1.14	3.86925
0		1	1	0.261564	305	2	1.14	3.97342
0		1	1	0.296922	290	2	1.14	4.06234
0		1	1	0.311169	284	2	1.14	4.10297
0		1	1	0.370445	272	3	0.753333	4.15355
0		1	1	0.368871	266	2	0.92	4.15485
0		1	1	0.434786	260	1	0.44	4.2258
0		1	1	0.506179	257	0	0	4.23695
0		1	1	0.518815	250	0	0	4.24938
0		1	1	0.533573	242	0	0	4.26457
0		1	1	0.526153	246	0	0	4.25611
0		1	1	0.465142	242	1	0.5	4.2387
0		1	1	0.533573	242	0	0	4.2084
0		1	1	0.54107	238	0	0	4.19782
0		1	1	0.548641	234	0	0	4.22344
0		1	1	0.552454	232	0	0	4.21506
0		1	1	0.55256	231	1	0	4.18785
0		1	1	0.497637	230	1	0.44	4.20737
0		1	1	0.518219	219	1	0.47	4.19933
0		1	1	0.539218	238	1	0	4.23533
0		1	1	0.556284	230	0	0	4.26887
0		1	1	0.504187	238	1	0.25	4.19176
0		1	1	0.468278	248	1	0.37	4.15383
0		1	1	0.446723	235	1	0.86	4.22871
0		1	1	0.422092	240	1	1.06	4.23339
0		1	1	0.411352	248	1	0.93	4.22113
0		1	1	0.412953	247	2	0.92	4.22806
0		1	1	0.413683	253	1	2.19	4.22962
0		1	1	0.513367	253	0	0	4.24154
0		1	1	0.500847	260	0	0	4.18199
0		1	1	0.477979	272	1	0	4.18278
0		1	1	0.395014	280	1	0.44	4.18012
0		1	1	0.379368	283	1	0.51	4.18298
0		1	1	0.376959	301	1	0.31	4.10139
0		1	1	0.367367	310	1	0.28	4.06333
0		1	1	0.375274	302	1	0.31	4.09345
0		1	1	0.373691	305	1	0.29	4.07572
0		1	1	0.386063	287	1	0.41	4.15978
0		1	1	0.386873	285	1	0.43	4.17815
0		1	1	0.371929	304	1	0.31	4.10398
0		1	1	0.377468	290	1	0.43	4.18259
0		1	1	0.351256	276	1	0.88	4.22803
0		1	1	0.375932	288	2	0.455	4.22405
0		1	1	0.320037	289	1	2.05	4.21317
0		1	1	0.33916	287	1	2.19	4.19787
0		1	1	0.321724	306	3	0.586667	4.214
0		1	1	0.25048	305	2	1.385	4.21643
0		1	1	0.200537	329	2	1.21	4.19074
0		1	1	0.182661	354	3	0.916667	4.09491
0		1	1	0.182109	354	3	0.92	4.10019
0		1	1	0.166433	384	3	0.8	3.95957
0		1	1	0.168759	364	3	0.903333	4.05591
0		1	1	0.164895	386	3	0.8	3.96102
0		1	1	0.162225	390	3	0.8	3.9335
0		1	1	0.165785	366	3	0.903333	4.05042
0		1	1	0.125903	365	2	1.165	4.05938
0		1	1	0.105781	380	2	1.125	3.96186
0		1	1	0.117161	372	2	1.135	3.98861
0		1	1	0.326294	394	1	0.09	3.87965
0		1	1	0.327261	406	1	0.08	3.82521
0		1	1	0.327298	404	1	0.08	3.83515
0		1	1	0.32727	405	1	0.08	3.83018
0		1	1	0.327492	411	1	0.08	3.80759
0		1	1	0.332218	423	1	0.07	3.75508
0		1	1	0.335733	432	1	0.07	3.71139
0		1	1	0.349124	450	1	0.06	3.62558
0		1	1	0.344823	444	1	0.06	3.65393
0		1	1	0.350685	452	1	0.06	3.6162
0		1	1	0.325413	438	1	0.13	3.68946
0		1	1	0.339294	454	1	0.12	3.61385
0		1	1	0.331517	444	1	0.12	3.66089
0		1	1	0.315587	421	1	0.14	3.77266
0		1	1	0.315048	419	1	0.14	3.78243
0		1	1	0.325413	438	1	0.13	3.69795
0		1	1	0.344086	457	1	0.11	3.60842
0		1	1	0.352783	466	1	0.11	3.56697
0		1	1	0.365823	476	1	0.1	3.5217
0		1	1	0.357022	470	1	0.11	3.54876
0		1	1	0.38869	494	1	0.1	3.44238
0		1	1	0.400432	501	1	0.09	3.41231
0		1	1	0.42946	520	1	0.09	3.33286
0		1	1	0.401876	502	1	0.09	3.40805
0		1	1	0.383283	490	1	0.1	3.45977
0		1	1	0.381959	489	1	0.1	3.46413
0		1	1	0.353822	467	1	0.11	3.56241
0		1	1	0.340247	464	1	0.16	3.5824
0		1	1	0.332159	468	1	0.22	3.57886
0		1	1	0.358575	486	1	0.2	3.49981
0		1	1	0.3449	477	1	0.21	3.53973
0		1	1	0.373081	495	1	0.19	3.46057
0		1	1	0.329923	466	1	0.22	3.59515
0		1	1	0.264992	434	1	0.39	3.74461
0		1	1	0.279762	445	1	0.36	3.69247
0		1	1	0.320463	459	1	0.23	3.63552
0		1	1	0.297519	459	1	0.34	3.64439
0		1	1	0.308334	473	1	0.37	3.58726
0		1	1	0.279824	456	1	0.41	3.67028
0		1	1	0.277692	454	1	0.41	3.67952
0		1	1	0.312274	480	1	0.4	3.56935
0		1	1	0.330664	485	1	0.34	3.54726
0		1	1	0.292073	468	1	0.42	3.6103
0		1	1	0.299268	472	1	0.41	3.59221
0		1	1	0.281036	467	1	0.47	3.6131
0		1	1	0.291092	473	1	0.46	3.58501
0		1	1	0.263806	458	1	0.5	3.65326
0		1	1	0.28236	468	1	0.47	3.59837
0		1	1	0.291092	473	1	0.46	3.57581
0		1	1	0.105436	446	2	1.34	3.72095
0		1	1	0.0674714	431	2	1.395	3.79563
0		1	1	0.116071	450	2	1.32	3.72801
0		1	1	0.198816	483	2	1.235	3.57855
0		1	1	0.198816	483	2	1.235	3.57855
0		1	1	0.165033	470	2	1.285	3.63102
0		1	1	0.179795	476	2	1.275	3.60404
0		1	1	0.155321	466	2	1.29	3.63984
0		1	1	0.0832146	437	2	1.59	3.78696
0		1	1	0.095285	442	3	1.32667	3.80257
0		1	1	0.157517	455	2	1.05	3.78205
0		1	1	0.114045	444	2	1.21	3.8314
0		1	1	0.153335	461	2	1.18	3.77737
0		1	1	0.107622	447	3	1.63667	3.85821
0		1	1	0.112187	448	3	1.66333	3.90633
0		1	1	0.116485	452	2	1.555	3.90505
0		1	1	0.133479	459	2	1.56	3.8795
0		1	1	0.151429	459	3	1.80667	3.88012
0		1	1	0.214583	471	2	2.085	3.91423
0		1	1	0.192221	467	4	1.985	3.95116
0		1	1	0.239123	475	3	2.2	3.9887
0		1	1	0.158223	460	4	1.835	4.06122
0		1	1	0.193056	454	1	2.11	4.11494
0		1	1	0.171404	466	2	1.84	4.10307
0		1	1	0.235213	501	2	1.42	3.98441
0		1	1	0.230249	499	2	1.425	3.99346
0		1	1	0.189936	482	2	1.585	4.06783
0		1	1	0.189694	462	2	2.03	4.14407
0		1	1	0.185741	456	2	0.885	4.17854
0		1	1	0.373152	463	1	0	4.14325
0		1	1	0.263494	446	1	0.44	4.16102
0		1	1	0.362946	447	0	0	4.20192
0		1	1	0.148164	454	1	1.82	4.19195
0		1	1	0.370555	457	0	0	4.21402
0		1	1	0.185274	462	1	1.98	4.24639
0		1	1	0.143329	458	1	1.26	4.25992
0		1	1	0.37401	461	0	0	4.26763
0		1	1	0.172783	467	2	1.12	4.26346
0		1	1	0.241966	476	3	0.746667	4.26534
0		1	1	0.202421	473	2	0.98	4.2554
0		1	1	0.220368	482	3	0.976667	4.27477
0		1	1	0.158645	464	3	1.18	4.27576
0		1	1	0.125237	456	2	1.43	4.27312
0		1	1	0.361606	445	0	0	4.26774
0		1	1	0.209224	456	1	0.77	4.26877
0		1	1	0.129543	455	1	1.37	4.26071
0		1	1	0.196678	474	3	1.03333	4.25985
0		1	1	0.226765	488	3	1.03333	4.24738
0		1	1	0.292892	508	2	0.835	4.19899
0		1	1	0.376264	546	2	0.835	4.09146
0		1	1	0.376264	546	2	0.835	4.09055
0		1	1	0.362768	540	2	0.835	4.10811
0		1	1	0.356059	537	2	0.835	4.11745
0		1	1	0.331704	526	2	0.835	4.15079
0		1	1	0.344938	532	2	0.835	4.13141
0		1	1	0.398958	556	2	0.835	4.05565
0		1	1	0.385313	550	2	0.835	4.07825
0		1	1	0.376264	546	2	0.835	4.09096
0		1	1	0.362768	540	2	0.835	4.1126
0		1	1	0.322957	522	2	0.835	4.16162
0		1	1	0.315129	526	3	1.00667	4.14834
0		1	1	0.28289	492	2	0.675	4.23582
0		1	1	0.280608	506	2	0.905	4.22646
0		1	1	0.313262	502	1	0.61	4.21428
0		1	1	0.384979	526	1	0.43	4.15687
0		1	1	0.395494	530	1	0.41	4.13819
0		1	1	0.375972	522	1	0.44	4.15592
0		1	1	0.469423	560	1	0.3	4.01969
0		1	1	0.44694	550	1	0.32	4.05282
0		1	1	0.337425	506	1	0.5	4.17965
0		1	1	0.364868	516	1	0.44	4.15087
0		1	1	0.288974	506	1	0.85	4.19037
0		1	1	0.232697	497	1	1.27	4.21453
0		1	1	0.205603	489	2	1.515	4.23407
0		1	1	0.231498	493	3	1.85333	4.23354
0		1	1	0.249284	502	5	1.184	4.21728
0		1	1	0.221762	496	3	1.45	4.23178
0		1	1	0.216754	494	3	1.47	4.24007
0		1	1	0.241748	501	4	1.23	4.2295
0		1	1	0.264875	512	2	1.305	4.21482
0		1	1	0.264932	513	2	1.555	4.22027
0		1	1	0.25516	506	2	1.75	4.25049
0		1	1	0.309115	531	4	1.395	4.19615
0		1	1	0.353112	545	2	1.115	4.14915
0		1	1	0.413569	570	2	1.105	4.0794
0		1	1	0.441312	585	3	1.39333	4.04369
0		1	1	0.485937	603	3	1.36333	3.98882
0		1	1	0.466178	595	3	1.37	4.01023
0		1	1	0.498276	608	3	1.36	3.96326
0		1	1	0.550272	629	3	1.33333	3.8987
0		1	1	0.533015	622	3	1.33667	3.91601
0		1	1	0.5133	614	3	1.34	3.9365
0		1	1	0.528098	620	3	1.33667	3.91699
0		1	1	0.537932	624	3	1.33667	3.90938
0		1	1	0.60696	652	3	1.32333	3.81892
0		1	1	0.59462	647	3	1.32667	3.83319
0		1	1	0.611877	654	3	1.32333	3.81465
0		1	1	0.500913	609	3	1.34667	3.98068
0		1	1	0.434346	582	3	1.36	4.05828
0		1	1	0.454262	590	3	1.34333	4.06437
0		1	1	0.485444	602	2	1.275	4.05594
0		1	1	0.519719	617	3	1.46	4.0009
0		1	1	0.508096	612	2	1.4	4.05176
0		1	1	0.53241	622	2	1.46	4.03629
0		1	1	0.513788	614	2	1.62	4.05316
0		1	1	0.557694	632	3	1.62333	3.99918
0		1	1	0.520296	617	3	1.58333	4.07013
0		1	1	0.528298	620	3	1.63	4.12065
0		1	1	0.576839	640	4	1.4225	4.11139
0		1	1	0.576741	640	4	1.4475	4.1052
0		1	1	0.612153	654	5	1.464	4.0898
0		1	1	0.668216	676	6	1.36667	4.05223
0		1	1	0.624173	658	6	1.36	4.07973
0		1	1	0.607253	652	5	1.454	4.08478
0		1	1	0.602348	650	5	1.504	4.09807
0		1	1	0.562207	632	6	1.69667	4.12953
0		1	1	0.539006	618	2	2.045	4.13931
0		1	1	0.503778	598	3	2.22333	4.17675
0		1	1	0.485705	589	2	2.25	4.21013
0		1	1	0.583556	596	0	0	4.22081
0		1	1	0.514004	604	1	0.8	4.23586
0		1	1	0.549006	616	2	0.69	4.22827
0		1	1	0.55359	623	3	0.856667	4.22584
0		1	1	0.565494	630	3	0.943333	4.22744
0		1	1	0.52554	616	3	1.07667	4.24954
0		1	1	0.54505	627	3	1.35667	4.22543
0		1	1	0.552151	630	3	1.57	4.23663
0		1	1	0.579399	635	2	2.04	4.22991
0		1	1	0.506342	606	1	1.95	4.25713
0		1	1	0.491831	604	1	1.69	4.25419
0		1	1	0.496677	607	2	1.625	4.24592
0		1	1	0.521863	615	2	1.835	4.24958
0		1	1	0.541667	618	2	2.09	4.26233
0		1	1	0.561283	626	2	2.1	4.26517
0		1	1	0.488279	600	2	1.9	4.26906
0		1	1	0.521146	614	2	1.075	4.27147
0		1	1	0.566989	609	1	0.34	4.27605
0		1	1	0.52073	616	1	1.67	4.28852
0		1	1	0.559562	624	2	0.805	4.29244
0		1	1	0.52278	618	2	1.41	4.28879
0		1	1	0.586816	639	3	0.95	4.27104
0		1	1	0.491364	604	2	1.72	4.29044
0		1	1	0.563995	586	0	0	4.29318
0		1	1	0.567876	588	0	0	4.29582
0		1	1	0.589793	600	1	0	4.26923
0		1	1	0.548641	578	0	0	4.28863
0		1	1	0.513233	560	1	0	4.28995
0		1	1	0.432547	562	1	0.64	4.24851
0		1	1	0.400615	557	1	0.86	4.25461
0		1	1	0.353779	546	1	1.77	4.28268
0		1	1	0.476693	538	0	0	4.29077
0		1	1	0.447631	520	0	0	4.28412
0		1	1	0.471685	535	0	0	4.28565
0		1	1	0.357626	542	2	0.945	4.27122
0		1	1	0.488301	546	1	0	4.25383
0		1	1	0.509603	558	1	0	4.2044
0		1	1	0.415974	544	1	0.46	4.23307
0		1	1	0.322649	533	1	1.77	4.24827
0		1	1	0.289893	518	2	1.85	4.25327
0		1	1	0.456457	527	1	0	4.2497
0		1	1	0.322861	520	1	2.14	4.24885
0		1	1	0.432606	510	0	0	4.27099
0		1	1	0.279349	516	1	1.24	4.25929
0		1	1	0.410502	494	0	0	4.27264
0		1	1	0.393386	480	0	0	4.26963
0		1	1	0.396864	483	0	0	4.27751
0		1	1	0.3857	473	0	0	4.26831
0		1	1	0.393157	482	1	0	4.22968
0		1	1	0.327356	484	1	0.35	4.24446
0		1	1	0.231959	475	1	0.82	4.26882
0		1	1	0.387833	475	0	0	4.25917
0		1	1	0.27007	500	2	0.885	4.24317
0		1	1	0.402938	505	2	0.1	4.21856
0		1	1	0.316195	476	1	0.35	4.2601
0		1	1	0.202819	478	1	1.09	4.27543
0		1	1	0.313142	492	1	0.5	4.27908
0		1	1	0.296669	518	1	1.04	4.25457
0		1	1	0.251299	505	1	1.28	4.26674
0		1	1	0.366088	497	2	0.235	4.25812
0		1	1	0.201745	481	1	1.78	4.273
0		1	1	0.202223	480	3	1.1	4.26235
0		1	1	0.213854	490	1	1.32	4.28081
0		1	1	0.192247	482	1	1.4	4.27907
0		1	1	0.251753	480	1	0.75	4.26504
0		1	1	0.187953	480	1	1.38	4.27623
0		1	1	0.185218	474	1	1.77	4.27676
0		1	1	0.250077	498	2	1.03	4.27976
0		1	1	0.406755	493	1	0	4.28712
0		1	1	0.393386	480	0	0	4.27593
0		1	1	0.331146	512	2	0.605	4.23868
0		1	1	0.280556	514	5	1.134	4.24801
0		1	1	0.333573	537	5	1.156	4.2244
0		1	1	0.316511	532	5	1.272	4.22433
0		1	1	0.325698	537	5	1.394	4.24359
0		1	1	0.286771	521	5	1.39	4.26072
0		1	1	0.306962	520	3	2.01	4.28146
0		1	1	0.435541	512	0	0	4.27281
0		1	1	0.286656	506	1	0.87	4.27389
0		1	1	0.410502	494	0	0	4.25253
0		1	1	0.316603	496	1	0.52	4.25951
0		1	1	0.29099	522	1	1.64	4.25556
0		1	1	0.311635	530	1	1.68	4.25591
0		1	1	0.376799	520	1	0.41	4.26583
0		1	1	0.401228	533	1	0.41	4.25172
0		1	1	0.351406	533	1	0.81	4.25695
0		1	1	0.239964	502	1	1.44	4.25856
0		1	1	0.21087	490	1	1.51	4.2616
0		1	1	0.204234	484	1	1.72	4.26089
0		1	1	0.230149	479	1	2.07	4.27772
0		1	1	0.268052	474	1	2.36	4.27572
0		1	1	0.315097	478	1	0.37	4.27488
0		1	1	0.366563	452	0	0	4.30053
0		1	1	0.373124	460	0	0	4.29432
0		1	1	0.357413	438	0	0	4.29484
0		1	1	0.35243	427	0	0	4.29241
0		1	1	0.349318	415	0	0	4.28793
0		1	1	0.349483	416	0	0	4.27773
0		1	1	0.350315	392	0	0	4.28025
0		1	1	0.36096	368	0	0	4.28167
0		1	1	0.0894824	384	1	1.73	4.26495
0		1	1	0.17659	393	1	0.75	4.24937
0		1	1	0.091238	373	1	1.43	4.27612
0		1	1	0.0412467	396	2	1.59	4.2547
0		1	1	0.0362645	401	3	1.33	4.2625
0		1	1	0.0847282	378	1	1.6	4.26794
0		1	1	0.354064	375	1	0	4.24023
0		1	1	0.352071	379	1	0	4.22602
0		1	1	0.355856	377	0	0	4.21254
0		1	1	0.127809	379	1	1.04	4.22468
0		1	1	0.0634607	386	1	1.48	4.24198
0		1	1	0.104239	382	1	1.15	4.23246
0		1	1	0.127594	369	1	1.82	4.22507
0		1	1	0.119111	374	1	1.82	4.23576
0		1	1	0.359714	370	0	0	4.24273
0		1	1	0.219495	374	2	0.6	4.21211
0		1	1	0.356319	371	1	0	4.22028
0		1	1	0.278466	366	1	0.37	4.24433
0		1	1	0.126468	372	2	1.875	4.24825
0		1	1	0.354604	374	1	0	4.26648
0		1	1	0.122232	380	1	1.89	4.28579
0		1	1	0.3549	379	0	0	4.27652
0		1	1	0.35537	378	0	0	4.27289
0		1	1	0.0901318	382	1	1.24	4.26631
0		1	1	0.0543983	397	1	1.35	4.27743
0		1	1	0.0520268	397	1	1.37	4.28252
0		1	1	0.0621	388	1	1.55	4.28916
0		1	1	0.0884906	387	1	1.75	4.28879
0		1	1	0.229411	415	1	0.51	4.25498
0		1	1	0.256819	415	1	0.39	4.2278
0		1	1	0.0888969	420	2	1.135	4.18634
0		1	1	0.175375	416	2	0.735	4.25435
0		1	1	0.126792	414	2	0.945	4.25108
0		1	1	0.118538	428	3	1.02333	4.2536
0		1	1	0.104774	442	3	1.23667	4.21337
0		1	1	0.166128	456	2	1.005	4.18384
0		1	1	0.085621	440	3	1.4	4.22366
0		1	1	0.111593	432	1	1.83	4.25535
0		1	1	0.166196	428	1	2.13	4.27103
0		1	1	0.151229	421	1	0.87	4.26548
0		1	1	0.349864	418	0	0	4.26612
0		1	1	0.350834	422	0	0	4.28409
0		1	1	0.348927	400	0	0	4.25925
0		1	1	0.350566	391	0	0	4.24714
0		1	1	0.349864	394	0	0	4.2737
0		1	1	0.135115	402	1	2.03	4.26892
0		1	1	0.348649	408	0	0	4.24612
0		1	1	0.345874	410	1	0	4.22638
0		1	1	0.0265609	411	2	1.53	4.24199
0		1	1	0.041738	408	1	1.43	4.26989
0		1	1	0.353187	383	0	0	4.27863
0		1	1	0.3528	384	0	0	4.26091
0		1	1	0.150646	392	1	0.87	4.266
0		1	1	0.0901023	398	1	1.14	4.25423
0		1	1	0.140943	381	2	2.015	4.25973
0		1	1	0.190024	374	1	2.2	4.2689
0		1	1	0.214279	379	2	0.605	4.26411
0		1	1	0.112216	364	1	1.55	4.25562
0		1	1	0.240866	356	1	2.35	4.25445
0		1	1	0.387833	337	0	0	4.26721
0		1	1	0.407922	320	0	0	4.24995
0		1	1	0.429708	304	0	0	4.2519
0		1	1	0.447631	292	0	0	4.23575
0		1	1	0.453876	288	0	0	4.2548
0		1	1	0.375339	288	1	0.47	4.25084
0		1	1	0.334627	272	1	1.64	4.25742
0		1	1	0.311997	282	1	1.69	4.25265
0		1	1	0.34326	268	1	1.59	4.23534
0		1	1	0.376748	257	1	1.8	4.2474
0		1	1	0.354991	264	2	1.23	4.23583
0		1	1	0.35781	274	2	0.84	4.19435
0		1	1	0.329638	286	2	0.855	4.1148
0		1	1	0.325229	288	2	0.855	4.09856
0		1	1	0.316455	292	2	0.855	4.08273
0		1	1	0.327432	287	2	0.855	4.09924
0		1	1	0.334062	284	2	0.855	4.11893
0		1	1	0.287187	302	2	0.925	4.02038
0		1	1	0.415672	292	1	0.17	4.08247
0		1	1	0.346984	288	1	0.68	4.1242
0		1	1	0.335613	276	1	1.08	4.20216
0		1	1	0.286239	291	1	1.52	4.21035
0		1	1	0.307302	284	1	1.26	4.23212
0		1	1	0.304115	287	1	1.78	4.25298
0		1	1	0.264255	304	2	1.135	4.1913
0		1	1	0.264466	301	2	1.255	4.196
0		1	1	0.317546	281	1	1.19	4.23426
0		1	1	0.31531	281	1	1.24	4.21459
0		1	1	0.339317	270	1	1.32	4.20888
0		1	1	0.326075	275	1	1.37	4.22785
0		1	1	0.478377	273	0	0	4.24465
0		1	1	0.341746	290	2	0.675	4.20869
0		1	1	0.317068	278	2	1.36	4.24279
0		1	1	0.28942	289	2	1.4	4.23119
0		1	1	0.279054	293	3	1.39	4.24238
0		1	1	0.247329	306	4	1.4325	4.22315
0		1	1	0.321046	291	1	0.85	4.23463
0		1	1	0.481763	271	0	0	4.24375
0		1	1	0.396904	284	2	0.365	4.20266
0		1	1	0.359813	284	2	0.63	4.20602
0		1	1	0.343568	271	2	1.115	4.19701
0		1	1	0.419817	250	1	0.77	4.24739
0		1	1	0.404072	244	1	1.69	4.23923
0		1	1	0.526153	246	0	0	4.20585
0		1	1	0.495307	262	1	0	4.19211
0		1	1	0.53544	241	0	0	4.24225
0		1	1	0.476282	273	1	0	4.0274
0		1	1	0.472907	275	1	0	4.01423
0		1	1	0.4481	256	1	0.4	4.13798
0		1	1	0.409206	256	1	0.74	4.14064
0		1	1	0.388012	251	1	1.72	4.13932
0		1	1	0.341109	268	3	1.6	4.08412
0		1	1	0.312762	281	3	1.71333	4.06472
0		1	1	0.257925	304	4	1.7125	4.02365
0		1	1	0.283601	297	1	1.83	4.08469
0		1	1	0.316039	298	1	2.19	4.14535
0		1	1	0.308944	298	1	2.13	4.12565
0		1	1	0.269113	306	1	1.91	4.09963
0		1	1	0.253591	305	1	1.6	4.11908
0		1	1	0.443033	295	0	0	4.19407
0		1	1	0.44918	291	0	0	4.2065
0		1	1	0.39395	286	1	0.37	4.21461
0		1	1	0.317822	282	1	1.14	4.22481
0		1	1	0.296815	310	2	0.71	4.13256
0		1	1	0.237344	317	2	1.095	4.1552
0		1	1	0.275376	298	1	1.73	4.23927
0		1	1	0.271347	318	2	0.78	4.24451
0		1	1	0.267991	334	1	0.63	4.23076
0		1	1	0.172827	338	1	1.54	4.23537
0		1	1	0.260665	326	1	2.19	4.25091
0		1	1	0.216337	326	1	1.82	4.24959
0		1	1	0.24268	317	1	1.89	4.25373
0		1	1	0.243973	328	1	2.1	4.26367
0		1	1	0.207094	326	1	1.69	4.27758
0		1	1	0.26373	320	1	2.13	4.26261
0		1	1	0.424023	308	0	0	4.2716
0		1	1	0.215489	326	1	1.81	4.26572
0		1	1	0.418493	312	0	0	4.27626
0		1	1	0.421238	310	0	0	4.26229
0		1	1	0.429708	304	0	0	4.26262
0		1	1	0.251546	314	2	1.015	4.25757
0		1	1	0.44609	293	0	0	4.25853
0		1	1	0.439247	296	1	0	4.20595
0		1	1	0.414731	313	1	0	4.13402
0		1	1	0.397942	326	1	0	4.06135
0		1	1	0.358178	368	1	0	3.81742
0		1	1	0.358178	368	1	0	3.81742
0		1	1	0.366193	357	1	0	3.87887
0		1	1	0.372232	350	1	0	3.91807
0		1	1	0.370435	352	1	0	3.90688
0		1	1	0.377957	344	1	0	3.95159
0		1	1	0.360878	364	1	0	3.83972
0		1	1	0.353541	376	1	0	3.77305
0		1	1	0.355159	373	1	0	3.78965
0		1	1	0.35883	367	1	0	3.82299
0		1	1	0.39199	331	1	0	4.02944
0		1	1	0.39199	331	1	0	4.02944
0		1	1	0.375548	322	1	0.14	4.07628
0		1	1	0.365406	288	1	0.54	4.23128
0		1	1	0.351283	281	1	0.77	4.23311
0		1	1	0.460247	284	0	0	4.24183
0		1	1	0.473347	276	0	0	4.20928
0		1	1	0.436226	298	1	0	4.12907
0		1	1	0.410696	316	1	0	4.03785
0		1	1	0.393157	330	1	0	3.95416
0		1	1	0.381003	341	1	0	3.88426
0		1	1	0.320688	337	1	0.32	3.9673
0		1	1	0.265791	316	1	0.87	4.10313
0		1	1	0.271985	313	1	0.87	4.10931
0		1	1	0.251227	307	3	1.21667	4.13808
0		1	1	0.22698	318	2	1.2	4.17218
0		1	1	0.242027	311	2	1.225	4.17509
0		1	1	0.242807	312	1	1.74	4.17768
0		1	1	0.191819	330	1	1.53	4.14267
0		1	1	0.181525	336	1	1.65	4.11024
0		1	1	0.151315	363	2	1.02	3.99443
0		1	1	0.141564	388	2	0.905	3.86656
0		1	1	0.128549	388	2	0.965	3.88223
0		1	1	0.129244	382	2	0.99	3.91248
0		1	1	0.132837	374	2	1.025	3.95321
0		1	1	0.129574	380	2	1	3.92268
0		1	1	0.109462	388	2	1.055	3.90615
0		1	1	0.105079	393	2	1.055	3.88439
0		1	1	0.0220079	404	2	1.51	3.82615
0		1	1	0.0730558	382	2	1.64	3.95914
0		1	1	0.10262	376	1	1.73	3.9857
0		1	1	0.0980462	394	1	1.84	3.98476
0		1	1	0.118048	400	1	1.95	3.98369
0		1	1	0.163872	377	2	2.105	4.06536
0		1	1	0.11505	367	4	1.735	4.12514
0		1	1	0.1975	356	2	2.135	4.1685
0		1	1	0.0975812	369	3	1.32667	4.17443
0		1	1	0.108013	372	3	1.18333	4.17278
0		1	1	0.0761397	384	3	1.24667	4.14776
0		1	1	0.0643338	414	3	1.21333	4.04006
0		1	1	0.0691005	417	3	1.20333	4.02435
0		1	1	0.051879	392	3	1.31	4.11426
0		1	1	0.0631446	388	3	1.28333	4.13559
0		1	1	0.11363	382	2	1.885	4.17461
0		1	1	0.141179	375	2	1.98	4.20796
0		1	1	0.075452	396	3	1.17	4.14912
0		1	1	0.0425076	409	3	1.29667	4.0849
0		1	1	0.128286	402	3	2.02667	4.16822
0		1	1	0.0714156	391	2	1.725	4.2137
0		1	1	0.359114	371	0	0	4.26564
0		1	1	0.124637	380	2	1.025	4.25627
0		1	1	0.177718	400	2	0.72	4.26265
0		1	1	0.0567175	396	1	1.34	4.24819
0		1	1	0.350081	393	0	0	4.24963
0		1	1	0.348927	400	0	0	4.24939
0		1	1	0.0701072	408	1	1.23	4.26304
0		1	1	0.0411797	408	2	1.63	4.25639
0		1	1	0.0899929	420	1	1.79	4.26546
0		1	1	0.349864	418	0	0	4.28775
0		1	1	0.134008	444	2	1.88	4.29097
0		1	1	0.0886488	434	1	1.31	4.28245
0		1	1	0.356359	436	0	0	4.28722
0		1	1	0.362321	450	1	0	4.28501
0		1	1	0.166409	457	1	1.04	4.28909
0		1	1	0.285459	461	1	0.41	4.29343
0		1	1	0.313635	472	3	0.323333	4.2429
0		1	1	0.328074	468	1	0.24	4.24991
0		1	1	0.2634	468	1	0.57	4.25359
0		1	1	0.115377	448	1	1.34	4.26506
0		1	1	0.127523	454	2	1.29	4.27711
0		1	1	0.169943	460	2	1.03	4.28046
0		1	1	0.181746	450	1	2.08	4.27004
0		1	1	0.179437	472	3	1.15	4.25458
0		1	1	0.272477	494	3	0.766667	4.22385
0		1	1	0.25638	484	3	0.746667	4.2385
0		1	1	0.184437	479	3	1.65333	4.23378
0		1	1	0.212572	492	3	1.4	4.1911
0		1	1	0.246006	505	3	1.33667	4.13694
0		1	1	0.183637	480	2	1.52	4.22109
0		1	1	0.288125	520	4	1.2125	4.18782
0		1	1	0.251987	507	5	1.462	4.24098
0		1	1	0.25361	508	2	1.355	4.25845
0		1	1	0.252135	500	1	1.87	4.27898
0		1	1	0.417135	499	0	0	4.27422
0		1	1	0.401665	487	0	0	4.26402
0		1	1	0.398046	484	0	0	4.26636
0		1	1	0.248001	490	2	0.895	4.24245
0		1	1	0.205798	464	1	2.09	4.27379
0		1	1	0.373124	460	0	0	4.28959
0		1	1	0.135572	458	1	1.56	4.27579
0		1	1	0.14334	446	1	1.89	4.25187
0		1	1	0.354447	432	0	0	4.25705
0		1	1	0.281629	432	1	0.31	4.25853
0		1	1	0.192909	432	1	2.24	4.2657
0		1	1	0.34917	414	0	0	4.29005
0		1	1	0.267286	420	1	0.35	4.25731
0		1	1	0.36018	447	1	0	4.16689
0		1	1	0.368695	458	1	0	4.1271
0		1	1	0.199876	415	1	0.64	4.25194
0		1	1	0.162859	444	1	0.93	4.21073
0		1	1	0.219446	458	1	0.73	4.18413
0		1	1	0.122993	449	1	1.27	4.21688
0		1	1	0.168032	460	1	1.07	4.19028
0		1	1	0.284309	502	1	0.82	4.0557
0		1	1	0.249928	494	1	0.97	4.0895
0		1	1	0.226311	486	1	1.03	4.11012
0		1	1	0.192247	482	1	1.4	4.12401
0		1	1	0.205899	488	1	1.47	4.12173
0		1	1	0.219969	493	1	1.35	4.08667
0		1	1	0.260446	510	1	1.37	4.06507
0		1	1	0.26345	506	1	1.84	4.10414
0		1	1	0.284393	512	1	1.93	4.1036
0		1	1	0.288745	516	1	1.87	4.10433
0		1	1	0.341539	542	2	1.75	4.04117
0		1	1	0.350593	546	2	1.735	4.01184
0		1	1	0.316632	520	2	2.1	4.09359
0		1	1	0.283268	510	3	1.99667	4.14233
0		1	1	0.287145	507	3	2.09333	4.16322
0		1	1	0.253255	506	4	1.715	4.18677
0		1	1	0.221403	492	2	1.74	4.22197
0		1	1	0.255163	502	2	1.88	4.19713
0		1	1	0.280896	514	2	1.855	4.17104
0		1	1	0.32073	534	2	1.715	4.12619
0		1	1	0.346036	545	2	1.675	4.0995
0		1	1	0.373561	557	2	1.6	4.06002
0		1	1	0.330818	538	2	1.725	4.11866
0		1	1	0.321463	534	3	1.74667	4.11068
0		1	1	0.324494	535	3	1.76	4.1048
0		1	1	0.35382	548	3	1.70667	4.04545
0		1	1	0.419242	576	3	1.56667	3.96814
0		1	1	0.429932	580	4	1.3575	3.96195
0		1	1	0.403455	568	3	1.22	3.99169
0		1	1	0.357967	551	4	1.4175	4.05272
0		1	1	0.360168	552	4	1.4675	4.0867
0		1	1	0.303545	525	2	1.805	4.1552
0		1	1	0.289375	522	1	1.38	4.17386
0		1	1	0.348927	539	3	0.96	4.21724
0		1	1	0.322898	534	3	1.17667	4.21634
0		1	1	0.407904	561	2	0.865	4.20835
0		1	1	0.417675	572	4	1.12	4.19735
0		1	1	0.44789	586	5	1.264	4.22342
0		1	1	0.472758	596	5	1.708	4.22027
0		1	1	0.475352	598	5	1.592	4.23213
0		1	1	0.457758	590	4	1.74	4.25823
0		1	1	0.472276	597	2	1.32	4.24506
0		1	1	0.414066	564	1	2.06	4.2725
0		1	1	0.33753	542	1	1.43	4.26592
0		1	1	0.450737	522	0	0	4.27224
0		1	1	0.380356	513	1	0.31	4.27033
0		1	1	0.196497	484	1	1.52	4.27869
0		1	1	0.400404	488	1	0	4.2596
0		1	1	0.439247	516	1	0	4.24171
0		1	1	0.46295	531	1	0	4.21178
0		1	1	0.445391	520	1	0	4.23666
0		1	1	0.441178	533	1	0.15	4.22885
0		1	1	0.427508	527	1	0.17	4.24392
0		1	1	0.444551	534	1	0.14	4.22503
0		1	1	0.281993	520	2	1.405	4.25789
0		1	1	0.283077	520	2	1.605	4.25216
0		1	1	0.285137	520	3	1.69	4.24809
0		1	1	0.429708	508	0	0	4.26178
0		1	1	0.276714	511	1	1.09	4.27894
0		1	1	0.368474	532	1	0.64	4.28572
0		1	1	0.309032	526	2	1.855	4.27937
0		1	1	0.263633	512	2	1.345	4.26729
0		1	1	0.25782	510	2	1.385	4.26663
0		1	1	0.255368	496	2	2.015	4.27861
