0		1	0.1	0.349665	0.472906	0	0	4.29293
0		1	0.1	0.349318	0.477833	0	0	4.29086
0		1	0.1	0.348649	0.495074	0	0	4.28412
0		1	0.1	0.348649	0.495074	0	0	4.28057
0		1	0.1	0.348649	0.495074	0	0	4.28031
0		1	0.1	0.348692	0.492611	0	0	4.29065
0		1	0.1	0.348649	0.504926	0	0	4.29002
0		1	0.1	0.348649	0.504926	0	0	4.28203
0		1	0.1	0.348753	0.509852	0	0	4.2692
0		1	0.1	0.348692	0.507389	0	0	4.29165
0		1	0.1	0.348831	0.512315	0	0	4.27267
0		1	0.1	0.34904	0.482759	0	0	4.27232
0		1	0.1	0.348692	0.492611	0	0	4.28051
0		1	0.1	0.348692	0.492611	0	0	4.28975
0		1	0.1	0.34904	0.482759	0	0	4.28033
0		1	0.1	0.351119	0.458128	0	0	4.27914
0		1	0.1	0.351741	0.453202	0	0	4.28768
0		1	0.1	0.350566	0.463054	0	0	4.28469
0		1	0.1	0.350834	0.460591	0	0	4.28355
0		1	0.1	0.349864	0.470443	0	0	4.29359
0		1	0.1	0.348927	0.485222	0	0	4.29945
0		1	0.1	0.348927	0.485222	0	0	4.30001
0		1	0.1	0.348622	0.497537	0	0	4.29374
0		1	0.1	0.348649	0.504926	0	0	4.28274
0		1	0.1	0.348927	0.514778	0	0	4.28513
0		1	0.1	0.34917	0.519704	0	0	4.2806
0		1	0.1	0.350566	0.536946	0	0	4.26839
0		1	0.1	0.3528	0.554187	0	0	4.25661
0		1	0.1	0.3528	0.554187	0	0	4.26485
0		1	0.1	0.352077	0.549261	0	0	4.2713
0		1	0.1	0.351422	0.544335	0	0	4.29385
0		1	0.1	0.351422	0.544335	0	0	4.29296
0		1	0.1	0.350834	0.539409	0	0	4.28978
0		1	0.1	0.352077	0.549261	0	0	4.28601
0		1	0.1	0.350315	0.534483	0	0	4.29093
0		1	0.1	0.350566	0.536946	0	0	4.27992
0		1	0.1	0.354447	0.564039	0	0	4.28025
0		1	0.1	0.352077	0.549261	0	0	4.28117
0		1	0.1	0.355856	0.571429	0	0	4.29339
0		1	0.1	0.359114	0.586207	0	0	4.28447
0		1	0.1	0.365809	0.610837	0	0	4.29965
0		1	0.1	0.368914	0.62069	0	0	4.2885
0		1	0.1	0.366563	0.613301	0	0	4.28311
0		1	0.1	0.368116	0.618227	0	0	4.29074
0		1	0.1	0.367332	0.615764	0	0	4.29533
0		1	0.1	0.365071	0.608374	0	0	4.28612
0		1	0.1	0.365809	0.610837	0	0	4.29705
0		1	0.1	0.368116	0.618227	0	0	4.29409
0		1	0.1	0.365809	0.610837	0	0	4.294
0		1	0.1	0.36096	0.593596	0	0	4.29399
0		1	0.1	0.365809	0.610837	0	0	4.27526
0		1	0.1	0.362946	0.600985	0	0	4.28419
0		1	0.1	0.361606	0.596059	0	0	4.28191
0		1	0.1	0.362946	0.600985	0	0	4.28782
0		1	0.1	0.365071	0.608374	0	0	4.28582
0		1	0.1	0.363639	0.603448	0	0	4.27724
0		1	0.1	0.365071	0.608374	0	0	4.27645
0		1	0.1	0.365071	0.608374	0	0	4.30462
0		1	0.1	0.368116	0.618227	0	0	4.29504
0		1	0.1	0.369727	0.623153	0	0	4.28195
0		1	0.1	0.373124	0.633005	0	0	4.29459
0		1	0.1	0.379612	0.650246	0	0	4.29859
0		1	0.1	0.37401	0.635468	0	0	4.29442
0		1	0.1	0.374909	0.637931	0	0	4.3018
0		1	0.1	0.375822	0.640394	0	0	4.29193
0		1	0.1	0.383618	0.660098	0	0	4.28079
0		1	0.1	0.381589	0.655172	0	0	4.29036
0		1	0.1	0.379612	0.650246	0	0	4.28523
0		1	0.1	0.380594	0.652709	0	0	4.2858
0		1	0.1	0.374909	0.637931	0	0	4.29871
0		1	0.1	0.382597	0.657635	0	0	4.29698
0		1	0.1	0.370555	0.625616	0	0	4.28637
0		1	0.1	0.368116	0.618227	0	0	4.28806
0		1	0.1	0.369727	0.623153	0	0	4.27907
0		1	0.1	0.376749	0.642857	0	0	4.2788
0		1	0.1	0.387833	0.669951	0	0	4.29166
0		1	0.1	0.390017	0.674877	0	0	4.30109
0		1	0.1	0.3857	0.665025	0	0	4.29599
0		1	0.1	0.388919	0.672414	0	0	4.30099
0		1	0.1	0.392251	0.679803	0	0	4.2948
0		1	0.1	0.387833	0.669951	0	0	4.31165
0		1	0.1	0.396864	0.689655	0	0	4.31352
0		1	0.1	0.400447	0.697044	0	0	4.27832
0		1	0.1	0.401665	0.699507	0	0	4.27788
0		1	0.1	0.402894	0.70197	0	0	4.27797
0		1	0.1	0.409206	0.714286	0	0	4.27528
0		1	0.1	0.409206	0.714286	0	0	4.2994
0		1	0.1	0.406648	0.70936	0	0	4.29958
0		1	0.1	0.410502	0.716749	0	0	4.30003
0		1	0.1	0.406648	0.70936	0	0	4.30336
0		1	0.1	0.414451	0.724138	0	0	4.30289
0		1	0.1	0.42543	0.743842	0	0	4.30243
0		1	0.1	0.42543	0.743842	0	0	4.28881
0		1	0.1	0.419861	0.73399	0	0	4.29552
0		1	0.1	0.42543	0.743842	0	0	4.29578
0		1	0.1	0.424023	0.741379	0	0	4.29636
0		1	0.1	0.424023	0.741379	0	0	4.29218
0		1	0.1	0.413124	0.721675	0	0	4.29143
0		1	0.1	0.421238	0.736453	0	0	4.2806
0		1	0.1	0.413124	0.721675	0	0	4.28855
0		1	0.1	0.418493	0.731527	0	0	4.29679
0		1	0.1	0.422626	0.738916	0	0	4.28227
0		1	0.1	0.417135	0.729064	0	0	4.27969
0		1	0.1	0.407922	0.711823	0	0	4.29057
0		1	0.1	0.402894	0.70197	0	0	4.29807
0		1	0.1	0.406648	0.70936	0	0	4.31378
0		1	0.1	0.418493	0.731527	0	0	4.29485
0		1	0.1	0.418493	0.731527	0	0	4.29926
0		1	0.1	0.447631	0.780788	0	0	4.28865
0		1	0.1	0.458643	0.79803	0	0	4.29898
0		1	0.1	0.461859	0.802956	0	0	4.30883
0		1	0.1	0.461859	0.802956	0	0	4.3067
0		1	0.1	0.463478	0.805419	0	0	4.28123
0		1	0.1	0.470029	0.815271	0	0	4.27748
0		1	0.1	0.475017	0.82266	0	0	4.28039
0		1	0.1	0.475017	0.82266	0	0	4.2959
0		1	0.1	0.480067	0.830049	0	0	4.30535
0		1	0.1	0.475017	0.82266	0	0	4.30192
0		1	0.1	0.473347	0.820197	0	0	4.29965
0		1	0.1	0.483467	0.834975	0	0	4.30209
0		1	0.1	0.478377	0.827586	0	0	4.30871
0		1	0.1	0.478377	0.827586	0	0	4.29244
0		1	0.1	0.476693	0.825123	0	0	4.28096
0		1	0.1	0.463478	0.805419	0	0	4.27881
0		1	0.1	0.447631	0.780788	0	0	4.28661
0		1	0.1	0.440011	0.768473	0	0	4.29378
0		1	0.1	0.432606	0.756158	0	0	4.30242
0		1	0.1	0.432606	0.756158	0	0	4.30563
0		1	0.1	0.429708	0.751232	0	0	4.30608
0		1	0.1	0.428272	0.748768	0	0	4.28947
0		1	0.1	0.422626	0.738916	0	0	4.28457
0		1	0.1	0.418493	0.731527	0	0	4.28994
0		1	0.1	0.404134	0.704434	0	0	4.28495
0		1	0.1	0.406648	0.70936	0	0	4.29608
0		1	0.1	0.406648	0.70936	0	0	4.2972
0		1	0.1	0.405386	0.706897	0	0	4.29121
0		1	0.1	0.402894	0.70197	0	0	4.26576
0		1	0.1	0.398046	0.692118	0	0	4.27571
0		1	0.1	0.396864	0.689655	0	0	4.27092
0		1	0.1	0.396864	0.689655	0	0	4.28304
0		1	0.1	0.395692	0.687192	0	0	4.29499
0		1	0.1	0.404134	0.704434	0	0	4.29298
0		1	0.1	0.404134	0.704434	0	0	4.28841
0		1	0.1	0.404134	0.704434	0	0	4.27842
0		1	0.1	0.400447	0.697044	0	0	4.30507
0		1	0.1	0.398046	0.692118	0	0	4.30197
0		1	0.1	0.395692	0.687192	0	0	4.28971
0		1	0.1	0.402894	0.70197	0	0	4.28353
0		1	0.1	0.405386	0.706897	0	0	4.2935
0		1	0.1	0.405386	0.706897	0	0	4.28754
0		1	0.1	0.411807	0.719212	0	0	4.29881
0		1	0.1	0.404134	0.704434	0	0	4.30241
0		1	0.1	0.214608	0.699507	0.02	0.411628	4.2876
0		1	0.1	0.405386	0.706897	0	0	4.30492
0		1	0.1	0.400447	0.697044	0	0	4.29192
0		1	0.1	0.399241	0.694581	0	0	4.29652
0		1	0.1	0.400447	0.697044	0	0	4.3017
0		1	0.1	0.400447	0.697044	0	0	4.29192
0		1	0.1	0.413124	0.721675	0	0	4.30315
0		1	0.1	0.424023	0.741379	0	0	4.30854
0		1	0.1	0.418493	0.731527	0	0	4.30247
0		1	0.1	0.422626	0.738916	0	0	4.30214
0		1	0.1	0.422626	0.738916	0	0	4.29213
0		1	0.1	0.424023	0.741379	0	0	4.2909
0		1	0.1	0.429708	0.751232	0	0	4.30156
0		1	0.1	0.438512	0.76601	0	0	4.29165
0		1	0.1	0.440011	0.768473	0	0	4.29576
0		1	0.1	0.432606	0.756158	0	0	4.30349
0		1	0.1	0.434069	0.758621	0	0	4.30469
0		1	0.1	0.428272	0.748768	0	0	4.30303
0		1	0.1	0.419861	0.73399	0	0	4.29558
0		1	0.1	0.42543	0.743842	0	0	4.29431
0		1	0.1	0.431153	0.753695	0	0	4.28202
0		1	0.1	0.428272	0.748768	0	0	4.29959
0		1	0.1	0.42543	0.743842	0	0	4.3074
0		1	0.1	0.429708	0.751232	0	0	4.30556
0		1	0.1	0.432606	0.756158	0	0	4.30642
0		1	0.1	0.422626	0.738916	0	0	4.29914
0		1	0.1	0.413124	0.721675	0	0	4.29629
0		1	0.1	0.419861	0.73399	0	0	4.28691
0		1	0.1	0.407922	0.711823	0	0	4.28485
0		1	0.1	0.406648	0.70936	0	0	4.27546
0		1	0.1	0.402894	0.70197	0	0	4.28143
0		1	0.1	0.411807	0.719212	0	0	4.29974
0		1	0.1	0.417135	0.729064	0	0	4.30807
0		1	0.1	0.410502	0.716749	0	0	4.30784
0		1	0.1	0.401665	0.699507	0	0	4.29812
0		1	0.1	0.405386	0.706897	0	0	4.30693
0		1	0.1	0.406648	0.70936	0	0	4.29709
0		1	0.1	0.418493	0.731527	0	0	4.29536
0		1	0.1	0.42543	0.743842	0	0	4.28993
0		1	0.1	0.415788	0.726601	0	0	4.29344
0		1	0.1	0.426846	0.746305	0	0	4.27804
0		1	0.1	0.429708	0.751232	0	0	4.27867
0		1	0.1	0.450737	0.785714	0	0	4.29839
0		1	0.1	0.455457	0.793103	0	0	4.2941
0		1	0.1	0.458643	0.79803	0	0	4.29341
0		1	0.1	0.466739	0.810345	0	0	4.2739
0		1	0.1	0.461859	0.802956	0	0	4.26822
0		1	0.1	0.471685	0.817734	0	0	4.28603
0		1	0.1	0.480067	0.830049	0	0	4.29224
0		1	0.1	0.493821	0.849754	0	0	4.28577
0		1	0.1	0.490344	0.844828	0	0	4.29345
0		1	0.1	0.49208	0.847291	0	0	4.28053
0		1	0.1	0.49208	0.847291	0	0	4.27623
0		1	0.1	0.483467	0.834975	0	0	4.28381
0		1	0.1	0.488615	0.842365	0	0	4.2813
0		1	0.1	0.488615	0.842365	0	0	4.28485
0		1	0.1	0.500847	0.859606	0	0	4.30075
0		1	0.1	0.500847	0.859606	0	0	4.29769
0		1	0.1	0.49208	0.847291	0	0	4.30913
0		1	0.1	0.49208	0.847291	0	0	4.30288
0		1	0.1	0.488615	0.842365	0	0	4.30189
0		1	0.1	0.488615	0.842365	0	0	4.29545
0		1	0.1	0.500847	0.859606	0	0	4.29761
0		1	0.1	0.499082	0.857143	0	0	4.2906
0		1	0.1	0.515178	0.87931	0	0	4.30595
0		1	0.1	0.507967	0.869458	0	0	4.30866
0		1	0.1	0.509762	0.871921	0	0	4.29257
0		1	0.1	0.486893	0.839902	0	0	4.30652
0		1	0.1	0.490344	0.844828	0	0	4.30192
0		1	0.1	0.481763	0.832512	0	0	4.30996
0		1	0.1	0.466739	0.810345	0	0	4.30151
0		1	0.1	0.466739	0.810345	0	0	4.29554
0		1	0.1	0.483467	0.834975	0	0	4.28531
0		1	0.1	0.486893	0.839902	0	0	4.2876
0		1	0.1	0.490344	0.844828	0	0	4.28589
0		1	0.1	0.481763	0.832512	0	0	4.30253
0		1	0.1	0.502619	0.862069	0	0	4.29511
0		1	0.1	0.490344	0.844828	0	0	4.29391
0		1	0.1	0.493821	0.849754	0	0	4.28967
0		1	0.1	0.500847	0.859606	0	0	4.29175
0		1	0.1	0.504396	0.864532	0	0	4.29311
0		1	0.1	0.507967	0.869458	0	0	4.30117
0		1	0.1	0.520642	0.886699	0	0	4.28994
0		1	0.1	0.53171	0.901478	0	0	4.29592
0		1	0.1	0.526153	0.894089	0	0	4.28781
0		1	0.1	0.544846	0.918719	0	0	4.29831
0		1	0.1	0.552454	0.928571	0	0	4.29948
0		1	0.1	0.552454	0.928571	0	0	4.30775
0		1	0.1	0.528001	0.896552	0	0	4.30852
0		1	0.1	0.528001	0.896552	0	0	4.3001
0		1	0.1	0.524311	0.891626	0	0	4.28637
0		1	0.1	0.522474	0.889163	0	0	4.29171
0		1	0.1	0.53171	0.901478	0	0	4.29741
0		1	0.1	0.518815	0.884236	0	0	4.29989
0		1	0.1	0.53171	0.901478	0	0	4.29284
0		1	0.1	0.520642	0.886699	0	0	4.27662
0		1	0.1	0.507967	0.869458	0	0	4.30311
0		1	0.1	0.499082	0.857143	0	0	4.30478
0		1	0.1	0.515178	0.87931	0	0	4.29911
0		1	0.1	0.515178	0.87931	0	0	4.30093
0		1	0.1	0.506179	0.866995	0	0	4.29879
0		1	0.1	0.507967	0.869458	0	0	4.29749
0		1	0.1	0.528001	0.896552	0	0	4.29555
0		1	0.1	0.539188	0.91133	0	0	4.30751
0		1	0.1	0.539188	0.91133	0	0	4.29769
0		1	0.1	0.528001	0.896552	0	0	4.29328
0		1	0.1	0.539188	0.91133	0	0	4.29926
0		1	0.1	0.520642	0.886699	0	0	4.28624
0		1	0.1	0.518815	0.884236	0	0	4.29112
0		1	0.1	0.516994	0.881773	0	0	4.29589
0		1	0.1	0.526153	0.894089	0	0	4.29984
0		1	0.1	0.524311	0.891626	0	0	4.28924
0		1	0.1	0.526153	0.894089	0	0	4.28942
0		1	0.1	0.528001	0.896552	0	0	4.29613
0		1	0.1	0.529853	0.899015	0	0	4.28516
0		1	0.1	0.526153	0.894089	0	0	4.29719
0		1	0.1	0.548641	0.923645	0	0	4.30501
0		1	0.1	0.520642	0.886699	0	0	4.29496
0		1	0.1	0.529853	0.899015	0	0	4.29171
0		1	0.1	0.495569	0.852217	0	0	4.293
0		1	0.1	0.488615	0.842365	0	0	4.30541
0		1	0.1	0.473347	0.820197	0	0	4.29695
0		1	0.1	0.480067	0.830049	0	0	4.28903
0		1	0.1	0.478377	0.827586	0	0	4.29567
0		1	0.1	0.488615	0.842365	0	0	4.29565
0		1	0.1	0.486893	0.839902	0	0	4.29624
0		1	0.1	0.493821	0.849754	0	0	4.29778
0		1	0.1	0.476693	0.825123	0	0	4.30232
0		1	0.1	0.470029	0.815271	0	0	4.29589
0		1	0.1	0.475017	0.82266	0	0	4.29753
0		1	0.1	0.466739	0.810345	0	0	4.29556
0		1	0.1	0.461859	0.802956	0	0	4.29883
0		1	0.1	0.478377	0.827586	0	0	4.30684
0		1	0.1	0.475017	0.82266	0	0	4.29855
0		1	0.1	0.475017	0.82266	0	0	4.29085
0		1	0.1	0.478377	0.827586	0	0	4.30659
0		1	0.1	0.470029	0.815271	0	0	4.29964
0		1	0.1	0.475017	0.82266	0	0	4.29739
0		1	0.1	0.460247	0.800493	0	0	4.30427
0		1	0.1	0.453876	0.79064	0	0	4.2804
0		1	0.1	0.455457	0.793103	0	0	4.28509
0		1	0.1	0.455457	0.793103	0	0	4.30428
0		1	0.1	0.461859	0.802956	0	0	4.30156
0		1	0.1	0.480067	0.830049	0	0	4.29042
0		1	0.1	0.476693	0.825123	0	0	4.27704
0		1	0.1	0.485176	0.837438	0	0	4.29484
0		1	0.1	0.488615	0.842365	0	0	4.29712
0		1	0.1	0.488615	0.842365	0	0	4.2958
0		1	0.1	0.493821	0.849754	0	0	4.30241
0		1	0.1	0.49208	0.847291	0	0	4.28799
0		1	0.1	0.495569	0.852217	0	0	4.29315
0		1	0.1	0.499082	0.857143	0	0	4.30383
0		1	0.1	0.497322	0.85468	0	0	4.29935
0		1	0.1	0.499082	0.857143	0	0	4.29874
0		1	0.1	0.509762	0.871921	0	0	4.29395
0		1	0.1	0.509762	0.871921	0	0	4.29702
0		1	0.1	0.509762	0.871921	0	0	4.30655
0		1	0.1	0.511561	0.874384	0	0	4.29881
0		1	0.1	0.518815	0.884236	0	0	4.2933
0		1	0.1	0.518815	0.884236	0	0	4.30317
0		1	0.1	0.518815	0.884236	0	0	4.30939
0		1	0.1	0.518815	0.884236	0	0	4.30183
0		1	0.1	0.529853	0.899015	0	0	4.29722
0		1	0.1	0.53171	0.901478	0	0	4.30479
0		1	0.1	0.53171	0.901478	0	0	4.31122
0		1	0.1	0.54107	0.913793	0	0	4.30306
0		1	0.1	0.544846	0.918719	0	0	4.30162
0		1	0.1	0.569822	0.950739	0	0	4.30896
0		1	0.1	0.581582	0.965517	0	0	4.31079
0		1	0.1	0.591486	0.977832	0	0	4.31069
0		1	0.1	0.597471	0.985222	0	0	4.29488
0		1	0.1	0.595472	0.982759	0	0	4.29852
0		1	0.1	0.589498	0.975369	0	0	4.29212
0		1	0.1	0.589498	0.975369	0	0	4.27975
0		1	0.1	0.573727	0.955665	0	0	4.29107
0		1	0.1	0.577647	0.960591	0	0	4.29865
0		1	0.1	0.567876	0.948276	0	0	4.30431
0		1	0.1	0.563995	0.94335	0	0	4.30641
0		1	0.1	0.562061	0.940887	0	0	4.30442
0		1	0.1	0.552454	0.928571	0	0	4.29381
0		1	0.1	0.562061	0.940887	0	0	4.29053
0		1	0.1	0.565933	0.945813	0	0	4.29653
0		1	0.1	0.587513	0.972906	0	0	4.28656
0		1	0.1	0.593477	0.980296	0	0	4.29346
0		1	0.1	0.581582	0.965517	0	0	4.2942
0		1	0.1	0.577647	0.960591	0	0	4.28909
0		1	0.1	0.583556	0.96798	0	0	4.28827
0		1	0.1	0.589498	0.975369	0	0	4.29046
0		1	0.1	0.583556	0.96798	0	0	4.28653
0		1	0.1	0.589498	0.975369	0	0	4.2956
0		1	0.1	0.583556	0.96798	0	0	4.29462
0		1	0.1	0.587513	0.972906	0	0	4.30375
0		1	0.1	0.591486	0.977832	0	0	4.29452
0		1	0.1	0.585533	0.970443	0	0	4.30732
0		1	0.1	0.581582	0.965517	0	0	4.30447
0		1	0.1	0.563995	0.94335	0	0	4.29438
0		1	0.1	0.575685	0.958128	0	0	4.29384
0		1	0.1	0.579613	0.963054	0	0	4.29874
0		1	0.1	0.591486	0.977832	0	0	4.29863
0		1	0.1	0.591486	0.977832	0	0	4.30134
0		1	0.1	0.587513	0.972906	0	0	4.28572
0		1	0.1	0.599473	0.987685	0	0	4.2862
0		1	0.1	0.587513	0.972906	0	0	4.29439
0		1	0.1	0.583556	0.96798	0	0	4.30613
0		1	0.1	0.595472	0.982759	0	0	4.30469
0		1	0.1	0.589498	0.975369	0	0	4.29601
0		1	0.1	0.589498	0.975369	0	0	4.29324
0		1	0.1	0.575685	0.958128	0	0	4.29194
0		1	0.1	0.548641	0.923645	0	0	4.2972
0		1	0.1	0.565933	0.945813	0	0	4.30705
0		1	0.1	0.569822	0.950739	0	0	4.30358
0		1	0.1	0.571772	0.953202	0	0	4.3089
0		1	0.1	0.569822	0.950739	0	0	4.30701
0		1	0.1	0.599473	0.987685	0	0	4.30168
0		1	0.1	0.591486	0.977832	0	0	4.29914
0		1	0.1	0.593477	0.980296	0	0	4.29861
0		1	0.1	0.595472	0.982759	0	0	4.30179
0		1	0.1	0.565933	0.945813	0	0	4.30031
0		1	0.1	0.567876	0.948276	0	0	4.2957
0		1	0.1	0.567876	0.948276	0	0	4.30565
0		1	0.1	0.548641	0.923645	0	0	4.30455
0		1	0.1	0.537312	0.908867	0	0	4.29717
0		1	0.1	0.53544	0.906404	0	0	4.29252
0		1	0.1	0.53171	0.901478	0	0	4.28638
0		1	0.1	0.53171	0.901478	0	0	4.29281
0		1	0.1	0.546741	0.921182	0	0	4.2836
0		1	0.1	0.544846	0.918719	0	0	4.28062
0		1	0.1	0.54107	0.913793	0	0	4.27624
0		1	0.1	0.524311	0.891626	0	0	4.28842
0		1	0.1	0.548641	0.923645	0	0	4.29152
0		1	0.1	0.542956	0.916256	0	0	4.29304
0		1	0.1	0.522474	0.889163	0	0	4.30447
0		1	0.1	0.509762	0.871921	0	0	4.29552
0		1	0.1	0.518815	0.884236	0	0	4.29684
0		1	0.1	0.509762	0.871921	0	0	4.30282
0		1	0.1	0.511561	0.874384	0	0	4.30692
0		1	0.1	0.506179	0.866995	0	0	4.29044
0		1	0.1	0.511561	0.874384	0	0	4.29688
0		1	0.1	0.504396	0.864532	0	0	4.29929
0		1	0.1	0.513367	0.876847	0	0	4.29555
0		1	0.1	0.520642	0.886699	0	0	4.3033
0		1	0.1	0.526153	0.894089	0	0	4.28832
0		1	0.1	0.518815	0.884236	0	0	4.25844
0		1	0.1	0.516994	0.881773	0	0	4.27184
0		1	0.1	0.520642	0.886699	0	0	4.2698
0		1	0.1	0.528001	0.896552	0	0	4.29
0		1	0.1	0.518815	0.884236	0	0	4.3007
0		1	0.1	0.518815	0.884236	0	0	4.29808
0		1	0.1	0.515178	0.87931	0	0	4.28223
0		1	0.1	0.522474	0.889163	0	0	4.27946
0		1	0.1	0.524311	0.891626	0	0	4.29594
0		1	0.1	0.529853	0.899015	0	0	4.29417
0		1	0.1	0.533573	0.903941	0	0	4.29795
0		1	0.1	0.53171	0.901478	0	0	4.28495
0		1	0.1	0.542956	0.916256	0	0	4.29117
0		1	0.1	0.556284	0.933498	0	0	4.28765
0		1	0.1	0.558205	0.935961	0	0	4.28596
0		1	0.1	0.569822	0.950739	0	0	4.296
0		1	0.1	0.569822	0.950739	0	0	4.28761
0		1	0.1	0.575685	0.958128	0	0	4.29711
0		1	0.1	0.593477	0.980296	0	0	4.27818
0		1	0.1	0.571772	0.953202	0	0	4.26821
0		1	0.1	0.556284	0.933498	0	0	4.29127
0		1	0.1	0.556284	0.933498	0	0	4.29038
0		1	0.1	0.562061	0.940887	0	0	4.29501
0		1	0.1	0.565933	0.945813	0	0	4.28798
0		1	0.1	0.573727	0.955665	0	0	4.29664
0		1	0.1	0.571772	0.953202	0	0	4.30637
0		1	0.1	0.563995	0.94335	0	0	4.3084
0		1	0.1	0.558205	0.935961	0	0	4.30276
0		1	0.1	0.571772	0.953202	0	0	4.3023
0		1	0.1	0.583556	0.96798	0	0	4.28697
0		1	0.1	0.595472	0.982759	0	0	4.28438
0		1	0.1	0.583556	0.96798	0	0	4.29868
0		1	0.1	0.593477	0.980296	0	0	4.29209
0		1	0.1	0.565933	0.945813	0	0	4.29507
0		1	0.1	0.554367	0.931035	0	0	4.30146
0		1	0.1	0.583556	0.96798	0	0	4.30321
0		1	0.1	0.575685	0.958128	0	0	4.30196
0		1	0.1	0.589498	0.975369	0	0	4.29516
0		1	0.1	0.599473	0.987685	0	0	4.29341
0		1	0.1	0.595472	0.982759	0	0	4.30073
0		1	0.1	0.573727	0.955665	0	0	4.30503
0		1	0.1	0.577647	0.960591	0	0	4.29477
0		1	0.1	0.569822	0.950739	0	0	4.28787
0		1	0.1	0.571772	0.953202	0	0	4.28192
0		1	0.1	0.565933	0.945813	0	0	4.28656
0		1	0.1	0.563995	0.94335	0	0	4.29357
0		1	0.1	0.560131	0.938424	0	0	4.28597
0		1	0.1	0.558205	0.935961	0	0	4.28658
0		1	0.1	0.577647	0.960591	0	0	4.29135
0		1	0.1	0.597471	0.985222	0	0	4.28675
0		1	0.1	0.601479	0.990148	0	0	4.29711
0		1	0.1	0.589498	0.975369	0	0	4.29241
0		1	0.1	0.599473	0.987685	0	0	4.29693
0		1	0.1	0.591486	0.977832	0	0	4.29829
0		1	0.1	0.581582	0.965517	0	0	4.2952
0		1	0.1	0.591486	0.977832	0	0	4.296
0		1	0.1	0.6055	0.995074	0	0	4.303
0		1	0.1	0.611556	1.00246	0	0	4.30455
0		1	0.1	0.619676	1.01232	0	0	4.30564
0		1	0.1	0.623755	1.01724	0	0	4.28889
0		1	0.1	0.6055	0.995074	0	0	4.27248
0		1	0.1	0.577647	0.960591	0	0	4.2915
0		1	0.1	0.575685	0.958128	0	0	4.3042
0		1	0.1	0.571772	0.953202	0	0	4.30596
0		1	0.1	0.575685	0.958128	0	0	4.3037
0		1	0.1	0.562061	0.940887	0	0	4.30316
0		1	0.1	0.558205	0.935961	0	0	4.30775
0		1	0.1	0.567876	0.948276	0	0	4.30164
0		1	0.1	0.556284	0.933498	0	0	4.30165
0		1	0.1	0.571772	0.953202	0	0	4.30826
0		1	0.1	0.593477	0.980296	0	0	4.29762
0		1	0.1	0.583556	0.96798	0	0	4.29178
0		1	0.1	0.573727	0.955665	0	0	4.30137
0		1	0.1	0.558205	0.935961	0	0	4.30447
0		1	0.1	0.556284	0.933498	0	0	4.29974
0		1	0.1	0.54107	0.913793	0	0	4.29677
0		1	0.1	0.533573	0.903941	0	0	4.28963
0		1	0.1	0.529853	0.899015	0	0	4.29566
0		1	0.1	0.548641	0.923645	0	0	4.29419
0		1	0.1	0.546741	0.921182	0	0	4.30332
0		1	0.1	0.548641	0.923645	0	0	4.29675
0		1	0.1	0.548641	0.923645	0	0	4.29322
0		1	0.1	0.528001	0.896552	0	0	4.29683
0		1	0.1	0.526153	0.894089	0	0	4.28649
0		1	0.1	0.533573	0.903941	0	0	4.2848
0		1	0.1	0.542956	0.916256	0	0	4.29555
0		1	0.1	0.520642	0.886699	0	0	4.28598
0		1	0.1	0.516994	0.881773	0	0	4.28311
0		1	0.1	0.513367	0.876847	0	0	4.29078
0		1	0.1	0.528001	0.896552	0	0	4.30157
0		1	0.1	0.539188	0.91133	0	0	4.30168
0		1	0.1	0.53171	0.901478	0	0	4.30975
0		1	0.1	0.556284	0.933498	0	0	4.30317
0		1	0.1	0.558205	0.935961	0	0	4.29321
0		1	0.1	0.546741	0.921182	0	0	4.29066
0		1	0.1	0.526153	0.894089	0	0	4.29198
0		1	0.1	0.554367	0.931035	0	0	4.27546
0		1	0.1	0.539188	0.91133	0	0	4.29429
0		1	0.1	0.563995	0.94335	0	0	4.30144
0		1	0.1	0.562061	0.940887	0	0	4.29831
0		1	0.1	0.552454	0.928571	0	0	4.30402
0		1	0.1	0.539188	0.91133	0	0	4.30329
0		1	0.1	0.516994	0.881773	0	0	4.29067
0		1	0.1	0.511561	0.874384	0	0	4.28832
0		1	0.1	0.495569	0.852217	0	0	4.29875
0		1	0.1	0.511561	0.874384	0	0	4.29423
0		1	0.1	0.520642	0.886699	0	0	4.28562
0		1	0.1	0.53171	0.901478	0	0	4.28593
0		1	0.1	0.522474	0.889163	0	0	4.28187
0		1	0.1	0.533573	0.903941	0	0	4.283
0		1	0.1	0.528001	0.896552	0	0	4.29113
0		1	0.1	0.533573	0.903941	0	0	4.29626
0		1	0.1	0.53171	0.901478	0	0	4.29611
0		1	0.1	0.533573	0.903941	0	0	4.29685
0		1	0.1	0.515178	0.87931	0	0	4.30154
0		1	0.1	0.518815	0.884236	0	0	4.30492
0		1	0.1	0.537312	0.908867	0	0	4.30226
0		1	0.1	0.544846	0.918719	0	0	4.303
0		1	0.1	0.556284	0.933498	0	0	4.30518
0		1	0.1	0.563995	0.94335	0	0	4.31349
0		1	0.1	0.563995	0.94335	0	0	4.31493
0		1	0.1	0.562061	0.940887	0	0	4.30266
0		1	0.1	0.575685	0.958128	0	0	4.29175
0		1	0.1	0.569822	0.950739	0	0	4.30552
0		1	0.1	0.560131	0.938424	0	0	4.29616
0		1	0.1	0.558205	0.935961	0	0	4.29367
0		1	0.1	0.569822	0.950739	0	0	4.28876
0		1	0.1	0.562061	0.940887	0	0	4.30721
0		1	0.1	0.562061	0.940887	0	0	4.29346
0		1	0.1	0.591486	0.977832	0	0	4.30058
0		1	0.1	0.569822	0.950739	0	0	4.29454
0		1	0.1	0.563995	0.94335	0	0	4.28945
0		1	0.1	0.571772	0.953202	0	0	4.29123
0		1	0.1	0.577647	0.960591	0	0	4.29789
0		1	0.1	0.591486	0.977832	0	0	4.30309
0		1	0.1	0.581582	0.965517	0	0	4.3117
0		1	0.1	0.593477	0.980296	0	0	4.30282
0		1	0.1	0.607515	0.997537	0	0	4.30445
0		1	0.1	0.609534	1	0	0	4.2983
0		1	0.1	0.623755	1.01724	0	0	4.29126
0		1	0.1	0.642257	1.03941	0	0	4.30362
0		1	0.1	0.648475	1.0468	0	0	4.29558
0		1	0.1	0.636063	1.03202	0	0	4.30057
0		1	0.1	0.631949	1.02709	0	0	4.29724
0		1	0.1	0.646399	1.04434	0	0	4.2878
0		1	0.1	0.627846	1.02217	0	0	4.29788
0		1	0.1	0.638125	1.03448	0	0	4.30504
0		1	0.1	0.638125	1.03448	0	0	4.29192
0		1	0.1	0.621714	1.01478	0	0	4.29325
0		1	0.1	0.613581	1.00493	0	0	4.296
0		1	0.1	0.611556	1.00246	0	0	4.29104
0		1	0.1	0.593477	0.980296	0	0	4.29205
0		1	0.1	0.573727	0.955665	0	0	4.29644
0		1	0.1	0.587513	0.972906	0	0	4.30087
0		1	0.1	0.607515	0.997537	0	0	4.30175
0		1	0.1	0.595472	0.982759	0	0	4.30733
0		1	0.1	0.599473	0.987685	0	0	4.29637
0		1	0.1	0.6055	0.995074	0	0	4.30765
0		1	0.1	0.61561	1.00739	0	0	4.30687
0		1	0.1	0.603487	0.992611	0	0	4.3044
0		1	0.1	0.593477	0.980296	0	0	4.29493
0		1	0.1	0.577647	0.960591	0	0	4.301
0		1	0.1	0.597471	0.985222	0	0	4.2901
0		1	0.1	0.593477	0.980296	0	0	4.29105
0		1	0.1	0.609534	1	0	0	4.28911
0		1	0.1	0.613581	1.00493	0	0	4.30734
0		1	0.1	0.629896	1.02463	0	0	4.30261
0		1	0.1	0.629896	1.02463	0	0	4.30141
0		1	0.1	0.629896	1.02463	0	0	4.30459
0		1	0.1	0.623755	1.01724	0	0	4.29507
0		1	0.1	0.61561	1.00739	0	0	4.29778
0		1	0.1	0.617641	1.00985	0	0	4.28414
0		1	0.1	0.631949	1.02709	0	0	4.30025
0		1	0.1	0.646399	1.04434	0	0	4.30147
0		1	0.1	0.640189	1.03695	0	0	4.29462
0		1	0.1	0.638125	1.03448	0	0	4.29839
0		1	0.1	0.642257	1.03941	0	0	4.30003
0		1	0.1	0.656804	1.05665	0	0	4.29041
0		1	0.1	0.669374	1.07143	0	0	4.28674
0		1	0.1	0.677805	1.08128	0	0	4.29869
0		1	0.1	0.686272	1.09113	0	0	4.29681
0		1	0.1	0.684152	1.08867	0	0	4.30497
0		1	0.1	0.688395	1.0936	0	0	4.30914
0		1	0.1	0.694777	1.10099	0	0	4.30458
0		1	0.1	0.694777	1.10099	0	0	4.29967
0		1	0.1	0.729134	1.14039	0	0	4.28791
0		1	0.1	0.726971	1.13793	0	0	4.28887
0		1	0.1	0.735632	1.14778	0	0	4.30182
0		1	0.1	0.718342	1.12808	0	0	4.29927
0		1	0.1	0.718342	1.12808	0	0	4.29018
0		1	0.1	0.722653	1.133	0	0	4.28089
0		1	0.1	0.692473	1.16995	0.02	0.513953	4.27432
0		1	0.1	0.753041	1.16749	0	0	4.28925
0		1	0.1	0.748678	1.16256	0	0	4.29481
0		1	0.1	0.763979	1.1798	0	0	4.30082
0		1	0.1	0.777158	1.19458	0	0	4.30889
0		1	0.1	0.766171	1.18227	0	0	4.30925
0		1	0.1	0.757411	1.17241	0	0	4.29575
0		1	0.1	0.739974	1.15271	0	0	4.30376
0		1	0.1	0.757411	1.17241	0	0	4.30302
0		1	0.1	0.755225	1.16995	0	0	4.30619
0		1	0.1	0.768365	1.18473	0	0	4.30118
0		1	0.1	0.777158	1.19458	0	0	4.29815
0		1	0.1	0.757411	1.17241	0	0	4.30602
0		1	0.1	0.755225	1.16995	0	0	4.30231
0		1	0.1	0.755225	1.16995	0	0	4.30135
0		1	0.1	0.755225	1.16995	0	0	4.29967
0		1	0.1	0.733464	1.14532	0	0	4.30232
0		1	0.1	0.739974	1.15271	0	0	4.30099
0		1	0.1	0.718342	1.12808	0	0	4.29275
0		1	0.1	0.724811	1.13547	0	0	4.29555
0		1	0.1	0.720496	1.13054	0	0	4.29611
0		1	0.1	0.701178	1.10837	0	0	4.30389
0		1	0.1	0.718342	1.12808	0	0	4.29926
0		1	0.1	0.718342	1.12808	0	0	4.30087
0		1	0.1	0.731298	1.14286	0	0	4.29931
0		1	0.1	0.731298	1.14286	0	0	4.29844
0		1	0.1	0.735632	1.14778	0	0	4.30721
0		1	0.1	0.733464	1.14532	0	0	4.30202
0		1	0.1	0.729134	1.14039	0	0	4.30053
0		1	0.1	0.722653	1.133	0	0	4.28888
0		1	0.1	0.71189	1.12069	0	0	4.28989
0		1	0.1	0.724811	1.13547	0	0	4.28953
0		1	0.1	0.71189	1.12069	0	0	4.28296
0		1	0.1	0.699042	1.10591	0	0	4.28853
0		1	0.1	0.709743	1.11823	0	0	4.28972
0		1	0.1	0.709743	1.11823	0	0	4.28322
0		1	0.1	0.694777	1.10099	0	0	4.28802
0		1	0.1	0.696908	1.10345	0	0	4.30175
0		1	0.1	0.686272	1.09113	0	0	4.30387
0		1	0.1	0.675693	1.07882	0	0	4.29978
0		1	0.1	0.675693	1.07882	0	0	4.29605
0		1	0.1	0.69052	1.09606	0	0	4.30511
0		1	0.1	0.682034	1.08621	0	0	4.29896
0		1	0.1	0.667273	1.06897	0	0	4.29642
0		1	0.1	0.669374	1.07143	0	0	4.29237
0		1	0.1	0.650553	1.04926	0	0	4.28782
0		1	0.1	0.634005	1.02956	0	0	4.30574
0		1	0.1	0.642257	1.03941	0	0	4.29776
0		1	0.1	0.623755	1.01724	0	0	4.29619
0		1	0.1	0.623755	1.01724	0	0	4.29052
0		1	0.1	0.621714	1.01478	0	0	4.29045
0		1	0.1	0.617641	1.00985	0	0	4.2911
0		1	0.1	0.617641	1.00985	0	0	4.30111
0		1	0.1	0.621714	1.01478	0	0	4.28898
0		1	0.1	0.640189	1.03695	0	0	4.30241
0		1	0.1	0.656804	1.05665	0	0	4.3015
0		1	0.1	0.667273	1.06897	0	0	4.30678
0		1	0.1	0.682034	1.08621	0	0	4.29698
0		1	0.1	0.688395	1.0936	0	0	4.29749
0		1	0.1	0.688395	1.0936	0	0	4.29788
0		1	0.1	0.696908	1.10345	0	0	4.30123
0		1	0.1	0.703316	1.11084	0	0	4.30282
0		1	0.1	0.701178	1.10837	0	0	4.30756
0		1	0.1	0.714038	1.12315	0	0	4.29996
0		1	0.1	0.688395	1.0936	0	0	4.30563
0		1	0.1	0.673585	1.07635	0	0	4.31003
0		1	0.1	0.654717	1.05419	0	0	4.30975
0		1	0.1	0.646399	1.04434	0	0	4.30501
0		1	0.1	0.648475	1.0468	0	0	4.28059
0		1	0.1	0.638125	1.03448	0	0	4.29714
0		1	0.1	0.636063	1.03202	0	0	4.28929
0		1	0.1	0.634005	1.02956	0	0	4.30756
0		1	0.1	0.623755	1.01724	0	0	4.29635
0		1	0.1	0.617641	1.00985	0	0	4.29615
0		1	0.1	0.619676	1.01232	0	0	4.28584
0		1	0.1	0.61561	1.00739	0	0	4.27975
0		1	0.1	0.61561	1.00739	0	0	4.29065
0		1	0.1	0.611556	1.00246	0	0	4.28553
0		1	0.1	0.603487	0.992611	0	0	4.29229
0		1	0.1	0.617641	1.00985	0	0	4.29319
0		1	0.1	0.634005	1.02956	0	0	4.30355
0		1	0.1	0.640189	1.03695	0	0	4.30055
0		1	0.1	0.644327	1.04187	0	0	4.29889
0		1	0.1	0.648475	1.0468	0	0	4.29491
0		1	0.1	0.663078	1.06404	0	0	4.30316
0		1	0.1	0.634005	1.02956	0	0	4.29198
0		1	0.1	0.638125	1.03448	0	0	4.3011
0		1	0.1	0.648475	1.0468	0	0	4.30382
0		1	0.1	0.625799	1.0197	0	0	4.31096
0		1	0.1	0.638125	1.03448	0	0	4.2987
0		1	0.1	0.629896	1.02463	0	0	4.30858
0		1	0.1	0.619676	1.01232	0	0	4.29625
0		1	0.1	0.640189	1.03695	0	0	4.28891
0		1	0.1	0.652634	1.05172	0	0	4.29173
0		1	0.1	0.648475	1.0468	0	0	4.29028
0		1	0.1	0.658892	1.05911	0	0	4.29818
0		1	0.1	0.660984	1.06158	0	0	4.28994
0		1	0.1	0.640189	1.03695	0	0	4.29853
0		1	0.1	0.642257	1.03941	0	0	4.30113
0		1	0.1	0.636063	1.03202	0	0	4.30159
0		1	0.1	0.627846	1.02217	0	0	4.30412
0		1	0.1	0.642257	1.03941	0	0	4.31015
0		1	0.1	0.654717	1.05419	0	0	4.30771
0		1	0.1	0.640189	1.03695	0	0	4.31211
0		1	0.1	0.644327	1.04187	0	0	4.30434
0		1	0.1	0.636063	1.03202	0	0	4.2899
0		1	0.1	0.644327	1.04187	0	0	4.29263
0		1	0.1	0.629896	1.02463	0	0	4.30004
0		1	0.1	0.631949	1.02709	0	0	4.29287
0		1	0.1	0.642257	1.03941	0	0	4.3034
0		1	0.1	0.654717	1.05419	0	0	4.28892
0		1	0.1	0.688395	1.0936	0	0	4.29681
0		1	0.1	0.703316	1.11084	0	0	4.30441
0		1	0.1	0.69052	1.09606	0	0	4.29071
0		1	0.1	0.714038	1.12315	0	0	4.29181
0		1	0.1	0.692647	1.09852	0	0	4.30351
0		1	0.1	0.699042	1.10591	0	0	4.29845
0		1	0.1	0.69052	1.09606	0	0	4.29768
0		1	0.1	0.703316	1.11084	0	0	4.30509
0		1	0.1	0.701178	1.10837	0	0	4.29699
0		1	0.1	0.709743	1.11823	0	0	4.30131
0		1	0.1	0.71189	1.12069	0	0	4.30541
0		1	0.1	0.720496	1.13054	0	0	4.30236
0		1	0.1	0.707599	1.11576	0	0	4.30971
0		1	0.1	0.724811	1.13547	0	0	4.31206
0		1	0.1	0.724811	1.13547	0	0	4.30817
0		1	0.1	0.731298	1.14286	0	0	4.30415
0		1	0.1	0.729134	1.14039	0	0	4.30456
0		1	0.1	0.729134	1.14039	0	0	4.29717
0		1	0.1	0.71189	1.12069	0	0	4.30179
0		1	0.1	0.705457	1.1133	0	0	4.31117
0		1	0.1	0.682034	1.08621	0	0	4.30718
0		1	0.1	0.665174	1.0665	0	0	4.30601
0		1	0.1	0.679918	1.08374	0	0	4.30135
0		1	0.1	0.703316	1.11084	0	0	4.30637
0		1	0.1	0.677805	1.08128	0	0	4.30318
0		1	0.1	0.671478	1.07389	0	0	4.2983
0		1	0.1	0.673585	1.07635	0	0	4.27909
0		1	0.1	0.688395	1.0936	0	0	4.29983
0		1	0.1	0.707599	1.11576	0	0	4.30829
0		1	0.1	0.701178	1.10837	0	0	4.30955
0		1	0.1	0.692647	1.09852	0	0	4.31107
0		1	0.1	0.694777	1.10099	0	0	4.30035
0		1	0.1	0.682034	1.08621	0	0	4.30882
0		1	0.1	0.677805	1.08128	0	0	4.30151
0		1	0.1	0.684152	1.08867	0	0	4.29833
0		1	0.1	0.667273	1.06897	0	0	4.29323
0		1	0.1	0.650553	1.04926	0	0	4.28489
0		1	0.1	0.658892	1.05911	0	0	4.28251
0		1	0.1	0.634005	1.02956	0	0	4.28197
0		1	0.1	0.640189	1.03695	0	0	4.2935
0		1	0.1	0.634005	1.02956	0	0	4.298
0		1	0.1	0.627846	1.02217	0	0	4.30346
0		1	0.1	0.623755	1.01724	0	0	4.31311
0		1	0.1	0.611556	1.00246	0	0	4.30533
0		1	0.1	0.6055	0.995074	0	0	4.30556
0		1	0.1	0.593477	0.980296	0	0	4.29122
0		1	0.1	0.585533	0.970443	0	0	4.28907
0		1	0.1	0.591486	0.977832	0	0	4.2966
0		1	0.1	0.579613	0.963054	0	0	4.28375
0		1	0.1	0.587513	0.972906	0	0	4.28306
0		1	0.1	0.587513	0.972906	0	0	4.29447
0		1	0.1	0.611556	1.00246	0	0	4.30709
0		1	0.1	0.623755	1.01724	0	0	4.30534
0		1	0.1	0.642257	1.03941	0	0	4.29427
0		1	0.1	0.646399	1.04434	0	0	4.2987
0		1	0.1	0.650553	1.04926	0	0	4.28676
0		1	0.1	0.654717	1.05419	0	0	4.29584
0		1	0.1	0.667273	1.06897	0	0	4.30232
0		1	0.1	0.675693	1.07882	0	0	4.29501
0		1	0.1	0.663078	1.06404	0	0	4.30561
0		1	0.1	0.688395	1.0936	0	0	4.30649
0		1	0.1	0.686272	1.09113	0	0	4.30885
0		1	0.1	0.701178	1.10837	0	0	4.30144
0		1	0.1	0.716189	1.12562	0	0	4.30685
0		1	0.1	0.718342	1.12808	0	0	4.29788
0		1	0.1	0.720496	1.13054	0	0	4.299
0		1	0.1	0.735632	1.14778	0	0	4.30559
0		1	0.1	0.724811	1.13547	0	0	4.29719
0		1	0.1	0.701178	1.10837	0	0	4.29468
0		1	0.1	0.703316	1.11084	0	0	4.28782
0		1	0.1	0.699042	1.10591	0	0	4.28399
0		1	0.1	0.699042	1.10591	0	0	4.2933
0		1	0.1	0.69052	1.09606	0	0	4.29468
0		1	0.1	0.699042	1.10591	0	0	4.30264
0		1	0.1	0.692647	1.09852	0	0	4.30454
0		1	0.1	0.705457	1.1133	0	0	4.30588
0		1	0.1	0.699042	1.10591	0	0	4.29272
0		1	0.1	0.716189	1.12562	0	0	4.30133
0		1	0.1	0.688395	1.0936	0	0	4.30624
0		1	0.1	0.707599	1.11576	0	0	4.30668
0		1	0.1	0.71189	1.12069	0	0	4.30619
0		1	0.1	0.716189	1.12562	0	0	4.30607
0		1	0.1	0.716189	1.12562	0	0	4.2964
0		1	0.1	0.716189	1.12562	0	0	4.3032
0		1	0.1	0.686272	1.09113	0	0	4.29416
0		1	0.1	0.703316	1.11084	0	0	4.3019
0		1	0.1	0.71189	1.12069	0	0	4.29898
0		1	0.1	0.707599	1.11576	0	0	4.30145
0		1	0.1	0.703316	1.11084	0	0	4.29821
0		1	0.1	0.703316	1.11084	0	0	4.30865
0		1	0.1	0.701178	1.10837	0	0	4.30516
0		1	0.1	0.699042	1.10591	0	0	4.30161
0		1	0.1	0.718342	1.12808	0	0	4.30812
0		1	0.1	0.705457	1.1133	0	0	4.31244
0		1	0.1	0.722653	1.133	0	0	4.29644
0		1	0.1	0.731298	1.14286	0	0	4.29335
0		1	0.1	0.720496	1.13054	0	0	4.29886
0		1	0.1	0.724811	1.13547	0	0	4.28799
0		1	0.1	0.733464	1.14532	0	0	4.29338
0		1	0.1	0.739974	1.15271	0	0	4.3
0		1	0.1	0.737802	1.15025	0	0	4.30611
0		1	0.1	0.733464	1.14532	0	0	4.29756
0		1	0.1	0.729134	1.14039	0	0	4.29253
0		1	0.1	0.739974	1.15271	0	0	4.29643
0		1	0.1	0.720496	1.13054	0	0	4.30699
0		1	0.1	0.71189	1.12069	0	0	4.3052
0		1	0.1	0.686272	1.09113	0	0	4.30365
0		1	0.1	0.682034	1.08621	0	0	4.29827
0		1	0.1	0.679918	1.08374	0	0	4.30382
0		1	0.1	0.692647	1.09852	0	0	4.30741
0		1	0.1	0.688395	1.0936	0	0	4.29641
0		1	0.1	0.684152	1.08867	0	0	4.30187
0		1	0.1	0.684152	1.08867	0	0	4.28896
0		1	0.1	0.660984	1.06158	0	0	4.28499
0		1	0.1	0.652634	1.05172	0	0	4.29387
0		1	0.1	0.634005	1.02956	0	0	4.2941
0		1	0.1	0.636063	1.03202	0	0	4.29592
0		1	0.1	0.646399	1.04434	0	0	4.29204
0		1	0.1	0.61561	1.00739	0	0	4.29725
0		1	0.1	0.631949	1.02709	0	0	4.29319
0		1	0.1	0.613581	1.00493	0	0	4.29938
0		1	0.1	0.617641	1.00985	0	0	4.30548
0		1	0.1	0.595472	0.982759	0	0	4.30227
0		1	0.1	0.595472	0.982759	0	0	4.28039
0		1	0.1	0.591486	0.977832	0	0	4.29786
0		1	0.1	0.577647	0.960591	0	0	4.29862
0		1	0.1	0.583556	0.96798	0	0	4.29278
0		1	0.1	0.583556	0.96798	0	0	4.29855
0		1	0.1	0.573727	0.955665	0	0	4.29718
0		1	0.1	0.575685	0.958128	0	0	4.30229
0		1	0.1	0.567876	0.948276	0	0	4.28583
0		1	0.1	0.563995	0.94335	0	0	4.28051
0		1	0.1	0.575685	0.958128	0	0	4.29176
0		1	0.1	0.579613	0.963054	0	0	4.29924
0		1	0.1	0.593477	0.980296	0	0	4.29845
0		1	0.1	0.591486	0.977832	0	0	4.29466
0		1	0.1	0.603487	0.992611	0	0	4.28431
0		1	0.1	0.603487	0.992611	0	0	4.27753
0		1	0.1	0.613581	1.00493	0	0	4.29653
0		1	0.1	0.613581	1.00493	0	0	4.31032
0		1	0.1	0.619676	1.01232	0	0	4.3033
0		1	0.1	0.636063	1.03202	0	0	4.29192
0		1	0.1	0.646399	1.04434	0	0	4.29568
0		1	0.1	0.631949	1.02709	0	0	4.29943
0		1	0.1	0.636063	1.03202	0	0	4.29392
0		1	0.1	0.609534	1	0	0	4.29769
0		1	0.1	0.611556	1.00246	0	0	4.30206
0		1	0.1	0.61561	1.00739	0	0	4.30163
0		1	0.1	0.613581	1.00493	0	0	4.29474
0		1	0.1	0.611556	1.00246	0	0	4.30263
0		1	0.1	0.627846	1.02217	0	0	4.30326
0		1	0.1	0.638125	1.03448	0	0	4.30597
0		1	0.1	0.636063	1.03202	0	0	4.28491
0		1	0.1	0.640189	1.03695	0	0	4.29675
0		1	0.1	0.627846	1.02217	0	0	4.30868
0		1	0.1	0.646399	1.04434	0	0	4.29877
0		1	0.1	0.652634	1.05172	0	0	4.30109
0		1	0.1	0.660984	1.06158	0	0	4.29813
0		1	0.1	0.663078	1.06404	0	0	4.30242
0		1	0.1	0.663078	1.06404	0	0	4.30326
0		1	0.1	0.660984	1.06158	0	0	4.29693
0		1	0.1	0.656804	1.05665	0	0	4.3098
0		1	0.1	0.652634	1.05172	0	0	4.3048
0		1	0.1	0.642257	1.03941	0	0	4.2998
0		1	0.1	0.648475	1.0468	0	0	4.29569
0		1	0.1	0.638125	1.03448	0	0	4.30024
0		1	0.1	0.619676	1.01232	0	0	4.29537
0		1	0.1	0.611556	1.00246	0	0	4.2814
0		1	0.1	0.599473	0.987685	0	0	4.28823
0		1	0.1	0.607515	0.997537	0	0	4.29486
0		1	0.1	0.6055	0.995074	0	0	4.30026
0		1	0.1	0.627846	1.02217	0	0	4.30642
0		1	0.1	0.644327	1.04187	0	0	4.28985
0		1	0.1	0.629896	1.02463	0	0	4.30779
0		1	0.1	0.621714	1.01478	0	0	4.30938
0		1	0.1	0.625799	1.0197	0	0	4.299
0		1	0.1	0.627846	1.02217	0	0	4.30231
0		1	0.1	0.644327	1.04187	0	0	4.30001
0		1	0.1	0.652634	1.05172	0	0	4.30574
0		1	0.1	0.665174	1.0665	0	0	4.30618
0		1	0.1	0.663078	1.06404	0	0	4.30697
0		1	0.1	0.679918	1.08374	0	0	4.30441
0		1	0.1	0.682034	1.08621	0	0	4.29553
0		1	0.1	0.696908	1.10345	0	0	4.29522
0		1	0.1	0.69052	1.09606	0	0	4.29981
0		1	0.1	0.675693	1.07882	0	0	4.30556
0		1	0.1	0.692647	1.09852	0	0	4.30427
0		1	0.1	0.705457	1.1133	0	0	4.30385
0		1	0.1	0.701178	1.10837	0	0	4.30891
0		1	0.1	0.692647	1.09852	0	0	4.29535
0		1	0.1	0.679918	1.08374	0	0	4.29473
0		1	0.1	0.58505	1.07882	0.02	0.418605	4.29496
0		1	0.1	0.692647	1.09852	0	0	4.30503
0		1	0.1	0.673585	1.07635	0	0	4.29895
0		1	0.1	0.675693	1.07882	0	0	4.3057
0		1	0.1	0.684152	1.08867	0	0	4.29969
0		1	0.1	0.686272	1.09113	0	0	4.2945
0		1	0.1	0.656804	1.05665	0	0	4.3092
0		1	0.1	0.654717	1.05419	0	0	4.30933
0		1	0.1	0.650553	1.04926	0	0	4.30647
0		1	0.1	0.631949	1.02709	0	0	4.30415
0		1	0.1	0.609534	1	0	0	4.3026
0		1	0.1	0.603487	0.992611	0	0	4.3023
0		1	0.1	0.587513	0.972906	0	0	4.29925
0		1	0.1	0.583556	0.96798	0	0	4.29163
0		1	0.1	0.597471	0.985222	0	0	4.29311
0		1	0.1	0.601479	0.990148	0	0	4.29397
0		1	0.1	0.607515	0.997537	0	0	4.29457
0		1	0.1	0.593477	0.980296	0	0	4.29669
0		1	0.1	0.585533	0.970443	0	0	4.2944
0		1	0.1	0.571772	0.953202	0	0	4.28346
0		1	0.1	0.567876	0.948276	0	0	4.29513
0		1	0.1	0.556284	0.933498	0	0	4.28617
0		1	0.1	0.554367	0.931035	0	0	4.30602
0		1	0.1	0.53544	0.906404	0	0	4.30231
0		1	0.1	0.516994	0.881773	0	0	4.29588
0		1	0.1	0.506179	0.866995	0	0	4.30792
0		1	0.1	0.485176	0.837438	0	0	4.30612
0		1	0.1	0.476693	0.825123	0	0	4.30626
0		1	0.1	0.486893	0.839902	0	0	4.30382
0		1	0.1	0.483467	0.834975	0	0	4.30141
0		1	0.1	0.470029	0.815271	0	0	4.29652
0		1	0.1	0.473347	0.820197	0	0	4.29738
0		1	0.1	0.461859	0.802956	0	0	4.28238
0		1	0.1	0.453876	0.79064	0	0	4.28366
0		1	0.1	0.453876	0.79064	0	0	4.27177
0		1	0.1	0.457046	0.795566	0	0	4.28518
0		1	0.1	0.458643	0.79803	0	0	4.29404
0		1	0.1	0.440011	0.768473	0	0	4.30412
0		1	0.1	0.440011	0.768473	0	0	4.30821
0		1	0.1	0.441518	0.770936	0	0	4.3023
0		1	0.1	0.447631	0.780788	0	0	4.29278
0		1	0.1	0.428272	0.748768	0	0	4.29349
0		1	0.1	0.42543	0.743842	0	0	4.2992
0		1	0.1	0.424023	0.741379	0	0	4.28911
0		1	0.1	0.419861	0.73399	0	0	4.28216
0		1	0.1	0.42543	0.743842	0	0	4.28483
0		1	0.1	0.429708	0.751232	0	0	4.28579
0		1	0.1	0.411807	0.719212	0	0	4.27685
0		1	0.1	0.421238	0.736453	0	0	4.29953
0		1	0.1	0.419861	0.73399	0	0	4.30122
0		1	0.1	0.417135	0.729064	0	0	4.29442
0		1	0.1	0.415788	0.726601	0	0	4.2887
0		1	0.1	0.422626	0.738916	0	0	4.28546
0		1	0.1	0.422626	0.738916	0	0	4.29646
0		1	0.1	0.424023	0.741379	0	0	4.29082
0		1	0.1	0.429708	0.751232	0	0	4.28652
0		1	0.1	0.438512	0.76601	0	0	4.30192
0		1	0.1	0.450737	0.785714	0	0	4.30338
0		1	0.1	0.441518	0.770936	0	0	4.30785
0		1	0.1	0.44609	0.778325	0	0	4.29632
0		1	0.1	0.44918	0.783251	0	0	4.2876
0		1	0.1	0.440011	0.768473	0	0	4.30042
0		1	0.1	0.432606	0.756158	0	0	4.3037
0		1	0.1	0.432606	0.756158	0	0	4.27592
0		1	0.1	0.424023	0.741379	0	0	4.30631
0		1	0.1	0.414451	0.724138	0	0	4.30486
0		1	0.1	0.419861	0.73399	0	0	4.30384
0		1	0.1	0.42543	0.743842	0	0	4.30343
0		1	0.1	0.431153	0.753695	0	0	4.29749
0		1	0.1	0.428272	0.748768	0	0	4.29411
0		1	0.1	0.437022	0.763547	0	0	4.30208
0		1	0.1	0.44918	0.783251	0	0	4.29517
0		1	0.1	0.44609	0.778325	0	0	4.29307
0		1	0.1	0.441518	0.770936	0	0	4.30459
0		1	0.1	0.450737	0.785714	0	0	4.29695
0		1	0.1	0.463478	0.805419	0	0	4.27531
0		1	0.1	0.443033	0.773399	0	0	4.28306
0		1	0.1	0.440011	0.768473	0	0	4.28892
0		1	0.1	0.453876	0.79064	0	0	4.28853
0		1	0.1	0.460247	0.800493	0	0	4.28422
0		1	0.1	0.450737	0.785714	0	0	4.3006
0		1	0.1	0.457046	0.795566	0	0	4.29671
0		1	0.1	0.455457	0.793103	0	0	4.29417
0		1	0.1	0.461859	0.802956	0	0	4.28999
0		1	0.1	0.447631	0.780788	0	0	4.29165
0		1	0.1	0.438512	0.76601	0	0	4.29474
0		1	0.1	0.437022	0.763547	0	0	4.29021
0		1	0.1	0.432606	0.756158	0	0	4.29332
0		1	0.1	0.431153	0.753695	0	0	4.29466
0		1	0.1	0.428272	0.748768	0	0	4.30011
0		1	0.1	0.435541	0.761084	0	0	4.29646
0		1	0.1	0.431153	0.753695	0	0	4.30744
0		1	0.1	0.424023	0.741379	0	0	4.30341
0		1	0.1	0.428272	0.748768	0	0	4.30623
0		1	0.1	0.418493	0.731527	0	0	4.2926
0		1	0.1	0.424023	0.741379	0	0	4.29569
0		1	0.1	0.42543	0.743842	0	0	4.30316
0		1	0.1	0.447631	0.780788	0	0	4.29741
0		1	0.1	0.440011	0.768473	0	0	4.29925
0		1	0.1	0.437022	0.763547	0	0	4.30606
0		1	0.1	0.444558	0.775862	0	0	4.29326
0		1	0.1	0.441518	0.770936	0	0	4.28506
0		1	0.1	0.437022	0.763547	0	0	4.29355
0		1	0.1	0.450737	0.785714	0	0	4.287
0		1	0.1	0.44918	0.783251	0	0	4.27182
0		1	0.1	0.471685	0.817734	0	0	4.29891
0		1	0.1	0.463478	0.805419	0	0	4.29627
0		1	0.1	0.458643	0.79803	0	0	4.28768
0		1	0.1	0.458643	0.79803	0	0	4.30324
0		1	0.1	0.465105	0.807882	0	0	4.2995
0		1	0.1	0.452303	0.788177	0	0	4.29216
0		1	0.1	0.463478	0.805419	0	0	4.30383
0		1	0.1	0.465105	0.807882	0	0	4.30331
