0		1	0.01	0.34904	0.482759	0	0	4.30536
0		1	0.01	0.348927	0.485222	0	0	4.29942
0		1	0.01	0.34904	0.482759	0	0	4.29219
0		1	0.01	0.348927	0.485222	0	0	4.28054
0		1	0.01	0.348649	0.495074	0	0	4.27612
0		1	0.01	0.348692	0.492611	0	0	4.28289
0		1	0.01	0.348927	0.485222	0	0	4.27076
0		1	0.01	0.34904	0.482759	0	0	4.29525
0		1	0.01	0.34904	0.482759	0	0	4.2807
0		1	0.01	0.34917	0.480296	0	0	4.2797
0		1	0.01	0.348927	0.485222	0	0	4.2886
0		1	0.01	0.348927	0.485222	0	0	4.27943
0		1	0.01	0.348692	0.492611	0	0	4.26043
0		1	0.01	0.348692	0.492611	0	0	4.29452
0		1	0.01	0.348831	0.487685	0	0	4.28615
0		1	0.01	0.348753	0.490148	0	0	4.27517
0		1	0.01	0.348692	0.492611	0	0	4.29922
0		1	0.01	0.348692	0.492611	0	0	4.28411
0		1	0.01	0.348753	0.490148	0	0	4.28092
0		1	0.01	0.348692	0.492611	0	0	4.2694
0		1	0.01	0.348614	0.5	0	0	4.28932
0		1	0.01	0.348614	0.5	0	0	4.28069
0		1	0.01	0.348649	0.495074	0	0	4.26312
0		1	0.01	0.348753	0.490148	0	0	4.27373
0		1	0.01	0.348831	0.487685	0	0	4.27928
0		1	0.01	0.348753	0.490148	0	0	4.27907
0		1	0.01	0.348831	0.487685	0	0	4.28319
0		1	0.01	0.348622	0.497537	0	0	4.28093
0		1	0.01	0.348614	0.5	0	0	4.27129
0		1	0.01	0.348753	0.490148	0	0	4.29098
0		1	0.01	0.348753	0.490148	0	0	4.27844
0		1	0.01	0.348753	0.490148	0	0	4.29355
0		1	0.01	0.348692	0.492611	0	0	4.30426
0		1	0.01	0.348753	0.490148	0	0	4.30974
0		1	0.01	0.348692	0.492611	0	0	4.29275
0		1	0.01	0.348692	0.492611	0	0	4.28691
0		1	0.01	0.348831	0.487685	0	0	4.29993
0		1	0.01	0.348927	0.485222	0	0	4.29127
0		1	0.01	0.348831	0.487685	0	0	4.29229
0		1	0.01	0.348927	0.485222	0	0	4.29259
0		1	0.01	0.348927	0.485222	0	0	4.2952
0		1	0.01	0.34904	0.482759	0	0	4.27965
0		1	0.01	0.349318	0.477833	0	0	4.27105
0		1	0.01	0.34917	0.480296	0	0	4.27792
0		1	0.01	0.34904	0.482759	0	0	4.27472
0		1	0.01	0.34904	0.482759	0	0	4.29068
0		1	0.01	0.349483	0.475369	0	0	4.29261
0		1	0.01	0.349483	0.475369	0	0	4.28729
0		1	0.01	0.34917	0.480296	0	0	4.29554
0		1	0.01	0.349318	0.477833	0	0	4.29126
0		1	0.01	0.349483	0.475369	0	0	4.28292
0		1	0.01	0.349665	0.472906	0	0	4.2813
0		1	0.01	0.349665	0.472906	0	0	4.28146
0		1	0.01	0.349864	0.470443	0	0	4.28066
0		1	0.01	0.349665	0.472906	0	0	4.28083
0		1	0.01	0.349483	0.475369	0	0	4.28311
0		1	0.01	0.349864	0.470443	0	0	4.29874
0		1	0.01	0.350315	0.465517	0	0	4.27563
0		1	0.01	0.350081	0.46798	0	0	4.29354
0		1	0.01	0.349864	0.470443	0	0	4.28973
0		1	0.01	0.350315	0.465517	0	0	4.28805
0		1	0.01	0.350566	0.463054	0	0	4.27857
0		1	0.01	0.350566	0.463054	0	0	4.27768
0		1	0.01	0.350566	0.463054	0	0	4.27554
0		1	0.01	0.350566	0.463054	0	0	4.27813
0		1	0.01	0.350315	0.465517	0	0	4.28857
0		1	0.01	0.350566	0.463054	0	0	4.30422
0		1	0.01	0.350566	0.463054	0	0	4.28538
0		1	0.01	0.350566	0.463054	0	0	4.29381
0		1	0.01	0.350566	0.463054	0	0	4.28423
0		1	0.01	0.350566	0.463054	0	0	4.27396
0		1	0.01	0.350081	0.46798	0	0	4.29305
0		1	0.01	0.350081	0.46798	0	0	4.3036
0		1	0.01	0.350081	0.46798	0	0	4.29225
0		1	0.01	0.350315	0.465517	0	0	4.30133
0		1	0.01	0.350315	0.465517	0	0	4.3117
0		1	0.01	0.350566	0.463054	0	0	4.28847
0		1	0.01	0.350081	0.46798	0	0	4.27578
0		1	0.01	0.350081	0.46798	0	0	4.27419
0		1	0.01	0.350081	0.46798	0	0	4.27649
0		1	0.01	0.350315	0.465517	0	0	4.28578
0		1	0.01	0.350315	0.465517	0	0	4.27692
0		1	0.01	0.350315	0.465517	0	0	4.25726
0		1	0.01	0.349864	0.470443	0	0	4.2804
0		1	0.01	0.350566	0.463054	0	0	4.29361
0		1	0.01	0.350834	0.460591	0	0	4.28657
0		1	0.01	0.350834	0.460591	0	0	4.26874
0		1	0.01	0.350315	0.465517	0	0	4.27858
0		1	0.01	0.350315	0.465517	0	0	4.2965
0		1	0.01	0.349864	0.470443	0	0	4.29328
0		1	0.01	0.350315	0.465517	0	0	4.27713
0		1	0.01	0.350315	0.465517	0	0	4.29599
0		1	0.01	0.349864	0.470443	0	0	4.30278
0		1	0.01	0.349864	0.470443	0	0	4.29694
0		1	0.01	0.350081	0.46798	0	0	4.30262
0		1	0.01	0.349665	0.472906	0	0	4.30148
0		1	0.01	0.350315	0.465517	0	0	4.27296
0		1	0.01	0.350315	0.465517	0	0	4.27326
0		1	0.01	0.350081	0.46798	0	0	4.29033
0		1	0.01	0.350081	0.46798	0	0	4.2916
0		1	0.01	0.350315	0.465517	0	0	4.27717
0		1	0.01	0.350315	0.465517	0	0	4.30433
0		1	0.01	0.350566	0.463054	0	0	4.29599
0		1	0.01	0.350566	0.463054	0	0	4.29781
0		1	0.01	0.350566	0.463054	0	0	4.30385
0		1	0.01	0.350566	0.463054	0	0	4.30104
0		1	0.01	0.350315	0.465517	0	0	4.30559
0		1	0.01	0.350834	0.460591	0	0	4.28849
0		1	0.01	0.350834	0.460591	0	0	4.27333
0		1	0.01	0.350834	0.460591	0	0	4.28194
0		1	0.01	0.350834	0.460591	0	0	4.28412
0		1	0.01	0.350315	0.465517	0	0	4.28815
0		1	0.01	0.350315	0.465517	0	0	4.26318
0		1	0.01	0.350081	0.46798	0	0	4.29038
0		1	0.01	0.350566	0.463054	0	0	4.28484
0		1	0.01	0.349864	0.470443	0	0	4.28103
0		1	0.01	0.349318	0.477833	0	0	4.28546
0		1	0.01	0.349483	0.475369	0	0	4.27916
0		1	0.01	0.349483	0.475369	0	0	4.28967
0		1	0.01	0.350081	0.46798	0	0	4.26536
0		1	0.01	0.349864	0.470443	0	0	4.26581
0		1	0.01	0.349864	0.470443	0	0	4.28937
0		1	0.01	0.349665	0.472906	0	0	4.29163
0		1	0.01	0.34917	0.480296	0	0	4.29702
0		1	0.01	0.34904	0.482759	0	0	4.29879
0		1	0.01	0.34904	0.482759	0	0	4.30497
0		1	0.01	0.348692	0.492611	0	0	4.29582
0		1	0.01	0.348622	0.497537	0	0	4.29887
0		1	0.01	0.348622	0.497537	0	0	4.29724
0		1	0.01	0.348614	0.5	0	0	4.28838
0		1	0.01	0.348622	0.502463	0	0	4.28458
0		1	0.01	0.348649	0.504926	0	0	4.27804
0		1	0.01	0.348614	0.5	0	0	4.29368
0		1	0.01	0.348614	0.5	0	0	4.29687
0		1	0.01	0.348622	0.497537	0	0	4.29991
0		1	0.01	0.348622	0.502463	0	0	4.27975
0		1	0.01	0.348649	0.504926	0	0	4.28689
0		1	0.01	0.348692	0.507389	0	0	4.28877
0		1	0.01	0.348692	0.507389	0	0	4.27384
0		1	0.01	0.348753	0.509852	0	0	4.28933
0		1	0.01	0.348927	0.514778	0	0	4.30389
0		1	0.01	0.348753	0.509852	0	0	4.29532
0		1	0.01	0.348692	0.507389	0	0	4.28012
0		1	0.01	0.348692	0.507389	0	0	4.29981
0		1	0.01	0.348622	0.502463	0	0	4.30205
0		1	0.01	0.348622	0.502463	0	0	4.29906
0		1	0.01	0.348614	0.5	0	0	4.27304
0		1	0.01	0.348622	0.502463	0	0	4.27235
0		1	0.01	0.348622	0.502463	0	0	4.26896
0		1	0.01	0.348622	0.497537	0	0	4.28215
0		1	0.01	0.348649	0.495074	0	0	4.26908
0		1	0.01	0.348649	0.495074	0	0	4.26811
0		1	0.01	0.348753	0.490148	0	0	4.26525
0		1	0.01	0.348692	0.492611	0	0	4.29313
0		1	0.01	0.348622	0.497537	0	0	4.2931
0		1	0.01	0.348622	0.502463	0	0	4.27093
0		1	0.01	0.348692	0.507389	0	0	4.27548
0		1	0.01	0.348753	0.509852	0	0	4.28062
0		1	0.01	0.348831	0.512315	0	0	4.2917
0		1	0.01	0.348927	0.514778	0	0	4.28621
0		1	0.01	0.34904	0.517241	0	0	4.28063
0		1	0.01	0.348927	0.514778	0	0	4.29703
0		1	0.01	0.348753	0.509852	0	0	4.29723
0		1	0.01	0.348753	0.509852	0	0	4.28708
0		1	0.01	0.348831	0.512315	0	0	4.29111
0		1	0.01	0.348753	0.509852	0	0	4.29774
0		1	0.01	0.348831	0.512315	0	0	4.26971
0		1	0.01	0.348831	0.512315	0	0	4.27704
0		1	0.01	0.348831	0.512315	0	0	4.2683
0		1	0.01	0.348831	0.512315	0	0	4.28296
0		1	0.01	0.348753	0.509852	0	0	4.278
0		1	0.01	0.34917	0.519704	0	0	4.2795
0		1	0.01	0.348927	0.514778	0	0	4.29958
0		1	0.01	0.348927	0.514778	0	0	4.28805
0		1	0.01	0.348927	0.514778	0	0	4.29019
0		1	0.01	0.348753	0.509852	0	0	4.29519
0		1	0.01	0.348622	0.502463	0	0	4.29776
0		1	0.01	0.348692	0.507389	0	0	4.30155
0		1	0.01	0.348692	0.507389	0	0	4.28881
0		1	0.01	0.348692	0.507389	0	0	4.28595
0		1	0.01	0.348692	0.507389	0	0	4.28799
0		1	0.01	0.348753	0.509852	0	0	4.30431
0		1	0.01	0.348753	0.509852	0	0	4.30464
0		1	0.01	0.348831	0.512315	0	0	4.2942
0		1	0.01	0.34904	0.517241	0	0	4.29724
0		1	0.01	0.349483	0.524631	0	0	4.29125
0		1	0.01	0.349864	0.529557	0	0	4.29052
0		1	0.01	0.349864	0.529557	0	0	4.28851
0		1	0.01	0.350081	0.53202	0	0	4.28215
0		1	0.01	0.350315	0.534483	0	0	4.29153
0		1	0.01	0.350315	0.534483	0	0	4.28928
0		1	0.01	0.350315	0.534483	0	0	4.28437
0		1	0.01	0.350315	0.534483	0	0	4.29232
0		1	0.01	0.350081	0.53202	0	0	4.3016
0		1	0.01	0.350834	0.539409	0	0	4.30795
0		1	0.01	0.350834	0.539409	0	0	4.30167
0		1	0.01	0.350834	0.539409	0	0	4.29086
0		1	0.01	0.350566	0.536946	0	0	4.2825
0		1	0.01	0.350566	0.536946	0	0	4.28063
0		1	0.01	0.350081	0.53202	0	0	4.29876
0		1	0.01	0.350081	0.53202	0	0	4.28611
0		1	0.01	0.350081	0.53202	0	0	4.28511
0		1	0.01	0.350081	0.53202	0	0	4.28587
0		1	0.01	0.350566	0.536946	0	0	4.29138
0		1	0.01	0.350315	0.534483	0	0	4.26328
0		1	0.01	0.350315	0.534483	0	0	4.28502
0		1	0.01	0.350834	0.539409	0	0	4.29781
0		1	0.01	0.351422	0.544335	0	0	4.2951
0		1	0.01	0.351422	0.544335	0	0	4.27871
0		1	0.01	0.352077	0.549261	0	0	4.28022
0		1	0.01	0.352077	0.549261	0	0	4.28303
0		1	0.01	0.351741	0.546798	0	0	4.29648
0		1	0.01	0.350834	0.539409	0	0	4.28762
0		1	0.01	0.350081	0.53202	0	0	4.29105
0		1	0.01	0.350081	0.53202	0	0	4.2765
0		1	0.01	0.350566	0.536946	0	0	4.28332
0		1	0.01	0.351119	0.541872	0	0	4.28615
0		1	0.01	0.351422	0.544335	0	0	4.2978
0		1	0.01	0.351422	0.544335	0	0	4.30381
0		1	0.01	0.351741	0.546798	0	0	4.28998
0		1	0.01	0.351741	0.546798	0	0	4.29847
0		1	0.01	0.351741	0.546798	0	0	4.29115
0		1	0.01	0.352077	0.549261	0	0	4.26834
0		1	0.01	0.35243	0.551724	0	0	4.27402
0		1	0.01	0.35243	0.551724	0	0	4.28025
0		1	0.01	0.35401	0.561576	0	0	4.30108
0		1	0.01	0.354447	0.564039	0	0	4.28612
0		1	0.01	0.3549	0.566502	0	0	4.29106
0		1	0.01	0.3549	0.566502	0	0	4.29911
0		1	0.01	0.357413	0.578818	0	0	4.27758
0		1	0.01	0.357413	0.578818	0	0	4.29436
0		1	0.01	0.357413	0.578818	0	0	4.27788
0		1	0.01	0.359114	0.586207	0	0	4.2794
0		1	0.01	0.359114	0.586207	0	0	4.29049
0		1	0.01	0.357964	0.581281	0	0	4.30217
0		1	0.01	0.356359	0.573892	0	0	4.29744
0		1	0.01	0.356359	0.573892	0	0	4.28787
0		1	0.01	0.357413	0.578818	0	0	4.29238
0		1	0.01	0.357964	0.581281	0	0	4.29936
0		1	0.01	0.357964	0.581281	0	0	4.2839
0		1	0.01	0.357413	0.578818	0	0	4.27723
0		1	0.01	0.357413	0.578818	0	0	4.2801
0		1	0.01	0.357413	0.578818	0	0	4.29071
0		1	0.01	0.357964	0.581281	0	0	4.29566
0		1	0.01	0.357964	0.581281	0	0	4.29501
0		1	0.01	0.356878	0.576355	0	0	4.28737
0		1	0.01	0.355856	0.571429	0	0	4.28687
0		1	0.01	0.355856	0.571429	0	0	4.28813
0		1	0.01	0.3549	0.566502	0	0	4.2889
0		1	0.01	0.3549	0.566502	0	0	4.27068
0		1	0.01	0.35537	0.568965	0	0	4.2814
0		1	0.01	0.3549	0.566502	0	0	4.28252
0		1	0.01	0.354447	0.564039	0	0	4.30062
0		1	0.01	0.35537	0.568965	0	0	4.30235
0		1	0.01	0.35537	0.568965	0	0	4.30355
0		1	0.01	0.354447	0.564039	0	0	4.29796
0		1	0.01	0.3549	0.566502	0	0	4.29402
0		1	0.01	0.35537	0.568965	0	0	4.29442
0		1	0.01	0.35537	0.568965	0	0	4.29485
0		1	0.01	0.355856	0.571429	0	0	4.30265
0		1	0.01	0.356359	0.573892	0	0	4.30824
0		1	0.01	0.356878	0.576355	0	0	4.29049
0		1	0.01	0.357413	0.578818	0	0	4.29079
0		1	0.01	0.357413	0.578818	0	0	4.30277
0		1	0.01	0.357964	0.581281	0	0	4.30406
0		1	0.01	0.357964	0.581281	0	0	4.29595
0		1	0.01	0.357413	0.578818	0	0	4.2894
0		1	0.01	0.357413	0.578818	0	0	4.30218
0		1	0.01	0.355856	0.571429	0	0	4.27304
0		1	0.01	0.356878	0.576355	0	0	4.28146
0		1	0.01	0.356878	0.576355	0	0	4.30402
0		1	0.01	0.356359	0.573892	0	0	4.30555
0		1	0.01	0.3549	0.566502	0	0	4.30666
0		1	0.01	0.35537	0.568965	0	0	4.28987
0		1	0.01	0.3549	0.566502	0	0	4.28899
0		1	0.01	0.3549	0.566502	0	0	4.30701
0		1	0.01	0.354447	0.564039	0	0	4.30649
0		1	0.01	0.35401	0.561576	0	0	4.29725
0		1	0.01	0.35359	0.559113	0	0	4.30041
0		1	0.01	0.35243	0.551724	0	0	4.29342
0		1	0.01	0.35243	0.551724	0	0	4.28309
0		1	0.01	0.3528	0.554187	0	0	4.29115
0		1	0.01	0.3528	0.554187	0	0	4.29645
0		1	0.01	0.3528	0.554187	0	0	4.28384
0		1	0.01	0.35243	0.551724	0	0	4.29325
0		1	0.01	0.353187	0.55665	0	0	4.28612
0		1	0.01	0.35359	0.559113	0	0	4.27896
0		1	0.01	0.35359	0.559113	0	0	4.2847
0		1	0.01	0.35401	0.561576	0	0	4.2736
0		1	0.01	0.3528	0.554187	0	0	4.27765
0		1	0.01	0.351741	0.546798	0	0	4.29795
0		1	0.01	0.351119	0.541872	0	0	4.29704
0		1	0.01	0.351119	0.541872	0	0	4.29688
0		1	0.01	0.351422	0.544335	0	0	4.29657
0		1	0.01	0.3528	0.554187	0	0	4.28817
0		1	0.01	0.351422	0.544335	0	0	4.2841
0		1	0.01	0.352077	0.549261	0	0	4.27739
0		1	0.01	0.351119	0.541872	0	0	4.26249
0		1	0.01	0.350566	0.536946	0	0	4.26625
0		1	0.01	0.350834	0.539409	0	0	4.27464
0		1	0.01	0.350834	0.539409	0	0	4.2731
0		1	0.01	0.350566	0.536946	0	0	4.28505
0		1	0.01	0.350834	0.539409	0	0	4.26532
0		1	0.01	0.350566	0.536946	0	0	4.28061
0		1	0.01	0.350834	0.539409	0	0	4.27025
0		1	0.01	0.350566	0.536946	0	0	4.2629
0		1	0.01	0.350834	0.539409	0	0	4.26486
0		1	0.01	0.350566	0.536946	0	0	4.27199
0		1	0.01	0.350834	0.539409	0	0	4.29694
0		1	0.01	0.351422	0.544335	0	0	4.28959
0		1	0.01	0.351119	0.541872	0	0	4.29105
0		1	0.01	0.350566	0.536946	0	0	4.28464
0		1	0.01	0.350566	0.536946	0	0	4.28118
0		1	0.01	0.350566	0.536946	0	0	4.29906
0		1	0.01	0.349665	0.527094	0	0	4.28524
0		1	0.01	0.349483	0.524631	0	0	4.28252
0		1	0.01	0.349665	0.527094	0	0	4.29289
0		1	0.01	0.349665	0.527094	0	0	4.28534
0		1	0.01	0.350081	0.53202	0	0	4.29099
0		1	0.01	0.350081	0.53202	0	0	4.30328
0		1	0.01	0.350081	0.53202	0	0	4.29665
0		1	0.01	0.350081	0.53202	0	0	4.29188
0		1	0.01	0.350315	0.534483	0	0	4.27636
0		1	0.01	0.350566	0.536946	0	0	4.28851
0		1	0.01	0.350315	0.534483	0	0	4.27943
0		1	0.01	0.350566	0.536946	0	0	4.28954
0		1	0.01	0.350315	0.534483	0	0	4.30532
0		1	0.01	0.350081	0.53202	0	0	4.29902
0		1	0.01	0.350081	0.53202	0	0	4.28433
0		1	0.01	0.350081	0.53202	0	0	4.28607
0		1	0.01	0.350081	0.53202	0	0	4.28701
0		1	0.01	0.350081	0.53202	0	0	4.29037
0		1	0.01	0.350566	0.536946	0	0	4.29228
0		1	0.01	0.350315	0.534483	0	0	4.30797
0		1	0.01	0.349864	0.529557	0	0	4.30413
0		1	0.01	0.349864	0.529557	0	0	4.30355
0		1	0.01	0.349864	0.529557	0	0	4.29601
0		1	0.01	0.350081	0.53202	0	0	4.30369
0		1	0.01	0.349864	0.529557	0	0	4.29641
0		1	0.01	0.349483	0.524631	0	0	4.30274
0		1	0.01	0.349483	0.524631	0	0	4.29461
0		1	0.01	0.349483	0.524631	0	0	4.2912
0		1	0.01	0.349864	0.529557	0	0	4.29116
0		1	0.01	0.350566	0.536946	0	0	4.26432
0		1	0.01	0.350834	0.539409	0	0	4.28278
0		1	0.01	0.350315	0.534483	0	0	4.29038
0		1	0.01	0.350315	0.534483	0	0	4.2949
0		1	0.01	0.350834	0.539409	0	0	4.2911
0		1	0.01	0.351422	0.544335	0	0	4.26318
0		1	0.01	0.351119	0.541872	0	0	4.27441
0		1	0.01	0.351422	0.544335	0	0	4.28735
0		1	0.01	0.351119	0.541872	0	0	4.28307
0		1	0.01	0.351119	0.541872	0	0	4.29025
0		1	0.01	0.351422	0.544335	0	0	4.28659
0		1	0.01	0.351422	0.544335	0	0	4.29729
0		1	0.01	0.350834	0.539409	0	0	4.29149
0		1	0.01	0.350834	0.539409	0	0	4.28289
0		1	0.01	0.351119	0.541872	0	0	4.29389
0		1	0.01	0.350566	0.536946	0	0	4.2969
0		1	0.01	0.350315	0.534483	0	0	4.29736
0		1	0.01	0.350315	0.534483	0	0	4.31037
0		1	0.01	0.350081	0.53202	0	0	4.29744
0		1	0.01	0.350315	0.534483	0	0	4.27353
0		1	0.01	0.350834	0.539409	0	0	4.2767
0		1	0.01	0.350834	0.539409	0	0	4.26845
0		1	0.01	0.351119	0.541872	0	0	4.27805
0		1	0.01	0.351422	0.544335	0	0	4.28146
0		1	0.01	0.351422	0.544335	0	0	4.28419
0		1	0.01	0.351119	0.541872	0	0	4.28094
0		1	0.01	0.350834	0.539409	0	0	4.28464
0		1	0.01	0.350834	0.539409	0	0	4.29514
0		1	0.01	0.350834	0.539409	0	0	4.29148
0		1	0.01	0.350315	0.534483	0	0	4.29865
0		1	0.01	0.350315	0.534483	0	0	4.30144
0		1	0.01	0.350834	0.539409	0	0	4.2969
0		1	0.01	0.350566	0.536946	0	0	4.29233
0		1	0.01	0.350566	0.536946	0	0	4.28333
0		1	0.01	0.350834	0.539409	0	0	4.27589
0		1	0.01	0.351119	0.541872	0	0	4.27664
0		1	0.01	0.351119	0.541872	0	0	4.27251
0		1	0.01	0.351119	0.541872	0	0	4.27781
0		1	0.01	0.351119	0.541872	0	0	4.2908
0		1	0.01	0.351741	0.546798	0	0	4.28378
0		1	0.01	0.351741	0.546798	0	0	4.29462
0		1	0.01	0.35243	0.551724	0	0	4.29289
0		1	0.01	0.3528	0.554187	0	0	4.29579
0		1	0.01	0.351422	0.544335	0	0	4.31169
0		1	0.01	0.352077	0.549261	0	0	4.29595
0		1	0.01	0.351422	0.544335	0	0	4.297
0		1	0.01	0.351741	0.546798	0	0	4.28922
0		1	0.01	0.352077	0.549261	0	0	4.29763
0		1	0.01	0.35243	0.551724	0	0	4.29646
0		1	0.01	0.35243	0.551724	0	0	4.29489
0		1	0.01	0.35243	0.551724	0	0	4.28265
0		1	0.01	0.35243	0.551724	0	0	4.28918
0		1	0.01	0.352077	0.549261	0	0	4.30064
0		1	0.01	0.352077	0.549261	0	0	4.29617
0		1	0.01	0.351741	0.546798	0	0	4.28884
0		1	0.01	0.352077	0.549261	0	0	4.27938
0		1	0.01	0.353187	0.55665	0	0	4.27206
0		1	0.01	0.35359	0.559113	0	0	4.27714
0		1	0.01	0.352077	0.549261	0	0	4.28483
0		1	0.01	0.352077	0.549261	0	0	4.29257
0		1	0.01	0.35243	0.551724	0	0	4.29391
0		1	0.01	0.353187	0.55665	0	0	4.28722
0		1	0.01	0.353187	0.55665	0	0	4.27543
0		1	0.01	0.35401	0.561576	0	0	4.26319
0		1	0.01	0.353187	0.55665	0	0	4.27625
0		1	0.01	0.352077	0.549261	0	0	4.26902
0		1	0.01	0.352077	0.549261	0	0	4.28006
0		1	0.01	0.352077	0.549261	0	0	4.27522
0		1	0.01	0.351741	0.546798	0	0	4.27809
0		1	0.01	0.351422	0.544335	0	0	4.27658
0		1	0.01	0.351422	0.544335	0	0	4.29299
0		1	0.01	0.351422	0.544335	0	0	4.29048
0		1	0.01	0.350834	0.539409	0	0	4.29688
0		1	0.01	0.350315	0.534483	0	0	4.29319
0		1	0.01	0.350315	0.534483	0	0	4.29298
0		1	0.01	0.350834	0.539409	0	0	4.28227
0		1	0.01	0.350566	0.536946	0	0	4.30284
0		1	0.01	0.351422	0.544335	0	0	4.29364
0		1	0.01	0.351741	0.546798	0	0	4.30064
0		1	0.01	0.351422	0.544335	0	0	4.30257
0		1	0.01	0.350834	0.539409	0	0	4.30444
0		1	0.01	0.350834	0.539409	0	0	4.27388
0		1	0.01	0.351119	0.541872	0	0	4.26882
0		1	0.01	0.351741	0.546798	0	0	4.29965
0		1	0.01	0.352077	0.549261	0	0	4.2852
0		1	0.01	0.351422	0.544335	0	0	4.29956
0		1	0.01	0.351119	0.541872	0	0	4.29583
0		1	0.01	0.350834	0.539409	0	0	4.26666
0		1	0.01	0.349864	0.529557	0	0	4.26336
0		1	0.01	0.349665	0.527094	0	0	4.29025
0		1	0.01	0.349864	0.529557	0	0	4.30447
0		1	0.01	0.349665	0.527094	0	0	4.29466
0		1	0.01	0.350081	0.53202	0	0	4.28864
0		1	0.01	0.350566	0.536946	0	0	4.25837
0		1	0.01	0.350081	0.53202	0	0	4.2872
0		1	0.01	0.350081	0.53202	0	0	4.30545
0		1	0.01	0.350081	0.53202	0	0	4.27946
0		1	0.01	0.349864	0.529557	0	0	4.28006
0		1	0.01	0.349483	0.524631	0	0	4.28322
0		1	0.01	0.349483	0.524631	0	0	4.29685
0		1	0.01	0.349483	0.524631	0	0	4.2853
0		1	0.01	0.349665	0.527094	0	0	4.27962
0		1	0.01	0.350081	0.53202	0	0	4.2961
0		1	0.01	0.350315	0.534483	0	0	4.27109
0		1	0.01	0.350566	0.536946	0	0	4.28293
0		1	0.01	0.350566	0.536946	0	0	4.30164
0		1	0.01	0.350834	0.539409	0	0	4.29916
0		1	0.01	0.350834	0.539409	0	0	4.30403
0		1	0.01	0.350566	0.536946	0	0	4.30091
0		1	0.01	0.350315	0.534483	0	0	4.29229
0		1	0.01	0.349864	0.529557	0	0	4.28981
0		1	0.01	0.349864	0.529557	0	0	4.27981
0		1	0.01	0.349483	0.524631	0	0	4.29016
0		1	0.01	0.349318	0.522168	0	0	4.30244
0		1	0.01	0.349318	0.522168	0	0	4.28205
0		1	0.01	0.349318	0.522168	0	0	4.28449
0		1	0.01	0.34917	0.519704	0	0	4.29778
0		1	0.01	0.349318	0.522168	0	0	4.29058
0		1	0.01	0.349483	0.524631	0	0	4.28885
0		1	0.01	0.349665	0.527094	0	0	4.29182
0		1	0.01	0.349483	0.524631	0	0	4.3051
0		1	0.01	0.349318	0.522168	0	0	4.3
0		1	0.01	0.349483	0.524631	0	0	4.29833
0		1	0.01	0.349483	0.524631	0	0	4.29568
0		1	0.01	0.34917	0.519704	0	0	4.28612
0		1	0.01	0.34917	0.519704	0	0	4.29783
0		1	0.01	0.349483	0.524631	0	0	4.28435
0		1	0.01	0.348927	0.514778	0	0	4.29986
0		1	0.01	0.349318	0.522168	0	0	4.29738
0		1	0.01	0.349483	0.524631	0	0	4.28609
0		1	0.01	0.349864	0.529557	0	0	4.30129
0		1	0.01	0.349483	0.524631	0	0	4.27425
0		1	0.01	0.349864	0.529557	0	0	4.29206
0		1	0.01	0.349864	0.529557	0	0	4.29764
0		1	0.01	0.350081	0.53202	0	0	4.28285
0		1	0.01	0.350081	0.53202	0	0	4.28349
0		1	0.01	0.349864	0.529557	0	0	4.28804
0		1	0.01	0.350081	0.53202	0	0	4.29054
0		1	0.01	0.350081	0.53202	0	0	4.2901
0		1	0.01	0.350081	0.53202	0	0	4.29584
0		1	0.01	0.350315	0.534483	0	0	4.30024
0		1	0.01	0.349864	0.529557	0	0	4.29375
0		1	0.01	0.349864	0.529557	0	0	4.29999
0		1	0.01	0.350081	0.53202	0	0	4.30234
0		1	0.01	0.350081	0.53202	0	0	4.3028
0		1	0.01	0.350081	0.53202	0	0	4.29391
0		1	0.01	0.350315	0.534483	0	0	4.30148
0		1	0.01	0.351119	0.541872	0	0	4.30174
0		1	0.01	0.351119	0.541872	0	0	4.28963
0		1	0.01	0.351119	0.541872	0	0	4.28728
0		1	0.01	0.351422	0.544335	0	0	4.2941
0		1	0.01	0.351119	0.541872	0	0	4.28279
0		1	0.01	0.351119	0.541872	0	0	4.3048
0		1	0.01	0.351119	0.541872	0	0	4.29714
0		1	0.01	0.351119	0.541872	0	0	4.30309
0		1	0.01	0.352077	0.549261	0	0	4.29037
0		1	0.01	0.35243	0.551724	0	0	4.27636
0		1	0.01	0.35359	0.559113	0	0	4.28619
0		1	0.01	0.35359	0.559113	0	0	4.28903
0		1	0.01	0.35401	0.561576	0	0	4.27306
0		1	0.01	0.35359	0.559113	0	0	4.28694
0		1	0.01	0.3549	0.566502	0	0	4.29302
0		1	0.01	0.35401	0.561576	0	0	4.29434
0		1	0.01	0.35359	0.559113	0	0	4.2946
0		1	0.01	0.35243	0.551724	0	0	4.29767
0		1	0.01	0.353187	0.55665	0	0	4.29084
0		1	0.01	0.35401	0.561576	0	0	4.29571
0		1	0.01	0.354447	0.564039	0	0	4.29646
0		1	0.01	0.3549	0.566502	0	0	4.29933
0		1	0.01	0.355856	0.571429	0	0	4.29155
0		1	0.01	0.35401	0.561576	0	0	4.28271
0		1	0.01	0.3528	0.554187	0	0	4.28536
0		1	0.01	0.35243	0.551724	0	0	4.30593
0		1	0.01	0.35243	0.551724	0	0	4.2918
0		1	0.01	0.35243	0.551724	0	0	4.29838
0		1	0.01	0.352077	0.549261	0	0	4.30081
0		1	0.01	0.353187	0.55665	0	0	4.30357
0		1	0.01	0.353187	0.55665	0	0	4.28805
0		1	0.01	0.35401	0.561576	0	0	4.28219
0		1	0.01	0.353187	0.55665	0	0	4.28678
0		1	0.01	0.353187	0.55665	0	0	4.29766
0		1	0.01	0.353187	0.55665	0	0	4.29204
0		1	0.01	0.353187	0.55665	0	0	4.28888
0		1	0.01	0.35243	0.551724	0	0	4.29293
0		1	0.01	0.35243	0.551724	0	0	4.29099
0		1	0.01	0.352077	0.549261	0	0	4.29136
0		1	0.01	0.353187	0.55665	0	0	4.29575
0		1	0.01	0.35401	0.561576	0	0	4.29862
0		1	0.01	0.354447	0.564039	0	0	4.29361
0		1	0.01	0.3549	0.566502	0	0	4.29517
0		1	0.01	0.356359	0.573892	0	0	4.29553
0		1	0.01	0.357413	0.578818	0	0	4.3043
0		1	0.01	0.358531	0.583744	0	0	4.28567
0		1	0.01	0.359114	0.586207	0	0	4.29626
0		1	0.01	0.358531	0.583744	0	0	4.29773
0		1	0.01	0.358531	0.583744	0	0	4.30042
0		1	0.01	0.359714	0.58867	0	0	4.30333
0		1	0.01	0.359714	0.58867	0	0	4.30248
0		1	0.01	0.360329	0.591133	0	0	4.29352
0		1	0.01	0.36096	0.593596	0	0	4.30561
0		1	0.01	0.36096	0.593596	0	0	4.3013
0		1	0.01	0.362268	0.598522	0	0	4.29113
0		1	0.01	0.361606	0.596059	0	0	4.29513
0		1	0.01	0.361606	0.596059	0	0	4.29448
0		1	0.01	0.362946	0.600985	0	0	4.28831
0		1	0.01	0.363639	0.603448	0	0	4.29418
0		1	0.01	0.362268	0.598522	0	0	4.28941
0		1	0.01	0.364347	0.605911	0	0	4.26841
0		1	0.01	0.362946	0.600985	0	0	4.2931
0		1	0.01	0.362946	0.600985	0	0	4.28845
0		1	0.01	0.362946	0.600985	0	0	4.29409
0		1	0.01	0.363639	0.603448	0	0	4.29792
0		1	0.01	0.362946	0.600985	0	0	4.30046
0		1	0.01	0.361606	0.596059	0	0	4.29297
0		1	0.01	0.362268	0.598522	0	0	4.30398
0		1	0.01	0.361606	0.596059	0	0	4.29837
0		1	0.01	0.362268	0.598522	0	0	4.30733
0		1	0.01	0.36096	0.593596	0	0	4.30013
0		1	0.01	0.359714	0.58867	0	0	4.29192
0		1	0.01	0.360329	0.591133	0	0	4.29859
0		1	0.01	0.362268	0.598522	0	0	4.28192
0		1	0.01	0.362946	0.600985	0	0	4.29658
0		1	0.01	0.361606	0.596059	0	0	4.29814
0		1	0.01	0.362268	0.598522	0	0	4.29825
0		1	0.01	0.363639	0.603448	0	0	4.29952
0		1	0.01	0.362946	0.600985	0	0	4.29789
0		1	0.01	0.363639	0.603448	0	0	4.29246
0		1	0.01	0.362946	0.600985	0	0	4.28556
0		1	0.01	0.362268	0.598522	0	0	4.2749
0		1	0.01	0.362946	0.600985	0	0	4.28269
0		1	0.01	0.364347	0.605911	0	0	4.30034
0		1	0.01	0.366563	0.613301	0	0	4.30198
0		1	0.01	0.367332	0.615764	0	0	4.27895
0		1	0.01	0.368914	0.62069	0	0	4.27442
0		1	0.01	0.367332	0.615764	0	0	4.2831
0		1	0.01	0.365809	0.610837	0	0	4.27937
0		1	0.01	0.367332	0.615764	0	0	4.28207
0		1	0.01	0.368116	0.618227	0	0	4.28857
0		1	0.01	0.368116	0.618227	0	0	4.29181
0		1	0.01	0.367332	0.615764	0	0	4.26875
0		1	0.01	0.366563	0.613301	0	0	4.28918
0		1	0.01	0.367332	0.615764	0	0	4.287
0		1	0.01	0.367332	0.615764	0	0	4.30041
0		1	0.01	0.367332	0.615764	0	0	4.28828
0		1	0.01	0.367332	0.615764	0	0	4.29702
0		1	0.01	0.367332	0.615764	0	0	4.29453
0		1	0.01	0.369727	0.623153	0	0	4.29735
0		1	0.01	0.371397	0.628079	0	0	4.29653
0		1	0.01	0.369727	0.623153	0	0	4.30171
0		1	0.01	0.370555	0.625616	0	0	4.28802
0		1	0.01	0.369727	0.623153	0	0	4.28521
0		1	0.01	0.371397	0.628079	0	0	4.28385
0		1	0.01	0.370555	0.625616	0	0	4.29416
0		1	0.01	0.370555	0.625616	0	0	4.29449
0		1	0.01	0.369727	0.623153	0	0	4.30147
0		1	0.01	0.369727	0.623153	0	0	4.30327
0		1	0.01	0.368116	0.618227	0	0	4.30635
0		1	0.01	0.368116	0.618227	0	0	4.29873
0		1	0.01	0.367332	0.615764	0	0	4.30471
0		1	0.01	0.368914	0.62069	0	0	4.29813
0		1	0.01	0.369727	0.623153	0	0	4.29166
0		1	0.01	0.370555	0.625616	0	0	4.2884
0		1	0.01	0.371397	0.628079	0	0	4.27876
0		1	0.01	0.371397	0.628079	0	0	4.2816
0		1	0.01	0.372254	0.630542	0	0	4.28092
0		1	0.01	0.372254	0.630542	0	0	4.27702
0		1	0.01	0.371397	0.628079	0	0	4.29233
0		1	0.01	0.369727	0.623153	0	0	4.28111
0		1	0.01	0.369727	0.623153	0	0	4.2854
0		1	0.01	0.368116	0.618227	0	0	4.29289
0		1	0.01	0.367332	0.615764	0	0	4.29428
0		1	0.01	0.368116	0.618227	0	0	4.31247
0		1	0.01	0.368116	0.618227	0	0	4.30314
0		1	0.01	0.367332	0.615764	0	0	4.30361
0		1	0.01	0.368116	0.618227	0	0	4.29975
0		1	0.01	0.368116	0.618227	0	0	4.27713
0		1	0.01	0.368914	0.62069	0	0	4.29408
0		1	0.01	0.367332	0.615764	0	0	4.29434
0		1	0.01	0.367332	0.615764	0	0	4.2972
0		1	0.01	0.368116	0.618227	0	0	4.29409
0		1	0.01	0.368116	0.618227	0	0	4.27399
0		1	0.01	0.368914	0.62069	0	0	4.28134
0		1	0.01	0.368116	0.618227	0	0	4.28138
0		1	0.01	0.369727	0.623153	0	0	4.27342
0		1	0.01	0.370555	0.625616	0	0	4.27115
0		1	0.01	0.369727	0.623153	0	0	4.28485
0		1	0.01	0.369727	0.623153	0	0	4.29558
0		1	0.01	0.368914	0.62069	0	0	4.28269
0		1	0.01	0.365809	0.610837	0	0	4.30265
0		1	0.01	0.369727	0.623153	0	0	4.29264
0		1	0.01	0.370555	0.625616	0	0	4.28498
0		1	0.01	0.370555	0.625616	0	0	4.28956
0		1	0.01	0.370555	0.625616	0	0	4.27541
0		1	0.01	0.369727	0.623153	0	0	4.27527
0		1	0.01	0.369727	0.623153	0	0	4.28649
0		1	0.01	0.368116	0.618227	0	0	4.28005
0		1	0.01	0.368914	0.62069	0	0	4.28955
0		1	0.01	0.367332	0.615764	0	0	4.26558
0		1	0.01	0.367332	0.615764	0	0	4.28564
0		1	0.01	0.365809	0.610837	0	0	4.30385
0		1	0.01	0.364347	0.605911	0	0	4.30505
0		1	0.01	0.365809	0.610837	0	0	4.30505
0		1	0.01	0.364347	0.605911	0	0	4.30682
0		1	0.01	0.363639	0.603448	0	0	4.30022
0		1	0.01	0.362946	0.600985	0	0	4.29617
0		1	0.01	0.362268	0.598522	0	0	4.3065
0		1	0.01	0.361606	0.596059	0	0	4.27637
0		1	0.01	0.362946	0.600985	0	0	4.28442
0		1	0.01	0.362946	0.600985	0	0	4.29581
0		1	0.01	0.363639	0.603448	0	0	4.29887
0		1	0.01	0.364347	0.605911	0	0	4.27919
0		1	0.01	0.364347	0.605911	0	0	4.28832
0		1	0.01	0.364347	0.605911	0	0	4.30288
0		1	0.01	0.362946	0.600985	0	0	4.30404
0		1	0.01	0.364347	0.605911	0	0	4.30364
0		1	0.01	0.365809	0.610837	0	0	4.30181
0		1	0.01	0.367332	0.615764	0	0	4.29732
0		1	0.01	0.368116	0.618227	0	0	4.30935
0		1	0.01	0.368116	0.618227	0	0	4.29805
0		1	0.01	0.367332	0.615764	0	0	4.30417
0		1	0.01	0.366563	0.613301	0	0	4.30725
0		1	0.01	0.365809	0.610837	0	0	4.30213
0		1	0.01	0.367332	0.615764	0	0	4.30076
0		1	0.01	0.367332	0.615764	0	0	4.2968
0		1	0.01	0.368116	0.618227	0	0	4.30001
0		1	0.01	0.367332	0.615764	0	0	4.29062
0		1	0.01	0.366563	0.613301	0	0	4.2951
0		1	0.01	0.366563	0.613301	0	0	4.29904
0		1	0.01	0.365071	0.608374	0	0	4.29347
0		1	0.01	0.363639	0.603448	0	0	4.29875
0		1	0.01	0.365071	0.608374	0	0	4.30095
0		1	0.01	0.365809	0.610837	0	0	4.29989
0		1	0.01	0.366563	0.613301	0	0	4.28788
0		1	0.01	0.366563	0.613301	0	0	4.3033
0		1	0.01	0.367332	0.615764	0	0	4.29994
0		1	0.01	0.368116	0.618227	0	0	4.29349
0		1	0.01	0.368116	0.618227	0	0	4.30748
0		1	0.01	0.369727	0.623153	0	0	4.29828
0		1	0.01	0.369727	0.623153	0	0	4.29607
0		1	0.01	0.369727	0.623153	0	0	4.30448
0		1	0.01	0.370555	0.625616	0	0	4.30616
0		1	0.01	0.369727	0.623153	0	0	4.28816
0		1	0.01	0.369727	0.623153	0	0	4.29388
0		1	0.01	0.371397	0.628079	0	0	4.29405
0		1	0.01	0.370555	0.625616	0	0	4.29214
0		1	0.01	0.368914	0.62069	0	0	4.29786
0		1	0.01	0.368116	0.618227	0	0	4.27978
0		1	0.01	0.367332	0.615764	0	0	4.28524
0		1	0.01	0.366563	0.613301	0	0	4.2839
0		1	0.01	0.365809	0.610837	0	0	4.28692
0		1	0.01	0.366563	0.613301	0	0	4.28771
0		1	0.01	0.365071	0.608374	0	0	4.27774
0		1	0.01	0.365809	0.610837	0	0	4.29585
0		1	0.01	0.367332	0.615764	0	0	4.28992
0		1	0.01	0.367332	0.615764	0	0	4.29174
0		1	0.01	0.368116	0.618227	0	0	4.28942
0		1	0.01	0.368116	0.618227	0	0	4.2893
0		1	0.01	0.366563	0.613301	0	0	4.28918
0		1	0.01	0.368116	0.618227	0	0	4.29016
0		1	0.01	0.368116	0.618227	0	0	4.2801
0		1	0.01	0.367332	0.615764	0	0	4.29528
0		1	0.01	0.366563	0.613301	0	0	4.29894
0		1	0.01	0.365809	0.610837	0	0	4.27667
0		1	0.01	0.366563	0.613301	0	0	4.29844
0		1	0.01	0.367332	0.615764	0	0	4.29495
0		1	0.01	0.365071	0.608374	0	0	4.30114
0		1	0.01	0.364347	0.605911	0	0	4.28059
0		1	0.01	0.362946	0.600985	0	0	4.28928
0		1	0.01	0.363639	0.603448	0	0	4.27293
0		1	0.01	0.365809	0.610837	0	0	4.29373
0		1	0.01	0.365809	0.610837	0	0	4.29602
0		1	0.01	0.365071	0.608374	0	0	4.29885
0		1	0.01	0.364347	0.605911	0	0	4.28745
0		1	0.01	0.363639	0.603448	0	0	4.28617
0		1	0.01	0.363639	0.603448	0	0	4.2745
0		1	0.01	0.362268	0.598522	0	0	4.28351
0		1	0.01	0.362946	0.600985	0	0	4.28739
0		1	0.01	0.362946	0.600985	0	0	4.28001
0		1	0.01	0.362946	0.600985	0	0	4.28209
0		1	0.01	0.363639	0.603448	0	0	4.2901
0		1	0.01	0.36096	0.593596	0	0	4.29169
0		1	0.01	0.36096	0.593596	0	0	4.28207
0		1	0.01	0.359714	0.58867	0	0	4.28096
0		1	0.01	0.360329	0.591133	0	0	4.29918
0		1	0.01	0.362268	0.598522	0	0	4.30414
0		1	0.01	0.363639	0.603448	0	0	4.29487
0		1	0.01	0.362268	0.598522	0	0	4.29047
0		1	0.01	0.361606	0.596059	0	0	4.28603
0		1	0.01	0.363639	0.603448	0	0	4.29585
0		1	0.01	0.364347	0.605911	0	0	4.29636
0		1	0.01	0.365809	0.610837	0	0	4.29406
0		1	0.01	0.365809	0.610837	0	0	4.29912
0		1	0.01	0.365809	0.610837	0	0	4.29714
0		1	0.01	0.367332	0.615764	0	0	4.29442
0		1	0.01	0.365071	0.608374	0	0	4.29452
0		1	0.01	0.365809	0.610837	0	0	4.30005
0		1	0.01	0.366563	0.613301	0	0	4.29136
0		1	0.01	0.368116	0.618227	0	0	4.29558
0		1	0.01	0.368116	0.618227	0	0	4.30246
0		1	0.01	0.368116	0.618227	0	0	4.30045
0		1	0.01	0.365809	0.610837	0	0	4.29512
0		1	0.01	0.363639	0.603448	0	0	4.28758
0		1	0.01	0.364347	0.605911	0	0	4.29472
0		1	0.01	0.364347	0.605911	0	0	4.26915
0		1	0.01	0.367332	0.615764	0	0	4.29624
0		1	0.01	0.366563	0.613301	0	0	4.30033
0		1	0.01	0.365809	0.610837	0	0	4.29743
0		1	0.01	0.366563	0.613301	0	0	4.30476
0		1	0.01	0.365071	0.608374	0	0	4.29986
0		1	0.01	0.366563	0.613301	0	0	4.28154
0		1	0.01	0.366563	0.613301	0	0	4.28781
0		1	0.01	0.366563	0.613301	0	0	4.29642
0		1	0.01	0.366563	0.613301	0	0	4.28706
0		1	0.01	0.365809	0.610837	0	0	4.28975
0		1	0.01	0.365071	0.608374	0	0	4.2956
0		1	0.01	0.365071	0.608374	0	0	4.30057
0		1	0.01	0.364347	0.605911	0	0	4.30785
0		1	0.01	0.364347	0.605911	0	0	4.30225
0		1	0.01	0.363639	0.603448	0	0	4.29612
0		1	0.01	0.362946	0.600985	0	0	4.27049
0		1	0.01	0.361606	0.596059	0	0	4.30147
0		1	0.01	0.361606	0.596059	0	0	4.2942
0		1	0.01	0.361606	0.596059	0	0	4.28308
0		1	0.01	0.36096	0.593596	0	0	4.28763
0		1	0.01	0.359114	0.586207	0	0	4.27981
0		1	0.01	0.361606	0.596059	0	0	4.29004
0		1	0.01	0.361606	0.596059	0	0	4.29616
0		1	0.01	0.359714	0.58867	0	0	4.29973
0		1	0.01	0.359714	0.58867	0	0	4.30161
0		1	0.01	0.359714	0.58867	0	0	4.2903
0		1	0.01	0.359714	0.58867	0	0	4.28437
0		1	0.01	0.358531	0.583744	0	0	4.28706
0		1	0.01	0.359114	0.586207	0	0	4.29072
0		1	0.01	0.359114	0.586207	0	0	4.29873
0		1	0.01	0.359114	0.586207	0	0	4.29979
0		1	0.01	0.358531	0.583744	0	0	4.28661
0		1	0.01	0.357964	0.581281	0	0	4.30173
0		1	0.01	0.357413	0.578818	0	0	4.28241
0		1	0.01	0.356878	0.576355	0	0	4.29093
0		1	0.01	0.356359	0.573892	0	0	4.29607
0		1	0.01	0.356878	0.576355	0	0	4.2928
0		1	0.01	0.356359	0.573892	0	0	4.27856
0		1	0.01	0.356359	0.573892	0	0	4.26965
0		1	0.01	0.356878	0.576355	0	0	4.26696
0		1	0.01	0.35537	0.568965	0	0	4.26773
0		1	0.01	0.3549	0.566502	0	0	4.28098
0		1	0.01	0.355856	0.571429	0	0	4.2799
0		1	0.01	0.356359	0.573892	0	0	4.29363
0		1	0.01	0.356359	0.573892	0	0	4.29701
0		1	0.01	0.3549	0.566502	0	0	4.28154
0		1	0.01	0.3549	0.566502	0	0	4.30301
0		1	0.01	0.35401	0.561576	0	0	4.30112
0		1	0.01	0.35359	0.559113	0	0	4.29865
0		1	0.01	0.35359	0.559113	0	0	4.28571
0		1	0.01	0.353187	0.55665	0	0	4.29429
0		1	0.01	0.3528	0.554187	0	0	4.29159
0		1	0.01	0.352077	0.549261	0	0	4.2962
0		1	0.01	0.352077	0.549261	0	0	4.28651
0		1	0.01	0.351741	0.546798	0	0	4.26827
0		1	0.01	0.351741	0.546798	0	0	4.29249
0		1	0.01	0.3528	0.554187	0	0	4.29075
0		1	0.01	0.35359	0.559113	0	0	4.29659
0		1	0.01	0.35401	0.561576	0	0	4.29256
0		1	0.01	0.3549	0.566502	0	0	4.29794
0		1	0.01	0.3549	0.566502	0	0	4.28209
0		1	0.01	0.35401	0.561576	0	0	4.29728
0		1	0.01	0.3528	0.554187	0	0	4.28385
0		1	0.01	0.353187	0.55665	0	0	4.29857
0		1	0.01	0.353187	0.55665	0	0	4.28485
0		1	0.01	0.3528	0.554187	0	0	4.29087
0		1	0.01	0.3528	0.554187	0	0	4.28858
0		1	0.01	0.353187	0.55665	0	0	4.28665
0		1	0.01	0.35401	0.561576	0	0	4.30688
0		1	0.01	0.353187	0.55665	0	0	4.2957
0		1	0.01	0.35359	0.559113	0	0	4.28125
0		1	0.01	0.353187	0.55665	0	0	4.27155
0		1	0.01	0.353187	0.55665	0	0	4.28629
0		1	0.01	0.3528	0.554187	0	0	4.29759
0		1	0.01	0.352077	0.549261	0	0	4.29095
0		1	0.01	0.35243	0.551724	0	0	4.28354
0		1	0.01	0.35243	0.551724	0	0	4.2878
0		1	0.01	0.35401	0.561576	0	0	4.29356
0		1	0.01	0.35359	0.559113	0	0	4.28902
0		1	0.01	0.35359	0.559113	0	0	4.29008
0		1	0.01	0.35359	0.559113	0	0	4.29149
0		1	0.01	0.35401	0.561576	0	0	4.28009
0		1	0.01	0.35401	0.561576	0	0	4.29487
0		1	0.01	0.35359	0.559113	0	0	4.29345
0		1	0.01	0.35401	0.561576	0	0	4.30326
0		1	0.01	0.354447	0.564039	0	0	4.30173
0		1	0.01	0.3549	0.566502	0	0	4.29899
0		1	0.01	0.354447	0.564039	0	0	4.29253
0		1	0.01	0.35537	0.568965	0	0	4.27945
0		1	0.01	0.3549	0.566502	0	0	4.28224
0		1	0.01	0.35537	0.568965	0	0	4.27877
0		1	0.01	0.35537	0.568965	0	0	4.2828
0		1	0.01	0.35401	0.561576	0	0	4.27914
0		1	0.01	0.35359	0.559113	0	0	4.28525
0		1	0.01	0.3528	0.554187	0	0	4.27712
0		1	0.01	0.35401	0.561576	0	0	4.2906
0		1	0.01	0.35401	0.561576	0	0	4.2969
0		1	0.01	0.35401	0.561576	0	0	4.27032
0		1	0.01	0.35359	0.559113	0	0	4.27999
0		1	0.01	0.3528	0.554187	0	0	4.28121
0		1	0.01	0.3528	0.554187	0	0	4.28607
0		1	0.01	0.35243	0.551724	0	0	4.29062
0		1	0.01	0.3528	0.554187	0	0	4.2931
0		1	0.01	0.35243	0.551724	0	0	4.30061
0		1	0.01	0.352077	0.549261	0	0	4.29232
0		1	0.01	0.351119	0.541872	0	0	4.29478
0		1	0.01	0.35243	0.551724	0	0	4.29156
0		1	0.01	0.352077	0.549261	0	0	4.28588
0		1	0.01	0.35243	0.551724	0	0	4.29479
0		1	0.01	0.35359	0.559113	0	0	4.29071
0		1	0.01	0.35359	0.559113	0	0	4.29325
0		1	0.01	0.353187	0.55665	0	0	4.2942
0		1	0.01	0.3528	0.554187	0	0	4.28213
0		1	0.01	0.3528	0.554187	0	0	4.29698
0		1	0.01	0.3528	0.554187	0	0	4.27474
0		1	0.01	0.353187	0.55665	0	0	4.29523
0		1	0.01	0.3528	0.554187	0	0	4.29817
0		1	0.01	0.351741	0.546798	0	0	4.29857
0		1	0.01	0.351422	0.544335	0	0	4.29658
0		1	0.01	0.351422	0.544335	0	0	4.29336
0		1	0.01	0.3528	0.554187	0	0	4.28177
0		1	0.01	0.3528	0.554187	0	0	4.29589
0		1	0.01	0.353187	0.55665	0	0	4.30401
0		1	0.01	0.35359	0.559113	0	0	4.28645
0		1	0.01	0.3549	0.566502	0	0	4.29071
0		1	0.01	0.35537	0.568965	0	0	4.30115
0		1	0.01	0.3549	0.566502	0	0	4.30014
0		1	0.01	0.3549	0.566502	0	0	4.30114
0		1	0.01	0.35537	0.568965	0	0	4.30204
0		1	0.01	0.3549	0.566502	0	0	4.28588
0		1	0.01	0.3549	0.566502	0	0	4.28751
0		1	0.01	0.35537	0.568965	0	0	4.3009
0		1	0.01	0.354447	0.564039	0	0	4.28627
0		1	0.01	0.354447	0.564039	0	0	4.26908
0		1	0.01	0.354447	0.564039	0	0	4.26951
0		1	0.01	0.354447	0.564039	0	0	4.27861
0		1	0.01	0.3549	0.566502	0	0	4.2681
0		1	0.01	0.354447	0.564039	0	0	4.27475
0		1	0.01	0.35537	0.568965	0	0	4.28407
0		1	0.01	0.356878	0.576355	0	0	4.29148
0		1	0.01	0.357413	0.578818	0	0	4.28649
0		1	0.01	0.359114	0.586207	0	0	4.28859
0		1	0.01	0.359114	0.586207	0	0	4.29696
0		1	0.01	0.360329	0.591133	0	0	4.30215
0		1	0.01	0.358531	0.583744	0	0	4.29194
0		1	0.01	0.359114	0.586207	0	0	4.2868
0		1	0.01	0.359114	0.586207	0	0	4.27246
0		1	0.01	0.359114	0.586207	0	0	4.28609
0		1	0.01	0.359114	0.586207	0	0	4.27927
0		1	0.01	0.358531	0.583744	0	0	4.26623
0		1	0.01	0.359114	0.586207	0	0	4.28618
0		1	0.01	0.360329	0.591133	0	0	4.28705
0		1	0.01	0.359114	0.586207	0	0	4.27715
0		1	0.01	0.36096	0.593596	0	0	4.29364
0		1	0.01	0.359114	0.586207	0	0	4.30012
0		1	0.01	0.359714	0.58867	0	0	4.27387
0		1	0.01	0.357964	0.581281	0	0	4.28564
0		1	0.01	0.356878	0.576355	0	0	4.28944
0		1	0.01	0.355856	0.571429	0	0	4.29649
0		1	0.01	0.355856	0.571429	0	0	4.2882
0		1	0.01	0.35537	0.568965	0	0	4.28653
0		1	0.01	0.356359	0.573892	0	0	4.29802
0		1	0.01	0.356878	0.576355	0	0	4.30371
0		1	0.01	0.355856	0.571429	0	0	4.30607
0		1	0.01	0.353187	0.55665	0	0	4.28504
0		1	0.01	0.352077	0.549261	0	0	4.28441
0		1	0.01	0.352077	0.549261	0	0	4.29341
0		1	0.01	0.351741	0.546798	0	0	4.28852
0		1	0.01	0.352077	0.549261	0	0	4.28738
0		1	0.01	0.352077	0.549261	0	0	4.28927
0		1	0.01	0.351741	0.546798	0	0	4.28635
0		1	0.01	0.351422	0.544335	0	0	4.29626
0		1	0.01	0.350315	0.534483	0	0	4.29969
0		1	0.01	0.349864	0.529557	0	0	4.30242
0		1	0.01	0.349665	0.527094	0	0	4.30339
0		1	0.01	0.349483	0.524631	0	0	4.29912
0		1	0.01	0.350081	0.53202	0	0	4.30068
0		1	0.01	0.349864	0.529557	0	0	4.30322
0		1	0.01	0.349864	0.529557	0	0	4.29716
0		1	0.01	0.349864	0.529557	0	0	4.29788
0		1	0.01	0.349864	0.529557	0	0	4.2859
0		1	0.01	0.349483	0.524631	0	0	4.27725
0		1	0.01	0.349483	0.524631	0	0	4.28619
0		1	0.01	0.34917	0.519704	0	0	4.29202
0		1	0.01	0.34917	0.519704	0	0	4.30057
0		1	0.01	0.349483	0.524631	0	0	4.29443
0		1	0.01	0.34904	0.517241	0	0	4.29323
0		1	0.01	0.348927	0.514778	0	0	4.30444
0		1	0.01	0.348831	0.512315	0	0	4.29847
0		1	0.01	0.348927	0.514778	0	0	4.2802
0		1	0.01	0.348927	0.514778	0	0	4.29262
0		1	0.01	0.34917	0.519704	0	0	4.30016
0		1	0.01	0.349483	0.524631	0	0	4.28677
0		1	0.01	0.349318	0.522168	0	0	4.2755
0		1	0.01	0.349318	0.522168	0	0	4.28501
0		1	0.01	0.348927	0.514778	0	0	4.28087
0		1	0.01	0.348753	0.509852	0	0	4.28326
0		1	0.01	0.348622	0.502463	0	0	4.27016
0		1	0.01	0.348649	0.504926	0	0	4.267
0		1	0.01	0.348649	0.504926	0	0	4.27327
0		1	0.01	0.348649	0.504926	0	0	4.27324
0		1	0.01	0.348622	0.502463	0	0	4.26974
0		1	0.01	0.348622	0.502463	0	0	4.28125
0		1	0.01	0.348614	0.5	0	0	4.28901
0		1	0.01	0.348614	0.5	0	0	4.29509
0		1	0.01	0.348614	0.5	0	0	4.28268
0		1	0.01	0.348614	0.5	0	0	4.28571
0		1	0.01	0.348622	0.502463	0	0	4.26973
0		1	0.01	0.348649	0.504926	0	0	4.28094
0		1	0.01	0.348753	0.509852	0	0	4.26395
0		1	0.01	0.348831	0.512315	0	0	4.29473
0		1	0.01	0.34904	0.517241	0	0	4.29424
0		1	0.01	0.349318	0.522168	0	0	4.29776
0		1	0.01	0.34904	0.517241	0	0	4.30462
0		1	0.01	0.34917	0.519704	0	0	4.30645
0		1	0.01	0.34917	0.519704	0	0	4.30045
0		1	0.01	0.34904	0.517241	0	0	4.28866
0		1	0.01	0.34917	0.519704	0	0	4.30175
0		1	0.01	0.349665	0.527094	0	0	4.28867
0		1	0.01	0.34917	0.519704	0	0	4.28127
0		1	0.01	0.349665	0.527094	0	0	4.29645
0		1	0.01	0.349864	0.529557	0	0	4.29358
0		1	0.01	0.349318	0.522168	0	0	4.27602
0		1	0.01	0.349864	0.529557	0	0	4.26759
0		1	0.01	0.349483	0.524631	0	0	4.28687
0		1	0.01	0.34917	0.519704	0	0	4.2987
0		1	0.01	0.34904	0.517241	0	0	4.29525
0		1	0.01	0.34904	0.517241	0	0	4.30562
0		1	0.01	0.348927	0.514778	0	0	4.30111
0		1	0.01	0.348831	0.512315	0	0	4.2897
0		1	0.01	0.348831	0.512315	0	0	4.28861
0		1	0.01	0.348753	0.509852	0	0	4.29295
0		1	0.01	0.348692	0.507389	0	0	4.29559
0		1	0.01	0.348753	0.509852	0	0	4.27688
0		1	0.01	0.348753	0.509852	0	0	4.29809
0		1	0.01	0.348753	0.509852	0	0	4.29797
0		1	0.01	0.348753	0.509852	0	0	4.29455
0		1	0.01	0.348831	0.512315	0	0	4.30276
0		1	0.01	0.34917	0.519704	0	0	4.29731
0		1	0.01	0.34904	0.517241	0	0	4.28751
0		1	0.01	0.348927	0.514778	0	0	4.29105
0		1	0.01	0.348927	0.514778	0	0	4.29261
0		1	0.01	0.348753	0.509852	0	0	4.28032
0		1	0.01	0.348753	0.509852	0	0	4.27281
0		1	0.01	0.348753	0.509852	0	0	4.27643
0		1	0.01	0.348622	0.502463	0	0	4.28528
0		1	0.01	0.348692	0.507389	0	0	4.28251
0		1	0.01	0.348614	0.5	0	0	4.26188
0		1	0.01	0.348622	0.502463	0	0	4.27955
0		1	0.01	0.348614	0.5	0	0	4.29708
0		1	0.01	0.348692	0.507389	0	0	4.29774
0		1	0.01	0.348622	0.502463	0	0	4.29668
0		1	0.01	0.348649	0.504926	0	0	4.2898
