0		1	1	0.348927	0.485222	0	0	4.27554
0		1	1	0.141432	0.5	0.02	0.47907	4.26354
0		1	1	0.348753	0.490148	0	0	4.25609
0		1	1	0.348753	0.490148	0	0	4.28078
0		1	1	0.349318	0.477833	0	0	4.27628
0		1	1	0.348649	0.495074	0	0	4.27972
0		1	1	0.0293052	0.514778	0.04	0.327907	4.23761
0		1	1	0.354447	0.435961	0	0	4.2362
0		1	1	0.0930776	0.465517	0.04	0.259302	4.22032
0		1	1	0.137681	0.465517	0.04	0.211628	4.24162
0		1	1	0.0942086	0.455665	0.02	0.416279	4.23385
0		1	1	0.35359	0.440887	0	0	4.25807
0		1	1	0.357964	0.418719	0	0	4.24097
0		1	1	0.365809	0.389163	0	0	4.25536
0		1	1	0.358178	0.406404	0.02	0	4.24134
0		1	1	0.36096	0.406404	0	0	4.27105
0		1	1	0.357964	0.418719	0	0	4.27726
0		1	1	0.349225	0.450739	0.02	0	4.25662
0		1	1	0.351119	0.458128	0	0	4.27861
0		1	1	0.10724	0.492611	0.02	0.244186	4.27124
0		1	1	0.154837	0.524631	0.04	0.19186	4.26154
0		1	1	0.08852	0.583744	0.06	0.314728	4.23903
0		1	1	0.0616981	0.561576	0.06	0.347286	4.25581
0		1	1	0.0702878	0.566502	0.04	0.332558	4.25307
0		1	1	0.123775	0.605911	0.04	0.282558	4.20731
0		1	1	0.141461	0.623153	0.04	0.276744	4.18875
0		1	1	0.0879341	0.576355	0.04	0.304651	4.23833
0		1	1	0.0866233	0.559113	0.04	0.403488	4.26987
0		1	1	0.117671	0.598522	0.06	0.27907	4.26275
0		1	1	0.112427	0.571429	0.06	0.430233	4.27276
0		1	1	0.127241	0.534483	0.06	0.465891	4.26851
0		1	1	0.0481552	0.482759	0.06	0.298449	4.27068
0		1	1	0.125683	0.455665	0.04	0.459302	4.26084
0		1	1	0.0306313	0.504926	0.06	0.313179	4.21511
0		1	1	0.0783631	0.568965	0.06	0.306202	4.11604
0		1	1	0.128524	0.62069	0.06	0.299226	4.0286
0		1	1	0.15595	0.64532	0.06	0.286821	3.98429
0		1	1	0.124097	0.610837	0.06	0.287598	4.04112
0		1	1	0.106464	0.591133	0.06	0.288372	4.07732
0		1	1	0.0792032	0.559113	0.06	0.290698	4.13182
0		1	1	0.0915177	0.509852	0.04	0.254651	4.20797
0		1	1	0.0725059	0.509852	0.04	0.274419	4.20134
0		1	1	0.0655968	0.529557	0.04	0.288372	4.1751
0		1	1	0.2626	0.559113	0.02	0.0906977	4.1211
0		1	1	0.273623	0.576355	0.02	0.0837209	4.09792
0		1	1	0.197129	0.534483	0.02	0.153488	4.17886
0		1	1	0.0708739	0.544335	0.04	0.29186	4.20945
0		1	1	0.116444	0.568965	0.08	0.251744	4.21992
0		1	1	0.152231	0.642857	0.08	0.294767	4.1674
0		1	1	0.174043	0.667488	0.1	0.31814	4.16427
0		1	1	0.160749	0.655172	0.1	0.330698	4.15835
0		1	1	0.154017	0.652709	0.08	0.342442	4.15955
0		1	1	0.122031	0.618227	0.06	0.373644	4.18735
0		1	1	0.153313	0.647783	0.1	0.335349	4.18455
0		1	1	0.149619	0.64532	0.08	0.313953	4.21055
0		1	1	0.161007	0.657635	0.08	0.317442	4.22489
0		1	1	0.193158	0.692118	0.08	0.344186	4.22418
0		1	1	0.239646	0.731527	0.08	0.284884	4.19995
0		1	1	0.268184	0.761084	0.08	0.285465	4.16512
0		1	1	0.176183	0.655172	0.04	0.424419	4.23111
0		1	1	0.202546	0.630542	0.02	0.493023	4.24684
0		1	1	0.165412	0.652709	0.06	0.279844	4.2547
0		1	1	0.143253	0.593596	0.04	0.45	4.23869
0		1	1	0.146182	0.581281	0.02	0.45814	4.24291
0		1	1	0.205822	0.564039	0.02	0.534884	4.2457
0		1	1	0.135547	0.603448	0.04	0.25814	4.2496
0		1	1	0.120563	0.591133	0.04	0.419767	4.25983
0		1	1	0.0755689	0.564039	0.02	0.346512	4.25379
0		1	1	0.0545399	0.536946	0.02	0.346512	4.24723
0		1	1	0.354604	0.578818	0.02	0	4.26244
0		1	1	0.357413	0.578818	0	0	4.27246
0		1	1	0.351422	0.544335	0	0	4.28641
0		1	1	0.352077	0.549261	0	0	4.28567
0		1	1	0.349318	0.522168	0	0	4.28922
0		1	1	0.34661	0.524631	0.02	0	4.27964
0		1	1	0.294515	0.549261	0.02	0.055814	4.26954
0		1	1	0.334112	0.615764	0.02	0.0325581	4.19346
0		1	1	0.344431	0.669951	0.02	0.0465116	4.12159
0		1	1	0.322526	0.640394	0.02	0.055814	4.16302
0		1	1	0.323406	0.711823	0.02	0.102326	4.07791
0		1	1	0.299725	0.704434	0.02	0.127907	4.10199
0		1	1	0.189868	0.633005	0.02	0.213953	4.19616
0		1	1	0.149485	0.628079	0.02	0.409302	4.24722
0		1	1	0.169215	0.628079	0.02	0.446512	4.21988
0		1	1	0.204055	0.637931	0.02	0.488372	4.20488
0		1	1	0.202776	0.637931	0.04	0.490698	4.2609
0		1	1	0.163672	0.655172	0.04	0.295349	4.24297
0		1	1	0.204952	0.697044	0.04	0.290698	4.18148
0		1	1	0.219325	0.714286	0.04	0.301163	4.15189
0		1	1	0.19294	0.687192	0.04	0.301163	4.17273
0		1	1	0.225396	0.633005	0.02	0.52093	4.18967
0		1	1	0.264822	0.623153	0.02	0.574419	4.19999
0		1	1	0.168206	0.665025	0.06	0.37597	4.12084
0		1	1	0.188994	0.687192	0.04	0.326744	4.09256
0		1	1	0.183637	0.682266	0.04	0.353488	4.09522
0		1	1	0.188701	0.652709	0.06	0.454263	4.11606
0		1	1	0.210173	0.682266	0.06	0.448063	4.12235
0		1	1	0.247061	0.687192	0.06	0.504651	4.13855
0		1	1	0.174115	0.64532	0.04	0.437209	4.20956
0		1	1	0.19318	0.635468	0.02	0.211628	4.22677
0		1	1	0.163721	0.652709	0.02	0.3	4.22571
0		1	1	0.375994	0.647783	0.02	0	4.26059
0		1	1	0.382597	0.657635	0	0	4.27314
0		1	1	0.388563	0.67734	0.02	0	4.25073
0		1	1	0.152577	0.642857	0.02	0.37907	4.28294
0		1	1	0.249927	0.628079	0.02	0.132558	4.27114
0		1	1	0.366563	0.613301	0	0	4.28274
0		1	1	0.256907	0.660098	0.02	0.146512	4.26541
0		1	1	0.159516	0.650246	0.02	0.37907	4.26908
0		1	1	0.373124	0.633005	0	0	4.25729
0		1	1	0.256014	0.652709	0.02	0.14186	4.2394
0		1	1	0.244631	0.635468	0.04	0.140698	4.2509
0		1	1	0.354447	0.564039	0	0	4.26958
0		1	1	0.336486	0.657635	0.02	0.0488372	4.25949
0		1	1	0.335327	0.716749	0.02	0.0906977	4.21633
0		1	1	0.221227	0.674877	0.02	0.213953	4.2617
0		1	1	0.259701	0.682266	0.02	0.162791	4.24573
0		1	1	0.170723	0.657635	0.02	0.395349	4.27031
0		1	1	0.299379	0.682266	0.02	0.109302	4.26174
0		1	1	0.187877	0.662562	0.02	0.25814	4.27601
0		1	1	0.382597	0.657635	0	0	4.28453
0		1	1	0.400404	0.70197	0.02	0	4.27448
0		1	1	0.228542	0.724138	0.04	0.303488	4.2675
0		1	1	0.264909	0.741379	0.02	0.24186	4.2618
0		1	1	0.222423	0.716749	0.04	0.297674	4.24898
0		1	1	0.413124	0.721675	0	0	4.25682
0		1	1	0.218827	0.716749	0.04	0.32093	4.25422
0		1	1	0.277271	0.726601	0.04	0.184884	4.24363
0		1	1	0.21853	0.716749	0.04	0.362791	4.25934
0		1	1	0.405579	0.812808	0.02	0.0883721	4.19289
0		1	1	0.371124	0.783251	0.02	0.106977	4.22076
0		1	1	0.290812	0.785714	0.04	0.293023	4.217
0		1	1	0.291224	0.785714	0.04	0.290698	4.20894
0		1	1	0.301188	0.800493	0.04	0.347674	4.21367
0		1	1	0.332637	0.805419	0.06	0.211628	4.20859
0		1	1	0.329406	0.807882	0.02	0.453488	4.24116
0		1	1	0.380203	0.87931	0.04	0.326744	4.19296
0		1	1	0.47028	0.953202	0.06	0.21783	4.12738
0		1	1	0.36661	0.859606	0.06	0.272093	4.22079
0		1	1	0.361912	0.857143	0.08	0.288372	4.2299
0		1	1	0.323651	0.82266	0.08	0.327907	4.25067
0		1	1	0.301204	0.79803	0.04	0.304651	4.26216
0		1	1	0.234456	0.726601	0.02	0.388372	4.27219
0		1	1	0.277238	0.763547	0.06	0.257365	4.28021
0		1	1	0.316603	0.807882	0.02	0.281395	4.28441
0		1	1	0.345188	0.839902	0.02	0.388372	4.29608
0		1	1	0.474743	0.906404	0.04	0.0988372	4.28964
0		1	1	0.584784	0.972906	0.04	0	4.25097
0		1	1	0.461869	0.901478	0.02	0.118605	4.28378
0		1	1	0.479671	0.970443	0.04	0.434884	4.28013
0		1	1	0.455552	0.948276	0.02	0.413953	4.28535
0		1	1	0.499215	0.997537	0.02	0.334884	4.25788
0		1	1	0.5502	1.03695	0.02	0.230233	4.22951
0		1	1	0.554733	1.05419	0.04	0.32907	4.20994
0		1	1	0.62278	1.12069	0.04	0.296512	4.14531
0		1	1	0.584324	1.08374	0.04	0.326744	4.18359
0		1	1	0.537346	1.03695	0.04	0.348837	4.22474
0		1	1	0.58134	1.07635	0.06	0.267442	4.22557
0		1	1	0.62631	1.12069	0.06	0.259691	4.19358
0		1	1	0.619063	1.11823	0.04	0.368605	4.21605
0		1	1	0.604626	1.09852	0.04	0.426744	4.24365
0		1	1	0.632301	1.12808	0.04	0.273256	4.23284
0		1	1	0.566788	1.06158	0.04	0.417442	4.25874
0		1	1	0.597093	1.09606	0.08	0.314535	4.26935
0		1	1	0.631819	1.13054	0.1	0.34	4.24666
0		1	1	0.611326	1.10591	0.08	0.422093	4.27003
0		1	1	0.553918	1.0468	0.08	0.429651	4.27887
0		1	1	0.542547	1.04187	0.04	0.361628	4.28706
0		1	1	0.564053	1.06404	0.06	0.339535	4.2758
0		1	1	0.606266	1.10591	0.08	0.348837	4.26188
0		1	1	0.633611	1.13054	0.1	0.391163	4.25832
0		1	1	0.6253	1.12315	0.1	0.376279	4.26585
0		1	1	0.653212	1.15025	0.1	0.295814	4.2481
0		1	1	0.713311	1.20936	0.1	0.28	4.20852
0		1	1	0.6812	1.1798	0.1	0.326047	4.22751
0		1	1	0.688106	1.18719	0.08	0.372674	4.22761
0		1	1	0.623084	1.12069	0.08	0.394186	4.24337
0		1	1	0.643909	1.14039	0.08	0.407558	4.24059
0		1	1	0.648546	1.14532	0.08	0.281977	4.23978
0		1	1	0.651087	1.15025	0.08	0.369767	4.23969
0		1	1	0.606522	1.09852	0.04	0.439535	4.26446
0		1	1	0.715713	1.21429	0.08	0.302907	4.21151
0		1	1	0.715883	1.21429	0.08	0.3	4.20877
0		1	1	0.800215	1.29803	0.08	0.287791	4.14881
0		1	1	0.79405	1.29064	0.08	0.272674	4.16022
0		1	1	0.841221	1.33744	0.08	0.266279	4.11055
0		1	1	0.873417	1.36946	0.08	0.262791	4.07654
0		1	1	0.790166	1.28818	0.1	0.304186	4.15825
0		1	1	0.791908	1.29064	0.1	0.323256	4.1734
0		1	1	0.835251	1.33498	0.08	0.351163	4.18871
0		1	1	0.855068	1.35222	0.06	0.413179	4.18303
0		1	1	0.902316	1.40148	0.04	0.376744	4.14538
0		1	1	0.936727	1.43596	0.04	0.375581	4.11714
0		1	1	0.939991	1.43842	0.06	0.289147	4.11683
0		1	1	0.913283	1.41133	0.06	0.4031	4.14167
0		1	1	0.952862	1.45074	0.06	0.279844	4.09282
0		1	1	0.907384	1.39901	0.08	0.222093	4.13626
0		1	1	0.929499	1.41133	0.04	0.161628	4.12663
0		1	1	0.86987	1.35714	0.04	0.196512	4.14591
0		1	1	0.829805	1.31281	0.04	0.509302	4.15964
0		1	1	0.827572	1.30542	0.04	0.532558	4.20804
0		1	1	0.79	1.25369	0.02	0.576744	4.23449
0		1	1	0.773848	1.2734	0.06	0.369767	4.1972
0		1	1	0.792202	1.28325	0.08	0.460465	4.23166
0		1	1	0.830258	1.33005	0.06	0.324807	4.22179
0		1	1	0.857502	1.35714	0.06	0.318605	4.19346
0		1	1	0.806524	1.30049	0.06	0.24496	4.24282
0		1	1	0.819672	1.2931	0.02	0.546512	4.2444
0		1	1	0.83178	1.32512	0.04	0.446512	4.25185
0		1	1	0.854781	1.35468	0.06	0.356588	4.22856
0		1	1	0.862404	1.36207	0.06	0.367442	4.23431
0		1	1	0.849445	1.34729	0.06	0.403877	4.2339
0		1	1	0.854512	1.34729	0.06	0.232558	4.25833
0		1	1	0.851243	1.34729	0.04	0.263953	4.26339
0		1	1	0.898194	1.39163	0.02	0.444186	4.26454
0		1	1	0.925022	1.42118	0.04	0.261628	4.26975
0		1	1	1.01599	1.50985	0.04	0.233721	4.23091
0		1	1	1.00199	1.49754	0.04	0.251163	4.24107
0		1	1	1.07898	1.57389	0.04	0.240698	4.20331
0		1	1	1.03452	1.52956	0.04	0.244186	4.22664
0		1	1	1.12791	1.62315	0.04	0.24186	4.16637
0		1	1	1.1229	1.61823	0.04	0.243023	4.17213
0		1	1	1.0859	1.58128	0.04	0.245349	4.19825
0		1	1	1.13036	1.62808	0.04	0.274419	4.17618
0		1	1	1.15912	1.65764	0.04	0.288372	4.16007
0		1	1	1.08981	1.58867	0.04	0.297674	4.20491
0		1	1	1.10473	1.60345	0.04	0.294186	4.19344
0		1	1	1.09907	1.59852	0.04	0.315116	4.20577
0		1	1	1.05493	1.55419	0.06	0.303877	4.24324
0		1	1	1.03	1.52956	0.04	0.32093	4.25757
0		1	1	1.10098	1.59606	0.12	0.258528	4.26065
0		1	1	1.06205	1.56158	0.08	0.368023	4.26952
0		1	1	1.0953	1.5936	0.08	0.401163	4.2511
0		1	1	1.1529	1.65271	0.06	0.322481	4.23293
0		1	1	1.18736	1.68719	0.06	0.323256	4.22369
0		1	1	1.18002	1.6798	0.08	0.353488	4.23076
0		1	1	1.16114	1.6601	0.08	0.388372	4.25262
0		1	1	1.17106	1.66749	0.08	0.432558	4.25315
0		1	1	1.17252	1.66749	0.06	0.451937	4.24513
0		1	1	1.22233	1.72167	0.1	0.345581	4.25523
0		1	1	1.20037	1.69704	0.08	0.256395	4.25935
0		1	1	1.20612	1.70197	0.06	0.243412	4.25496
0		1	1	1.22454	1.72167	0.06	0.259691	4.2656
0		1	1	1.23815	1.73153	0.06	0.215504	4.25431
0		1	1	1.33531	1.83498	0.04	0.32093	4.22049
0		1	1	1.31782	1.81527	0.04	0.263953	4.23657
0		1	1	1.35122	1.84975	0.04	0.283721	4.24549
0		1	1	1.41456	1.91133	0.04	0.25	4.21987
0		1	1	1.4614	1.95813	0.04	0.247674	4.19268
0		1	1	1.52117	2.01724	0.04	0.236047	4.15856
0		1	1	1.49596	1.99261	0.04	0.245349	4.17311
0		1	1	1.51246	2.00246	0.06	0.169767	4.17046
0		1	1	1.53575	2.02709	0.06	0.18062	4.15724
0		1	1	1.58917	2.08128	0.06	0.185271	4.13764
0		1	1	1.64363	2.13547	0.06	0.179845	4.10385
0		1	1	1.67259	2.16502	0.06	0.184496	4.09505
0		1	1	1.56229	2.06158	0.02	0.318605	4.19753
0		1	1	1.47477	1.97291	0.04	0.272093	4.22909
0		1	1	1.38686	1.87438	0.04	0.527907	4.25291
0		1	1	1.47875	1.97783	0.04	0.295349	4.26346
0		1	1	1.36591	1.86453	0.06	0.404651	4.27974
0		1	1	1.36483	1.86207	0.04	0.427907	4.28414
0		1	1	1.30964	1.80542	0.04	0.446512	4.29112
0		1	1	1.34165	1.79557	0	0	4.293
0		1	1	1.31138	1.81034	0.04	0.295349	4.29171
0		1	1	1.35727	1.85714	0.06	0.324807	4.2831
0		1	1	1.40409	1.90394	0.04	0.348837	4.2766
0		1	1	1.37721	1.867	0.06	0.510853	4.28627
0		1	1	1.36157	1.85961	0.02	0.404651	4.26857
0		1	1	1.34005	1.83498	0.04	0.45814	4.2901
0		1	1	1.44843	1.94828	0.04	0.35	4.25313
0		1	1	1.54738	2.0468	0.04	0.305814	4.19975
0		1	1	1.51766	2.01724	0.04	0.313953	4.21466
0		1	1	1.58463	2.08374	0.04	0.294186	4.17368
0		1	1	1.6859	2.18473	0.04	0.283721	4.11085
0		1	1	1.66221	2.1601	0.06	0.259691	4.12915
0		1	1	1.70422	2.20197	0.06	0.255814	4.10388
0		1	1	1.64241	2.14039	0.06	0.262016	4.14408
0		1	1	1.64614	2.14532	0.04	0.295349	4.14013
0		1	1	1.60902	2.10837	0.04	0.302326	4.16017
0		1	1	1.5767	2.07635	0.04	0.317442	4.1818
0		1	1	1.64901	2.14778	0.06	0.279844	4.1392
0		1	1	1.71152	2.20936	0.06	0.257365	4.10086
0		1	1	1.69688	2.19458	0.06	0.25504	4.10574
0		1	1	1.68225	2.1798	0.06	0.252714	4.11973
0		1	1	1.80318	2.30049	0.06	0.24496	4.03883
0		1	1	1.83032	2.32759	0.06	0.243412	4.0203
0		1	1	1.82536	2.32266	0.06	0.244186	4.02397
0		1	1	1.65214	2.15025	0.06	0.264342	4.1399
0		1	1	1.53034	2.02956	0.06	0.294574	4.21602
0		1	1	1.57697	2.07143	0.04	0.212791	4.19727
0		1	1	1.47618	1.97291	0.04	0.439535	4.25817
0		1	1	1.47935	1.97537	0.04	0.45	4.24788
0		1	1	1.52919	2.02709	0.04	0.42093	4.22935
0		1	1	1.56778	2.0665	0.04	0.403488	4.20795
0		1	1	1.54798	2.04433	0.04	0.447674	4.22502
0		1	1	1.52849	2.0197	0.04	0.505814	4.24402
0		1	1	1.48675	1.97291	0.02	0.54186	4.25847
0		1	1	1.51603	2.00739	0.02	0.5	4.2457
0		1	1	1.541	2.03202	0.02	0.504651	4.24479
0		1	1	1.47965	1.96059	0.02	0.576744	4.26815
0		1	1	1.45877	1.94335	0.02	0.551163	4.26104
0		1	1	1.50558	2.00246	0.1	0.431628	4.24459
0		1	1	1.55874	2.05665	0.1	0.413488	4.21151
0		1	1	1.69585	2.19458	0.1	0.395349	4.12857
0		1	1	1.64594	2.14532	0.08	0.383721	4.15814
0		1	1	1.5338	2.03202	0.08	0.414535	4.21471
0		1	1	1.47393	1.97291	0.06	0.398449	4.24911
0		1	1	1.43374	1.92857	0.08	0.463372	4.25554
0		1	1	1.42821	1.91872	0.06	0.507751	4.26018
0		1	1	1.37742	1.87438	0.04	0.432558	4.26784
0		1	1	1.26371	1.76355	0.04	0.340698	4.27651
0		1	1	1.31313	1.76601	0	0	4.27844
0		1	1	1.31937	1.81527	0.06	0.239535	4.28761
0		1	1	1.36393	1.85961	0.06	0.234884	4.27863
0		1	1	1.3934	1.88916	0.06	0.234884	4.27277
0		1	1	1.40012	1.89409	0.04	0.215116	4.27093
0		1	1	1.33153	1.82759	0.04	0.243023	4.28594
0		1	1	1.31215	1.81034	0.04	0.409302	4.29328
0		1	1	1.31104	1.81034	0.08	0.305814	4.29408
0		1	1	1.30086	1.80049	0.06	0.312402	4.2885
0		1	1	1.3122	1.81034	0.06	0.273644	4.30051
0		1	1	1.31035	1.81034	0.06	0.33876	4.30144
0		1	1	1.28391	1.78325	0.06	0.384495	4.3025
0		1	1	1.32064	1.81773	0.06	0.431007	4.29453
0		1	1	1.29079	1.79064	0.06	0.362791	4.29056
0		1	1	1.24288	1.73892	0.06	0.442635	4.28577
0		1	1	1.23726	1.73645	0.04	0.303488	4.28559
0		1	1	1.20953	1.7069	0.06	0.263565	4.28224
0		1	1	1.24572	1.74138	0.04	0.445349	4.28095
0		1	1	1.33213	1.83005	0.06	0.268993	4.24758
0		1	1	1.29709	1.79557	0.06	0.280621	4.26346
0		1	1	1.32863	1.82759	0.06	0.290698	4.25208
0		1	1	1.41493	1.91379	0.06	0.286821	4.21259
0		1	1	1.36561	1.86453	0.06	0.289147	4.23916
0		1	1	1.33602	1.83498	0.06	0.290698	4.24958
0		1	1	1.41464	1.91379	0.06	0.294574	4.21798
0		1	1	1.4171	1.91626	0.06	0.294574	4.21532
0		1	1	1.46078	1.96059	0.06	0.320156	4.18928
0		1	1	1.44837	1.94828	0.06	0.327133	4.19885
0		1	1	1.35484	1.85468	0.06	0.322481	4.25037
0		1	1	1.40894	1.90887	0.06	0.328681	4.23085
0		1	1	1.37519	1.87438	0.04	0.386047	4.24539
0		1	1	1.3861	1.88424	0.08	0.274419	4.23821
0		1	1	1.41954	1.91872	0.08	0.299419	4.23176
0		1	1	1.4214	1.92118	0.06	0.318605	4.23804
0		1	1	1.41512	1.91379	0.08	0.285465	4.25224
0		1	1	1.39009	1.88916	0.08	0.390116	4.2771
0		1	1	1.33164	1.83005	0.06	0.408528	4.28659
0		1	1	1.34559	1.84236	0.08	0.434302	4.28505
0		1	1	1.30205	1.80049	0.06	0.406977	4.28235
0		1	1	1.31055	1.81034	0.06	0.366667	4.29052
0		1	1	1.32738	1.82266	0.08	0.453488	4.28471
0		1	1	1.36348	1.85961	0.08	0.444186	4.28771
0		1	1	1.37553	1.86946	0.04	0.47093	4.28495
0		1	1	1.40029	1.89901	0.06	0.4031	4.27273
0		1	1	1.34577	1.84483	0.08	0.389535	4.27622
0		1	1	1.28429	1.78079	0.04	0.436047	4.28701
0		1	1	1.35172	1.84975	0.06	0.270542	4.28621
0		1	1	1.41452	1.91379	0.1	0.32186	4.28305
0		1	1	1.38177	1.86946	0.04	0.160465	4.29459
0		1	1	1.29925	1.79557	0.02	0.432558	4.29986
0		1	1	1.35498	1.84483	0.04	0.17907	4.28605
0		1	1	1.2945	1.79064	0.02	0.434884	4.29235
0		1	1	1.27992	1.73153	0	0	4.29413
0		1	1	1.25282	1.74631	0.04	0.217442	4.29259
0		1	1	1.21987	1.71921	0.02	0.344186	4.29159
0		1	1	1.21683	1.7069	0.04	0.189535	4.28201
0		1	1	1.16551	1.65517	0.02	0.493023	4.27824
0		1	1	1.2055	1.69704	0.04	0.202326	4.29137
0		1	1	1.23924	1.73645	0.04	0.262791	4.29402
0		1	1	1.23259	1.68227	0	0	4.30542
0		1	1	1.22962	1.69704	0.02	0.0651163	4.30005
0		1	1	1.28933	1.75123	0.02	0.0348837	4.28381
0		1	1	1.31435	1.77586	0.02	0.0302326	4.27345
0		1	1	1.20544	1.68227	0.02	0.111628	4.29785
0		1	1	1.17555	1.65271	0.02	0.116279	4.29804
0		1	1	1.25915	1.73645	0.06	0.105426	4.28996
0		1	1	1.28328	1.7734	0.06	0.184496	4.28747
0		1	1	1.2651	1.76108	0.06	0.444186	4.29583
0		1	1	1.19095	1.67241	0.02	0.548837	4.29521
0		1	1	1.2547	1.75123	0.04	0.252326	4.28809
0		1	1	1.29052	1.78325	0.04	0.20814	4.28378
0		1	1	1.23959	1.73892	0.04	0.37907	4.2885
0		1	1	1.31387	1.80296	0.04	0.175581	4.27127
0		1	1	1.28378	1.78079	0.04	0.25814	4.27235
0		1	1	1.27928	1.7734	0.06	0.22093	4.27158
0		1	1	1.20729	1.70197	0.06	0.230233	4.29003
0		1	1	1.14875	1.64778	0.02	0.318605	4.29353
0		1	1	1.12826	1.62808	0.04	0.34186	4.28083
0		1	1	1.06641	1.56404	0.04	0.411628	4.27526
0		1	1	1.07513	1.56897	0.02	0.451163	4.27715
0		1	1	1.07522	1.54434	0.02	0.0906977	4.2755
0		1	1	1.11427	1.57882	0.02	0.0674419	4.27593
0		1	1	1.08912	1.58867	0.04	0.367442	4.27668
0		1	1	1.13371	1.633	0.04	0.377907	4.27141
0		1	1	1.13117	1.63054	0.04	0.311628	4.27376
0		1	1	1.14609	1.64039	0.04	0.455814	4.27729
0		1	1	1.2367	1.73645	0.04	0.32907	4.24956
0		1	1	1.20887	1.7069	0.06	0.412402	4.2653
0		1	1	1.22467	1.72414	0.08	0.313372	4.25906
0		1	1	1.3378	1.83744	0.08	0.319767	4.19922
0		1	1	1.34006	1.8399	0.08	0.339535	4.1995
0		1	1	1.24155	1.74138	0.08	0.339535	4.25285
0		1	1	1.20073	1.69951	0.08	0.293023	4.25679
0		1	1	1.11731	1.61576	0.1	0.300465	4.25768
0		1	1	1.10152	1.59852	0.04	0.422093	4.28579
0		1	1	1.03153	1.52956	0.02	0.393023	4.28869
0		1	1	1.03999	1.52709	0.04	0.181395	4.28981
0		1	1	1.12623	1.6133	0.04	0.174419	4.26033
0		1	1	1.04462	1.54434	0.04	0.32907	4.2808
0		1	1	1.0573	1.55419	0.02	0.413953	4.2829
0		1	1	1.12341	1.61823	0.06	0.235658	4.27884
0		1	1	1.15759	1.64286	0.12	0.16938	4.28019
0		1	1	1.08952	1.58867	0.04	0.381395	4.2889
0		1	1	1.18072	1.62808	0	0	4.28558
0		1	1	1.1856	1.6798	0.02	0.453488	4.28375
0		1	1	1.1884	1.68719	0.02	0.37907	4.28511
0		1	1	1.24787	1.74631	0.02	0.295349	4.28093
0		1	1	1.18988	1.68473	0.02	0.446512	4.28869
0		1	1	1.21467	1.71182	0.04	0.262791	4.28969
0		1	1	1.24915	1.74631	0.04	0.261628	4.28725
0		1	1	1.21461	1.71182	0.06	0.26124	4.29159
0		1	1	1.22523	1.72167	0.04	0.252326	4.28215
0		1	1	1.26183	1.75862	0.06	0.253488	4.29256
0		1	1	1.2539	1.75369	0.08	0.332558	4.29312
0		1	1	1.19985	1.69704	0.08	0.263953	4.29091
0		1	1	1.13741	1.633	0.06	0.243412	4.30003
0		1	1	1.08565	1.58374	0.02	0.293023	4.30681
0		1	1	1.11405	1.6133	0.02	0.334884	4.30256
0		1	1	1.1455	1.64532	0.04	0.347674	4.29974
0		1	1	1.20259	1.68719	0.02	0.155814	4.28675
0		1	1	1.13901	1.63793	0.06	0.293798	4.29451
0		1	1	1.19517	1.69458	0.08	0.311628	4.30225
0		1	1	1.16191	1.60837	0	0	4.30752
0		1	1	1.12817	1.57389	0.02	0	4.30775
0		1	1	1.02884	1.46798	0	0	4.30716
0		1	1	1.03162	1.5197	0.04	0.188372	4.30342
0		1	1	1.0474	1.48768	0	0	4.3077
0		1	1	1.03073	1.52709	0.04	0.259302	4.30271
0		1	1	1.03112	1.52709	0.08	0.254651	4.2978
0		1	1	0.995491	1.49507	0.08	0.322674	4.30202
0		1	1	1.01954	1.5	0.02	0.148837	4.30555
0		1	1	1.04406	1.53448	0.06	0.202326	4.29872
0		1	1	1.05976	1.55665	0.04	0.422093	4.30148
0		1	1	1.04887	1.53941	0.04	0.482558	4.29652
0		1	1	1.0567	1.49754	0	0	4.29073
0		1	1	1.02653	1.46552	0	0	4.28467
0		1	1	1.01856	1.4803	0.02	0.0697674	4.26812
0		1	1	0.961431	1.46059	0.02	0.339535	4.2653
0		1	1	0.976147	1.46552	0.02	0.481395	4.27073
0		1	1	0.97619	1.47537	0.02	0.344186	4.27414
0		1	1	0.913527	1.41133	0.04	0.403488	4.28147
0		1	1	0.932856	1.42857	0.02	0.423256	4.28468
0		1	1	0.981722	1.47537	0.04	0.233721	4.28742
0		1	1	0.982893	1.48276	0.06	0.359691	4.29703
0		1	1	0.926731	1.42365	0.04	0.416279	4.29508
0		1	1	0.872855	1.37192	0.02	0.348837	4.28695
0		1	1	0.876976	1.37438	0.04	0.27907	4.28671
0		1	1	0.914735	1.40148	0.04	0.189535	4.27695
0		1	1	0.882731	1.37192	0.02	0.211628	4.27612
0		1	1	0.896029	1.39163	0.04	0.256977	4.28645
0		1	1	0.882017	1.367	0.04	0.182558	4.27971
0		1	1	0.956193	1.41133	0.04	0.0546512	4.25665
0		1	1	1.04152	1.50493	0.06	0.0697674	4.19611
0		1	1	0.987887	1.4803	0.02	0.227907	4.2076
0		1	1	0.910535	1.40148	0.02	0.465116	4.25989
0		1	1	0.915529	1.41133	0.04	0.25814	4.27253
0		1	1	0.926626	1.42611	0.04	0.319767	4.27094
0		1	1	0.898462	1.39655	0.04	0.288372	4.28055
0		1	1	0.904356	1.40148	0.06	0.415505	4.29463
0		1	1	0.904713	1.38177	0.02	0.54186	4.28304
0		1	1	0.858905	1.34483	0.02	0.493023	4.27891
0		1	1	0.909377	1.3399	0	0	4.2829
0		1	1	0.966537	1.40148	0	0	4.28661
0		1	1	0.986231	1.42365	0.02	0	4.27408
0		1	1	0.951718	1.3867	0.02	0	4.28707
0		1	1	0.867939	1.367	0.02	0.337209	4.28302
0		1	1	0.868193	1.35961	0.04	0.223256	4.26072
0		1	1	0.898015	1.32759	0	0	4.27187
0		1	1	0.87774	1.34236	0.02	0.1	4.27529
0		1	1	0.837853	1.33744	0.06	0.369767	4.28068
0		1	1	0.906849	1.4064	0.04	0.323256	4.26299
0		1	1	0.854645	1.34729	0.04	0.453488	4.27766
0		1	1	0.86634	1.2931	0	0	4.28997
0		1	1	0.823816	1.32266	0.04	0.304651	4.2836
0		1	1	0.858416	1.28571	0.02	0	4.29006
0		1	1	0.820165	1.28571	0.02	0.111628	4.2771
0		1	1	0.812213	1.29803	0.02	0.197674	4.2872
0		1	1	0.78235	1.27586	0.02	0.251163	4.29715
0		1	1	0.789653	1.27833	0.02	0.216279	4.28769
0		1	1	0.888382	1.36207	0.02	0.132558	4.25087
0		1	1	0.893266	1.39163	0.02	0.306977	4.25146
0		1	1	0.860545	1.35961	0.02	0.339535	4.25636
0		1	1	0.822981	1.31034	0.02	0.481395	4.27691
0		1	1	0.816869	1.2931	0.02	0.534884	4.2893
0		1	1	0.79006	1.28325	0.04	0.24186	4.2878
0		1	1	0.879933	1.37931	0.04	0.369767	4.27381
0		1	1	0.874803	1.37438	0.04	0.361628	4.26754
0		1	1	0.865488	1.35714	0.04	0.461628	4.28543
0		1	1	0.875561	1.35714	0.04	0.52093	4.29855
0		1	1	0.879004	1.367	0.04	0.2	4.29231
0		1	1	0.857572	1.35714	0.06	0.316279	4.30164
0		1	1	0.832789	1.33251	0.04	0.351163	4.28622
0		1	1	0.918693	1.41133	0.04	0.22907	4.24795
0		1	1	0.997911	1.48522	0.04	0.186047	4.19643
0		1	1	0.993795	1.4803	0.04	0.181395	4.2022
0		1	1	0.951105	1.44089	0.04	0.205814	4.22901
0		1	1	0.888511	1.38177	0.04	0.236047	4.26787
0		1	1	0.98351	1.47044	0.04	0.184884	4.21053
0		1	1	0.996225	1.48276	0.04	0.181395	4.1991
0		1	1	1.01156	1.49754	0.04	0.176744	4.18804
0		1	1	1.14779	1.62562	0.04	0.119767	4.08621
0		1	1	1.06915	1.55419	0.04	0.166279	4.14562
0		1	1	1.09793	1.58374	0.04	0.168605	4.12409
0		1	1	1.14785	1.633	0.04	0.160465	4.07747
0		1	1	1.17759	1.66256	0.04	0.156977	4.05264
0		1	1	1.15776	1.64286	0.04	0.159302	4.07061
0		1	1	1.23203	1.71182	0.04	0.122093	4.0103
0		1	1	1.22234	1.70197	0.04	0.122093	4.01894
0		1	1	1.27607	1.75616	0.04	0.119767	3.97127
0		1	1	1.2212	1.7069	0.04	0.15814	4.01724
0		1	1	1.22572	1.71182	0.04	0.160465	4.0073
0		1	1	1.20102	1.68719	0.04	0.162791	4.02891
0		1	1	1.24555	1.73153	0.04	0.15814	3.99259
0		1	1	1.24555	1.73153	0.04	0.15814	3.99259
0		1	1	1.28923	1.77094	0.04	0.127907	3.95795
0		1	1	1.3038	1.78571	0.04	0.127907	3.94539
0		1	1	1.34792	1.83005	0.04	0.125581	3.90626
0		1	1	1.35232	1.8399	0.04	0.161628	3.90338
0		1	1	1.27802	1.76601	0.04	0.169767	3.97374
0		1	1	1.25167	1.73892	0.04	0.166279	3.9825
0		1	1	1.34304	1.83005	0.04	0.15814	3.90202
0		1	1	1.32029	1.80788	0.04	0.163953	3.92261
0		1	1	1.30323	1.79557	0.06	0.202326	3.9396
0		1	1	1.43599	1.92857	0.06	0.197674	3.8306
0		1	1	1.30838	1.80049	0.06	0.2	3.94788
0		1	1	1.43377	1.92611	0.06	0.195349	3.84095
0		1	1	1.49699	1.98768	0.06	0.176744	3.78537
0		1	1	1.49699	1.98768	0.06	0.176744	3.78835
0		1	1	1.54114	2.03202	0.06	0.175969	3.75066
0		1	1	1.50189	1.99261	0.06	0.176744	3.78414
0		1	1	1.42144	1.91379	0.06	0.196124	3.85194
0		1	1	1.35498	1.84729	0.06	0.199225	3.91392
0		1	1	1.35719	1.84975	0.06	0.20155	3.91488
0		1	1	1.32518	1.81773	0.06	0.203101	3.93972
0		1	1	1.31769	1.80542	0.04	0.165116	3.94741
0		1	1	1.30196	1.79064	0.04	0.173256	3.96218
0		1	1	1.23446	1.7266	0.04	0.205814	4.00956
0		1	1	1.2449	1.73645	0.04	0.2	4.04306
0		1	1	1.20671	1.70443	0.04	0.272093	4.08603
0		1	1	1.19736	1.69704	0.04	0.324419	4.08756
0		1	1	1.21833	1.71429	0.06	0.244186	4.09336
0		1	1	1.12015	1.61823	0.04	0.405814	4.14797
0		1	1	1.05094	1.54434	0.04	0.459302	4.18346
0		1	1	1.04536	1.53448	0.06	0.493798	4.19392
0		1	1	1.06008	1.55419	0.14	0.421263	4.19401
0		1	1	1.11355	1.60591	0.16	0.426744	4.1947
0		1	1	1.09949	1.59113	0.18	0.405944	4.20119
0		1	1	1.11525	1.6133	0.12	0.370542	4.2244
0		1	1	1.08987	1.58374	0.1	0.451628	4.22602
0		1	1	1.07497	1.57389	0.08	0.387209	4.21944
0		1	1	1.06428	1.56404	0.08	0.33314	4.23956
0		1	1	1.08258	1.58128	0.08	0.392442	4.23922
0		1	1	1.07904	1.57882	0.08	0.334302	4.24553
0		1	1	1.10719	1.60099	0.06	0.460465	4.26927
0		1	1	1.06904	1.56897	0.06	0.331007	4.27194
0		1	1	1.08947	1.58867	0.06	0.385272	4.29044
0		1	1	1.13843	1.58374	0	0	4.29291
0		1	1	1.16104	1.60837	0.02	0	4.28127
0		1	1	1.01665	1.49015	0.02	0.116279	4.30176
0		1	1	0.982526	1.4803	0.02	0.290698	4.29787
0		1	1	0.946396	1.44089	0.02	0.437209	4.30048
0		1	1	0.976972	1.47044	0.02	0.448837	4.30016
0		1	1	0.977916	1.47044	0.04	0.224419	4.30175
0		1	1	1.02091	1.46059	0.02	0	4.29566
0		1	1	1.0418	1.48276	0.02	0	4.28544
0		1	1	1.08139	1.52463	0.02	0	4.26981
0		1	1	1.11412	1.55911	0.02	0	4.25242
0		1	1	1.08606	1.52956	0.02	0	4.26755
0		1	1	1.11412	1.55911	0.02	0	4.25111
0		1	1	1.08139	1.52463	0.02	0	4.26763
0		1	1	1.06041	1.50246	0.02	0	4.26988
0		1	1	1.07905	1.52217	0.02	0	4.26077
0		1	1	1.04645	1.48768	0.02	0	4.27427
0		1	1	0.912588	1.41133	0.02	0.369767	4.29784
0		1	1	0.925324	1.35714	0	0	4.29607
0		1	1	0.940255	1.37438	0.02	0	4.28982
0		1	1	0.92989	1.36207	0	0	4.28635
0		1	1	0.87567	1.367	0.04	0.222093	4.27794
0		1	1	0.93767	1.43596	0.06	0.286821	4.28376
0		1	1	0.923042	1.42118	0.08	0.288372	4.26336
0		1	1	0.879038	1.37192	0.06	0.231783	4.28283
0		1	1	0.862301	1.36207	0.04	0.344186	4.27893
0		1	1	1.00916	1.50246	0.08	0.22907	4.23162
0		1	1	0.924822	1.41626	0.06	0.21783	4.27105
0		1	1	0.967904	1.46552	0.08	0.278488	4.24771
0		1	1	1.00925	1.50739	0.08	0.285465	4.22541
0		1	1	1.05849	1.55665	0.08	0.284302	4.19118
0		1	1	1.12737	1.62562	0.08	0.283721	4.14201
0		1	1	1.11997	1.61823	0.08	0.284302	4.15123
0		1	1	1.08468	1.57882	0.1	0.23814	4.17924
0		1	1	1.07983	1.57389	0.1	0.237674	4.1703
0		1	1	1.11213	1.60591	0.1	0.233023	4.14865
0		1	1	1.14411	1.63793	0.1	0.231628	4.1241
0		1	1	1.0934	1.58621	0.08	0.219767	4.16092
0		1	1	1.20128	1.69212	0.06	0.195349	4.08212
0		1	1	1.18652	1.67734	0.06	0.196124	4.09138
0		1	1	1.16547	1.65764	0.06	0.208527	4.12022
0		1	1	1.08176	1.57882	0.04	0.266279	4.19771
0		1	1	1.11729	1.6133	0.04	0.251163	4.21429
0		1	1	1.09645	1.59606	0.04	0.322093	4.23651
0		1	1	1.15812	1.65764	0.06	0.310077	4.2152
0		1	1	1.17282	1.67241	0.06	0.312402	4.20633
0		1	1	1.1881	1.68719	0.06	0.2969	4.2004
0		1	1	1.14162	1.63793	0.1	0.26093	4.23679
0		1	1	1.09875	1.59852	0.04	0.333721	4.25335
0		1	1	1.1445	1.64039	0.06	0.440309	4.27414
0		1	1	1.12879	1.62808	0.08	0.308721	4.27651
0		1	1	1.12333	1.62315	0.08	0.345349	4.27475
0		1	1	1.16584	1.66502	0.08	0.304651	4.25981
0		1	1	1.20538	1.70443	0.08	0.3	4.24304
0		1	1	1.18313	1.68227	0.08	0.302907	4.25395
0		1	1	1.24704	1.74631	0.1	0.358605	4.23943
0		1	1	1.22521	1.72414	0.1	0.375349	4.24899
0		1	1	1.25699	1.75616	0.06	0.389147	4.2573
0		1	1	1.307	1.80542	0.06	0.407751	4.2356
0		1	1	1.32064	1.8202	0.06	0.377519	4.22135
0		1	1	1.28169	1.78079	0.06	0.391472	4.26102
0		1	1	1.25309	1.75123	0.06	0.275193	4.27165
0		1	1	1.24017	1.73645	0.04	0.437209	4.27202
0		1	1	1.2927	1.79064	0.04	0.273256	4.27513
0		1	1	1.33703	1.83498	0.04	0.272093	4.26579
0		1	1	1.30568	1.80542	0.06	0.317053	4.27539
0		1	1	1.27121	1.77094	0.04	0.360465	4.27783
0		1	1	1.25863	1.75862	0.06	0.339535	4.27514
0		1	1	1.29888	1.79557	0.08	0.252907	4.26139
0		1	1	1.24433	1.74384	0.06	0.378295	4.27616
0		1	1	1.23703	1.73645	0.04	0.375581	4.27524
0		1	1	1.21842	1.66749	0	0	4.27815
0		1	1	1.24124	1.69212	0.02	0	4.27511
0		1	1	1.21135	1.6601	0	0	4.28526
0		1	1	1.16677	1.66502	0.02	0.393023	4.27861
0		1	1	1.14312	1.58867	0	0	4.2897
0		1	1	1.09671	1.58867	0.02	0.469767	4.29392
0		1	1	1.09643	1.56158	0.02	0.072093	4.28602
0		1	1	1.00039	1.49754	0.04	0.416279	4.29508
0		1	1	0.997208	1.4803	0.04	0.161628	4.28896
0		1	1	0.924022	1.41133	0.02	0.490698	4.30291
0		1	1	0.994161	1.43103	0	0	4.30322
0		1	1	0.911652	1.34236	0	0	4.29535
0		1	1	0.849551	1.34729	0.02	0.390698	4.29917
0		1	1	0.85833	1.35468	0.02	0.411628	4.30215
0		1	1	0.868595	1.29557	0	0	4.29643
0		1	1	0.796352	1.2931	0.02	0.283721	4.29241
0		1	1	0.797587	1.29557	0.04	0.396512	4.29234
0		1	1	0.779428	1.27833	0.02	0.332558	4.29543
0		1	1	0.73992	1.23399	0.02	0.427907	4.27558
0		1	1	0.819253	1.24138	0	0	4.27773
0		1	1	0.702244	1.19951	0.02	0.390698	4.28047
0		1	1	0.793559	1.21429	0.02	0	4.26008
0		1	1	0.765013	1.26108	0.04	0.268605	4.24573
0		1	1	0.688441	1.18719	0.02	0.332558	4.27529
0		1	1	0.716387	1.20443	0.02	0.467442	4.2706
0		1	1	0.708886	1.19951	0.04	0.230233	4.27982
0		1	1	0.823713	1.24631	0	0	4.28951
0		1	1	0.736057	1.22906	0.04	0.244186	4.28544
0		1	1	0.727761	1.14039	0.02	0	4.281
0		1	1	0.675693	1.07882	0	0	4.29082
0		1	1	0.655279	1.05665	0.02	0	4.2959
0		1	1	0.518382	1.01232	0.02	0.411628	4.28345
0		1	1	0.548744	1.03202	0.04	0.210465	4.28043
0		1	1	0.595472	0.982759	0	0	4.28325
0		1	1	0.571772	0.953202	0	0	4.27316
0		1	1	0.502957	0.94335	0.02	0.109302	4.26238
0		1	1	0.528506	0.997537	0.04	0.166279	4.22662
0		1	1	0.543969	1.02709	0.04	0.210465	4.21389
0		1	1	0.527273	1.01724	0.04	0.243023	4.21852
0		1	1	0.532015	1.0197	0.04	0.231395	4.21476
0		1	1	0.506446	0.997537	0.06	0.248837	4.23101
0		1	1	0.498446	0.997537	0.04	0.32093	4.25307
0		1	1	0.496592	0.987685	0.04	0.434884	4.25961
0		1	1	0.453226	0.953202	0.06	0.33876	4.25969
0		1	1	0.462451	0.955665	0.04	0.419767	4.28748
0		1	1	0.458314	0.955665	0.04	0.388372	4.28786
0		1	1	0.478012	0.958128	0.06	0.206977	4.2823
0		1	1	0.439516	0.938424	0.04	0.319767	4.26872
0		1	1	0.465836	0.953202	0.06	0.235658	4.26884
0		1	1	0.490562	0.980296	0.02	0.434884	4.27672
0		1	1	0.510393	1.00739	0.04	0.29186	4.27361
0		1	1	0.579359	1.07143	0.04	0.25	4.25858
0		1	1	0.591109	1.08621	0.06	0.267442	4.25221
0		1	1	0.6663	1.1601	0.06	0.252714	4.21653
0		1	1	0.705056	1.20197	0.06	0.277519	4.1768
0		1	1	0.699547	1.18966	0.04	0.227907	4.18255
0		1	1	0.696351	1.19458	0.06	0.293798	4.17928
0		1	1	0.709523	1.1798	0.02	0.144186	4.18883
0		1	1	0.700988	1.17488	0.02	0.15814	4.19584
0		1	1	0.58706	1.08128	0.06	0.425581	4.25261
0		1	1	0.632753	1.12562	0.04	0.436047	4.24263
0		1	1	0.621584	1.12069	0.06	0.376744	4.24176
0		1	1	0.633586	1.133	0.06	0.316279	4.24053
0		1	1	0.641479	1.13793	0.04	0.27907	4.22414
0		1	1	0.711695	1.18227	0.04	0.14186	4.19455
0		1	1	0.677703	1.16749	0.08	0.227907	4.25073
0		1	1	0.708306	1.19458	0.06	0.204651	4.24824
0		1	1	0.657765	1.15271	0.06	0.262016	4.24539
0		1	1	0.698926	1.19458	0.04	0.418605	4.23315
0		1	1	0.741736	1.23645	0.06	0.431784	4.22721
0		1	1	0.675939	1.17488	0.08	0.375581	4.24542
0		1	1	0.75204	1.24384	0.04	0.452326	4.21564
0		1	1	0.671292	1.16995	0.08	0.380814	4.23775
0		1	1	0.60657	1.09113	0.04	0.477907	4.25952
0		1	1	0.550498	1.03202	0.02	0.47907	4.27617
0		1	1	0.576169	1.06404	0.04	0.459302	4.26251
0		1	1	0.623755	1.01724	0	0	4.27787
0		1	1	0.626251	1.02217	0.02	0	4.28185
0		1	1	0.584117	1.05172	0.02	0.155814	4.27939
0		1	1	0.638265	1.06404	0.04	0.0453488	4.29688
0		1	1	0.684773	1.11576	0.02	0.0465116	4.27371
0		1	1	0.567044	1.06158	0.04	0.267442	4.2873
0		1	1	0.555767	1.05419	0.02	0.355814	4.29659
0		1	1	0.583307	1.07143	0.02	0.453488	4.28574
0		1	1	0.598371	1.08621	0.02	0.230233	4.2827
0		1	1	0.572201	1.06404	0.02	0.255814	4.29695
0		1	1	0.624279	1.11084	0.02	0.22093	4.29478
0		1	1	0.627717	1.12315	0.04	0.416279	4.28384
0		1	1	0.640753	1.14039	0.04	0.351163	4.28387
0		1	1	0.645749	1.14532	0.04	0.355814	4.28944
0		1	1	0.650267	1.14532	0.04	0.42093	4.28298
0		1	1	0.665274	1.16256	0.04	0.4	4.2872
0		1	1	0.70602	1.18966	0.02	0.197674	4.29124
0		1	1	0.735632	1.14778	0	0	4.29268
0		1	1	0.758281	1.17488	0.02	0	4.27138
0		1	1	0.744654	1.18473	0.02	0.0534884	4.27353
0		1	1	0.693949	1.18966	0.02	0.409302	4.29155
0		1	1	0.771466	1.25862	0.04	0.204651	4.28705
0		1	1	0.794901	1.28325	0.04	0.209302	4.27602
0		1	1	0.783721	1.25862	0.04	0.147674	4.28071
0		1	1	0.670466	1.16995	0.04	0.360465	4.29254
0		1	1	0.655018	1.133	0.02	0.506977	4.29884
0		1	1	0.643597	1.13547	0.02	0.437209	4.28378
0		1	1	0.681043	1.1798	0.06	0.384495	4.27591
0		1	1	0.671323	1.16995	0.02	0.327907	4.27214
0		1	1	0.631857	1.13054	0.02	0.351163	4.2618
0		1	1	0.729893	1.21675	0.04	0.206977	4.24487
0		1	1	0.773938	1.26355	0.04	0.218605	4.22098
0		1	1	0.776287	1.27094	0.04	0.254651	4.2347
0		1	1	0.78707	1.28325	0.04	0.268605	4.23818
0		1	1	0.761414	1.25862	0.04	0.281395	4.24883
0		1	1	0.781259	1.28079	0.06	0.316279	4.2317
0		1	1	0.723737	1.21921	0.08	0.265116	4.25437
0		1	1	0.695795	1.19458	0.06	0.384495	4.2674
0		1	1	0.714374	1.20936	0.06	0.427907	4.27722
0		1	1	0.659212	1.15517	0.06	0.416279	4.2709
0		1	1	0.651016	1.14039	0.02	0.453488	4.28708
0		1	1	0.727761	1.14039	0.02	0	4.28366
0		1	1	0.664175	1.14778	0.02	0.202326	4.28635
0		1	1	0.666413	1.15025	0.02	0.483721	4.28323
0		1	1	0.696137	1.19458	0.06	0.389923	4.27352
0		1	1	0.758927	1.24384	0.04	0.194186	4.26108
0		1	1	0.803238	1.2734	0.02	0.130233	4.24043
0		1	1	0.773805	1.26355	0.06	0.21783	4.23995
0		1	1	0.700276	1.18966	0.02	0.45814	4.2729
0		1	1	0.771463	1.18966	0.02	0	4.27968
0		1	1	0.675227	1.17488	0.04	0.334884	4.27906
0		1	1	0.683826	1.1798	0.04	0.272093	4.29165
0		1	1	0.772759	1.18966	0	0	4.28476
0		1	1	0.808125	1.22906	0	0	4.29668
0		1	1	0.777461	1.21182	0.04	0.0313953	4.28718
0		1	1	0.690311	1.18966	0.04	0.32093	4.30228
0		1	1	0.82891	1.31773	0.06	0.207752	4.28513
0		1	1	0.764629	1.25369	0.02	0.22093	4.30324
0		1	1	0.832302	1.31773	0.06	0.188372	4.29789
0		1	1	0.759253	1.25862	0.04	0.319767	4.28806
0		1	1	0.769067	1.26847	0.06	0.313179	4.29372
0		1	1	0.783253	1.28325	0.06	0.34496	4.2754
0		1	1	0.825375	1.32512	0.04	0.339535	4.23977
0		1	1	0.849023	1.34729	0.04	0.293023	4.23664
0		1	1	0.842745	1.34236	0.04	0.327907	4.24966
0		1	1	0.852572	1.35222	0.04	0.32907	4.25161
0		1	1	0.90171	1.40148	0.04	0.347674	4.2162
0		1	1	0.863616	1.35961	0.02	0.416279	4.26672
0		1	1	0.892114	1.39163	0.08	0.365116	4.26931
0		1	1	0.820002	1.31527	0.04	0.42907	4.28653
0		1	1	0.78929	1.28818	0.04	0.380233	4.27059
0		1	1	0.837226	1.33251	0.04	0.256977	4.27494
0		1	1	0.781576	1.2734	0.02	0.448837	4.2871
0		1	1	0.798693	1.29803	0.06	0.310853	4.28889
0		1	1	0.854324	1.33744	0.08	0.175581	4.28717
0		1	1	0.883111	1.38177	0.1	0.315814	4.2927
0		1	1	0.886741	1.3867	0.06	0.351937	4.29663
0		1	1	0.96182	1.45566	0.08	0.236628	4.29615
0		1	1	0.924506	1.42365	0.08	0.377907	4.29674
0		1	1	0.882258	1.38177	0.04	0.322093	4.30116
0		1	1	0.884753	1.38424	0.06	0.313179	4.29667
0		1	1	0.891052	1.3867	0.04	0.42907	4.29601
0		1	1	0.827832	1.32759	0.06	0.323256	4.28748
0		1	1	0.836646	1.33251	0.04	0.262791	4.29589
0		1	1	0.824005	1.32266	0.02	0.318605	4.30173
0		1	1	0.784167	1.28325	0.04	0.375581	4.30515
0		1	1	0.812572	1.23399	0	0	4.30839
0		1	1	0.755209	1.24877	0.02	0.253488	4.30508
0		1	1	0.790394	1.20936	0	0	4.30056
0		1	1	0.755225	1.16995	0	0	4.29066
0		1	1	0.750859	1.16502	0	0	4.28776
0		1	1	0.767063	1.18473	0.02	0	4.28049
0		1	1	0.729134	1.14039	0	0	4.28713
0		1	1	0.797996	1.21921	0.02	0	4.2448
0		1	1	0.699865	1.17241	0.02	0.153488	4.27292
0		1	1	0.784703	1.20443	0.02	0	4.25105
0		1	1	0.654375	1.14286	0.02	0.227907	4.28107
0		1	1	0.65166	1.15025	0.02	0.327907	4.28599
0		1	1	0.735637	1.21429	0.04	0.168605	4.27977
0		1	1	0.652721	1.15025	0.02	0.383721	4.29517
0		1	1	0.669453	1.16502	0.08	0.269186	4.28747
0		1	1	0.724661	1.22167	0.08	0.280814	4.28407
0		1	1	0.715247	1.21429	0.08	0.312209	4.28544
0		1	1	0.727365	1.2266	0.06	0.310077	4.28694
0		1	1	0.748678	1.16256	0	0	4.29288
0		1	1	0.707359	1.2069	0.06	0.31783	4.28387
0		1	1	0.735789	1.23153	0.02	0.411628	4.28356
0		1	1	0.793362	1.2931	0.04	0.346512	4.2687
0		1	1	0.813835	1.31281	0.04	0.37907	4.26796
0		1	1	0.862765	1.34236	0.02	0.525581	4.28604
0		1	1	0.805772	1.30049	0.02	0.260465	4.2801
0		1	1	0.790099	1.28571	0.02	0.416279	4.2889
0		1	1	0.816017	1.30788	0.02	0.451163	4.28501
0		1	1	0.777021	1.26847	0.02	0.451163	4.29092
0		1	1	0.756384	1.25369	0.02	0.393023	4.28745
0		1	1	0.781564	1.19951	0	0	4.29334
0		1	1	0.751252	1.23399	0.02	0.188372	4.29064
0		1	1	0.795947	1.29557	0.04	0.32907	4.28765
0		1	1	0.765495	1.25862	0.04	0.243023	4.28475
0		1	1	0.726221	1.21921	0.08	0.244767	4.28281
0		1	1	0.731831	1.22167	0.02	0.45814	4.29154
0		1	1	0.747482	1.23645	0.04	0.469767	4.28728
0		1	1	0.748678	1.16256	0	0	4.28427
0		1	1	0.707599	1.11576	0	0	4.275
0		1	1	0.716633	1.15517	0.02	0.055814	4.24864
0		1	1	0.720759	1.15764	0.02	0.0511628	4.24565
0		1	1	0.648537	1.13054	0.04	0.193023	4.26462
0		1	1	0.613628	1.1133	0.04	0.34186	4.26403
0		1	1	0.625389	1.11576	0.06	0.234109	4.24083
0		1	1	0.680528	1.1798	0.08	0.319186	4.25853
0		1	1	0.687328	1.13793	0.02	0.0906977	4.26969
0		1	1	0.592008	1.09113	0.04	0.368605	4.28554
0		1	1	0.63706	1.09113	0.02	0.109302	4.27791
0		1	1	0.642257	1.03941	0	0	4.29067
0		1	1	0.572581	1.04187	0.02	0.162791	4.29349
0		1	1	0.650553	1.04926	0	0	4.29492
0		1	1	0.623755	1.01724	0	0	4.29458
0		1	1	0.585533	0.970443	0	0	4.29474
0		1	1	0.552454	0.928571	0	0	4.30072
0		1	1	0.575685	0.958128	0	0	4.30205
0		1	1	0.556284	0.933498	0	0	4.30069
0		1	1	0.550545	0.926108	0	0	4.30136
0		1	1	0.526153	0.894089	0	0	4.29792
0		1	1	0.436952	0.928571	0.02	0.418605	4.30068
0		1	1	0.456799	0.908867	0.04	0.140698	4.29567
0		1	1	0.417039	0.916256	0.04	0.359302	4.28843
0		1	1	0.499082	0.857143	0	0	4.29498
0		1	1	0.475017	0.82266	0	0	4.28742
0		1	1	0.441518	0.770936	0	0	4.28762
0		1	1	0.421658	0.741379	0.02	0	4.27983
0		1	1	0.427374	0.751232	0.02	0	4.29506
0		1	1	0.431153	0.753695	0	0	4.28601
0		1	1	0.418493	0.731527	0	0	4.28446
0		1	1	0.400447	0.697044	0	0	4.28344
0		1	1	0.382597	0.657635	0	0	4.24811
0		1	1	0.290927	0.67734	0.02	0.116279	4.24142
0		1	1	0.155556	0.610837	0.02	0.24186	4.24907
0		1	1	0.359714	0.58867	0	0	4.25329
0		1	1	0.292266	0.623153	0.02	0.0813953	4.25349
0		1	1	0.358531	0.583744	0	0	4.2828
0		1	1	0.367012	0.623153	0.02	0	4.26622
0		1	1	0.28383	0.640394	0.02	0.1	4.2577
0		1	1	0.207866	0.657635	0.02	0.213953	4.24522
0		1	1	0.166453	0.633005	0.04	0.245349	4.2587
0		1	1	0.229659	0.672414	0.04	0.193023	4.2519
0		1	1	0.154482	0.650246	0.04	0.373256	4.26673
0		1	1	0.18807	0.662562	0.06	0.437984	4.27129
0		1	1	0.162108	0.637931	0.02	0.418605	4.27884
0		1	1	0.13129	0.615764	0.02	0.390698	4.25965
0		1	1	0.36096	0.593596	0	0	4.24863
0		1	1	0.362268	0.598522	0	0	4.24194
0		1	1	0.351422	0.544335	0	0	4.24417
0		1	1	0.349954	0.554187	0.02	0	4.2431
0		1	1	0.349483	0.475369	0	0	4.26603
0		1	1	0.34904	0.482759	0	0	4.27903
0		1	1	0.348564	0.544335	0.02	0	4.26637
0		1	1	0.0453981	0.519704	0.02	0.334884	4.28624
0		1	1	0.346994	0.529557	0.02	0	4.28851
0		1	1	0.0937652	0.564039	0.04	0.277907	4.26233
0		1	1	0.303351	0.578818	0.04	0.0511628	4.24512
0		1	1	0.291288	0.628079	0.04	0.0825581	4.18592
0		1	1	0.297606	0.613301	0.06	0.068217	4.22017
0		1	1	0.262532	0.628079	0.04	0.115116	4.20265
0		1	1	0.260174	0.652709	0.04	0.133721	4.19495
0		1	1	0.278433	0.684729	0.04	0.136047	4.16984
0		1	1	0.265769	0.665025	0.04	0.136047	4.18912
0		1	1	0.216895	0.633005	0.04	0.173256	4.20676
0		1	1	0.127059	0.623153	0.04	0.367442	4.1914
0		1	1	0.23631	0.615764	0.04	0.138372	4.19215
0		1	1	0.184084	0.58867	0.04	0.503488	4.25778
0		1	1	0.0677423	0.559113	0.04	0.369767	4.25301
0		1	1	0.137159	0.58867	0.04	0.240698	4.27059
0		1	1	0.161311	0.58867	0.02	0.472093	4.27011
0		1	1	0.35537	0.568965	0	0	4.2801
0		1	1	0.350081	0.53202	0	0	4.26414
0		1	1	0.348649	0.495074	0	0	4.25984
0		1	1	0.0576799	0.504926	0.04	0.289535	4.25597
0		1	1	0.347972	0.539409	0.02	0	4.2244
0		1	1	0.259289	0.554187	0.02	0.0930233	4.21947
0		1	1	0.130263	0.559113	0.04	0.22907	4.24556
0		1	1	0.137298	0.522168	0.02	0.213953	4.23542
0		1	1	0.235537	0.549261	0.04	0.113953	4.23369
0		1	1	0.25983	0.58867	0.04	0.1	4.21121
0		1	1	0.27332	0.64532	0.04	0.112791	4.15603
0		1	1	0.244848	0.586207	0.04	0.115116	4.2088
0		1	1	0.127758	0.578818	0.02	0.251163	4.23688
0		1	1	0.0910128	0.578818	0.02	0.365116	4.26077
0		1	1	0.0575828	0.551724	0.04	0.327907	4.25881
0		1	1	0.080861	0.554187	0.04	0.4	4.26779
0		1	1	0.099421	0.583744	0.02	0.37907	4.27918
0		1	1	0.151742	0.573892	0.02	0.469767	4.28543
0		1	1	0.0847364	0.581281	0.04	0.330233	4.29438
0		1	1	0.0835401	0.559113	0.02	0.3	4.28348
0		1	1	0.353187	0.55665	0	0	4.30135
0		1	1	0.0953107	0.583744	0.02	0.365116	4.30206
0		1	1	0.355731	0.583744	0.02	0	4.29172
0		1	1	0.341715	0.652709	0.04	0.0383721	4.23135
0		1	1	0.327986	0.637931	0.04	0.0465116	4.25375
0		1	1	0.309337	0.642857	0.04	0.0697674	4.25174
0		1	1	0.231164	0.618227	0.02	0.148837	4.26084
0		1	1	0.3528	0.554187	0	0	4.28561
0		1	1	0.349318	0.522168	0	0	4.3027
0		1	1	0.349864	0.529557	0	0	4.29718
0		1	1	0.348927	0.514778	0	0	4.28998
0		1	1	0.34661	0.524631	0.02	0	4.28806
0		1	1	0.349318	0.477833	0	0	4.27538
0		1	1	0.350566	0.463054	0	0	4.28096
0		1	1	0.349483	0.475369	0	0	4.27721
0		1	1	0.351119	0.458128	0	0	4.2801
0		1	1	0.358531	0.416256	0	0	4.28684
0		1	1	0.368116	0.381773	0	0	4.30255
0		1	1	0.146394	0.391626	0.02	0.253488	4.29496
0		1	1	0.362268	0.401478	0	0	4.2933
0		1	1	0.362268	0.401478	0	0	4.28023
0		1	1	0.265375	0.396552	0.02	0.102326	4.27637
0		1	1	0.148805	0.391626	0.02	0.437209	4.28694
0		1	1	0.362946	0.399015	0	0	4.26903
0		1	1	0.365071	0.391626	0	0	4.25606
0		1	1	0.230969	0.403941	0.02	0.137209	4.25695
0		1	1	0.232514	0.470443	0.02	0.116279	4.19275
0		1	1	0.203084	0.470443	0.02	0.146512	4.21496
0		1	1	0.173007	0.458128	0.04	0.176744	4.23033
0		1	1	0.23876	0.5	0.06	0.104651	4.21355
0		1	1	0.208934	0.527094	0.04	0.137209	4.19551
0		1	1	0.162092	0.5	0.08	0.182558	4.22496
0		1	1	0.239536	0.5	0.06	0.103876	4.23532
0		1	1	0.142202	0.485222	0.02	0.47907	4.2442
0		1	1	0.354447	0.435961	0	0	4.2663
0		1	1	0.365071	0.391626	0	0	4.2683
0		1	1	0.266408	0.37931	0.02	0.109302	4.2638
0		1	1	0.365809	0.389163	0	0	4.25196
0		1	1	0.169961	0.389163	0.02	0.22093	4.26818
0		1	1	0.302685	0.371921	0.02	0.072093	4.25052
0		1	1	0.303851	0.37931	0.02	0.0674419	4.2489
0		1	1	0.194602	0.357143	0.04	0.212791	4.2675
0		1	1	0.175628	0.342365	0.04	0.268605	4.27693
0		1	1	0.131983	0.371921	0.04	0.318605	4.24394
0		1	1	0.137039	0.381773	0.02	0.4	4.249
0		1	1	0.277958	0.357143	0.04	0.105814	4.23466
0		1	1	0.221377	0.288177	0.02	0.293023	4.24046
0		1	1	0.192875	0.327586	0.04	0.259302	4.24835
0		1	1	0.414451	0.275862	0	0	4.2301
0		1	1	0.42543	0.256158	0	0	4.23107
0		1	1	0.438512	0.23399	0	0	4.23492
0		1	1	0.431153	0.246305	0	0	4.22076
0		1	1	0.24965	0.258621	0.02	0.393023	4.19314
0		1	1	0.348776	0.305419	0.04	0.0546512	4.13913
0		1	1	0.387445	0.325123	0.02	0	4.10819
0		1	1	0.372232	0.362069	0.02	0	4.04328
0		1	1	0.338892	0.376847	0.02	0.0302326	4.03102
0		1	1	0.333731	0.406404	0.02	0.0255814	3.96453
0		1	1	0.331557	0.423645	0.02	0.0232558	3.91694
0		1	1	0.327334	0.460591	0.02	0.0209302	3.83776
0		1	1	0.328186	0.475369	0.02	0.0186047	3.80686
0		1	1	0.329933	0.431034	0.02	0.0232558	3.89974
0		1	1	0.333731	0.406404	0.02	0.0255814	3.95124
0		1	1	0.335146	0.401478	0.02	0.0255814	3.95353
0		1	1	0.335988	0.391626	0.02	0.027907	3.98416
0		1	1	0.335146	0.401478	0.02	0.0255814	3.96289
0		1	1	0.328593	0.470443	0.02	0.0186047	3.82118
0		1	1	0.327639	0.458128	0.02	0.0209302	3.84701
0		1	1	0.327298	0.495074	0.02	0.0186047	3.76981
0		1	1	0.330681	0.527094	0.02	0.0162791	3.70385
0		1	1	0.330158	0.519704	0.02	0.0162791	3.71897
0		1	1	0.315762	0.504926	0.02	0.0302326	3.76062
