0		2	1	0.34904	399	0	0	4.28434
0		2	1	0.350834	390	0	0	4.27224
0		2	1	0.349864	394	0	0	4.28222
0		2	1	0.351422	388	0	0	4.27012
0		2	1	0.349483	396	0	0	4.26911
0		2	1	0.3528	384	0	0	4.27204
0		2	1	0.112439	385	1	1.87	4.26601
0		2	1	0.157973	380	1	0.88	4.26729
0		2	1	0.120277	360	1	1.5	4.27644
0		2	1	0.143165	374	2	0.97	4.25809
0		2	1	0.360329	369	0	0	4.26569
0		2	1	0.357413	374	0	0	4.28071
0		2	1	0.357964	373	0	0	4.26051
0		2	1	0.357413	374	0	0	4.26159
0		2	1	0.35359	382	0	0	4.2676
0		2	1	0.353187	383	0	0	4.25813
0		2	1	0.144746	402	1	0.88	4.23443
0		2	1	0.0732674	399	1	1.73	4.25601
0		2	1	0.167943	396	1	2.17	4.25295
0		2	1	0.123486	394	2	1.985	4.26369
0		2	1	0.111105	390	2	1.915	4.26801
0		2	1	0.351741	387	0	0	4.29167
0		2	1	0.3528	384	0	0	4.28418
0		2	1	0.356878	375	0	0	4.30007
0		2	1	0.365071	362	0	0	4.28451
0		2	1	0.358531	372	0	0	4.27889
0		2	1	0.359714	370	0	0	4.28844
0		2	1	0.356359	376	0	0	4.29039
0		2	1	0.240749	390	1	0.47	4.2851
0		2	1	0.354447	380	0	0	4.28017
0		2	1	0.276651	409	1	0.3	4.25701
0		2	1	0.349483	396	0	0	4.27684
0		2	1	0.3528	384	0	0	4.27258
0		2	1	0.357964	373	0	0	4.27489
0		2	1	0.17464	377	1	2.14	4.28323
0		2	1	0.362268	366	0	0	4.28401
0		2	1	0.362268	366	0	0	4.27874
0		2	1	0.366563	360	0	0	4.29102
0		2	1	0.365071	362	0	0	4.2768
0		2	1	0.375822	349	0	0	4.26902
0		2	1	0.380594	344	0	0	4.25945
0		2	1	0.373124	352	0	0	4.2668
0		2	1	0.38676	338	0	0	4.25331
0		2	1	0.183321	341	1	1.82	4.23458
0		2	1	0.396864	329	0	0	4.25753
0		2	1	0.404134	323	0	0	4.25976
0		2	1	0.410502	318	0	0	4.24326
0		2	1	0.413124	316	0	0	4.25419
0		2	1	0.410696	316	1	0	4.25322
0		2	1	0.251447	334	2	0.715	4.26566
0		2	1	0.397942	326	1	0	4.27594
0		2	1	0.23001	335	2	0.84	4.27033
0		2	1	0.395692	330	0	0	4.2728
0		2	1	0.404134	323	0	0	4.26187
0		2	1	0.393386	332	0	0	4.23701
0		2	1	0.396864	329	0	0	4.23547
0		2	1	0.3857	339	0	0	4.24565
0		2	1	0.307426	365	1	0.24	4.19965
0		2	1	0.287041	395	1	0.26	4.08179
0		2	1	0.248078	384	1	0.45	4.11533
0		2	1	0.206873	386	1	0.63	4.09237
0		2	1	0.14191	380	1	0.96	4.1294
0		2	1	0.086491	384	1	1.71	4.16085
0		2	1	0.131475	394	1	2	4.18585
0		2	1	0.10672	410	1	1.9	4.18201
0		2	1	0.170805	409	1	2.19	4.21768
0		2	1	0.349864	418	0	0	4.23708
0		2	1	0.348614	406	0	0	4.26826
0		2	1	0.350566	421	0	0	4.26807
0		2	1	0.351741	425	0	0	4.26179
0		2	1	0.349483	416	0	0	4.27435
0		2	1	0.350566	421	0	0	4.25987
0		2	1	0.348649	404	0	0	4.2744
0		2	1	0.348753	410	0	0	4.28273
0		2	1	0.0797201	422	1	1.72	4.27821
0		2	1	0.1086	433	1	1.15	4.25811
0		2	1	0.0846257	436	1	1.52	4.26913
0		2	1	0.146206	453	1	1.82	4.28096
0		2	1	0.363639	448	0	0	4.27568
0		2	1	0.368116	454	0	0	4.28247
0		2	1	0.36096	444	0	0	4.28
0		2	1	0.263143	452	1	0.47	4.27555
0		2	1	0.360329	443	0	0	4.28765
0		2	1	0.355856	435	0	0	4.29445
0		2	1	0.348831	411	0	0	4.28891
0		2	1	0.34917	398	0	0	4.2816
0		2	1	0.349483	396	0	0	4.25641
0		2	1	0.3528	384	0	0	4.28129
0		2	1	0.349864	394	0	0	4.28769
0		2	1	0.351422	388	0	0	4.25285
0		2	1	0.3528	384	0	0	4.25632
0		2	1	0.360329	369	0	0	4.24153
0		2	1	0.366563	360	0	0	4.25108
0		2	1	0.36096	368	0	0	4.25809
0		2	1	0.359114	371	0	0	4.26701
0		2	1	0.368116	358	0	0	4.25792
0		2	1	0.380594	344	0	0	4.26299
0		2	1	0.301319	362	1	0.28	4.22637
0		2	1	0.106237	378	2	1.14	4.23658
0		2	1	0.113598	386	2	1.045	4.24029
0		2	1	0.108229	376	1	1.77	4.25711
0		2	1	0.064251	386	1	1.52	4.22495
0		2	1	0.14823	383	1	2.04	4.25438
0		2	1	0.21252	391	1	2.36	4.2579
0		2	1	0.350834	390	0	0	4.2784
0		2	1	0.349864	394	0	0	4.27036
0		2	1	0.349665	395	0	0	4.26555
0		2	1	0.128514	423	1	1.97	4.25591
0		2	1	0.107484	440	2	1.2	4.24815
0		2	1	0.112401	448	2	1.645	4.23798
0		2	1	0.0972187	437	1	1.67	4.26287
0		2	1	0.136955	449	2	1.84	4.27297
0		2	1	0.358531	440	0	0	4.2782
0		2	1	0.125712	445	1	1.78	4.29317
0		2	1	0.356878	437	0	0	4.30077
0		2	1	0.359714	442	0	0	4.28498
0		2	1	0.17137	442	1	0.87	4.28548
0		2	1	0.355856	435	0	0	4.27203
0		2	1	0.34917	414	0	0	4.26696
0		2	1	0.176272	433	2	0.78	4.26128
0		2	1	0.350081	419	0	0	4.26889
0		2	1	0.359714	442	0	0	4.28235
0		2	1	0.113091	448	2	1.3	4.28669
0		2	1	0.138758	446	1	1.86	4.27546
0		2	1	0.359114	441	0	0	4.2926
0		2	1	0.3549	433	0	0	4.29051
0		2	1	0.348649	408	0	0	4.28278
0		2	1	0.079841	417	1	1.75	4.30113
0		2	1	0.348753	402	0	0	4.29206
0		2	1	0.349318	397	0	0	4.28517
0		2	1	0.349318	415	0	0	4.27944
0		2	1	0.348622	405	0	0	4.2689
0		2	1	0.35243	427	0	0	4.27017
0		2	1	0.352077	426	0	0	4.27238
0		2	1	0.350834	422	0	0	4.2897
0		2	1	0.348831	411	0	0	4.26874
0		2	1	0.363065	451	1	0	4.21095
0		2	1	0.355731	440	1	0	4.24238
0		2	1	0.279389	432	1	0.32	4.27563
0		2	1	0.123896	438	1	1.85	4.27563
0		2	1	0.135175	443	1	1.87	4.27405
0		2	1	0.119378	446	1	1.71	4.271
0		2	1	0.374909	462	0	0	4.28778
0		2	1	0.369727	456	0	0	4.28328
0		2	1	0.356878	437	0	0	4.26952
0		2	1	0.351741	425	0	0	4.24728
0		2	1	0.3528	428	0	0	4.28018
0		2	1	0.352545	434	1	0	4.28075
0		2	1	0.221734	446	1	0.64	4.26766
0		2	1	0.0947671	428	1	1.19	4.26009
0		2	1	0.348831	411	0	0	4.25629
0		2	1	0.348753	410	0	0	4.25136
0		2	1	0.349318	397	0	0	4.26858
0		2	1	0.35359	382	0	0	4.26835
0		2	1	0.362946	365	0	0	4.28529
0		2	1	0.371397	354	0	0	4.28978
0		2	1	0.380594	344	0	0	4.27463
0		2	1	0.37401	351	0	0	4.27467
0		2	1	0.374909	350	0	0	4.28688
0		2	1	0.38676	338	0	0	4.26323
0		2	1	0.373124	352	0	0	4.272
0		2	1	0.362268	366	0	0	4.26101
0		2	1	0.352545	378	1	0	4.24595
0		2	1	0.225354	386	2	0.535	4.2283
0		2	1	0.220304	397	1	0.55	4.18361
0		2	1	0.195087	398	1	0.66	4.17702
0		2	1	0.0691223	390	1	1.65	4.22052
0		2	1	0.0669016	402	1	1.25	4.13967
0		2	1	0.0633017	410	1	1.27	4.11667
0		2	1	0.134665	434	1	1.01	4.0128
0		2	1	0.107676	430	1	1.13	4.03661
0		2	1	0.120551	433	1	1.08	4.01041
0		2	1	0.0876091	436	1	1.37	4.02796
0		2	1	0.126985	452	1	1.3	3.94655
0		2	1	0.147544	461	1	1.66	3.96344
0		2	1	0.17801	469	1	1.81	3.99652
0		2	1	0.195088	470	1	1.94	4.00634
0		2	1	0.193358	468	3	1.98667	4.09012
0		2	1	0.197224	464	2	2.055	4.11203
0		2	1	0.253579	468	1	2.33	4.18353
0		2	1	0.177163	476	1	1.51	4.2015
0		2	1	0.181501	473	2	1.79	4.18518
0		2	1	0.163905	472	2	1.45	4.19032
0		2	1	0.127382	455	1	1.51	4.24858
0		2	1	0.368914	455	0	0	4.26207
0		2	1	0.365071	450	0	0	4.26063
0		2	1	0.362946	447	0	0	4.26529
0		2	1	0.363639	448	0	0	4.24892
0		2	1	0.350081	419	0	0	4.28443
0		2	1	0.352077	426	0	0	4.25404
0		2	1	0.214836	451	2	0.69	4.26953
0		2	1	0.130392	457	2	1.6	4.27391
0		2	1	0.376749	464	0	0	4.28844
0		2	1	0.361606	445	0	0	4.29431
0		2	1	0.127943	444	1	1.81	4.29839
0		2	1	0.369727	456	0	0	4.28663
0		2	1	0.362268	446	0	0	4.28106
0		2	1	0.356878	437	0	0	4.30024
0		2	1	0.350834	422	0	0	4.29593
0		2	1	0.149596	418	1	0.87	4.29671
0		2	1	0.349318	397	0	0	4.28318
0		2	1	0.0570977	392	1	1.57	4.28517
0		2	1	0.137958	394	1	2.03	4.27569
0		2	1	0.269566	420	1	0.34	4.27567
0		2	1	0.170924	416	1	0.77	4.28014
0		2	1	0.157885	407	1	0.82	4.28063
0		2	1	0.34917	414	0	0	4.27182
0		2	1	0.349318	415	0	0	4.26973
0		2	1	0.348692	409	0	0	4.24892
0		2	1	0.348831	411	0	0	4.25333
0		2	1	0.349225	426	1	0	4.24438
0		2	1	0.197434	434	1	0.7	4.22998
0		2	1	0.220007	462	1	0.76	4.16371
0		2	1	0.213784	470	1	0.88	4.15843
0		2	1	0.167468	456	1	1.02	4.2254
0		2	1	0.237426	478	1	0.82	4.17394
0		2	1	0.154632	466	1	1.57	4.19051
0		2	1	0.196112	456	1	2.11	4.22914
0		2	1	0.274114	472	1	2.41	4.26426
0		2	1	0.200311	476	1	1.88	4.26205
0		2	1	0.198509	466	1	2.02	4.28696
0		2	1	0.255098	481	1	0.74	4.28062
0		2	1	0.284963	494	1	0.7	4.25499
0		2	1	0.361501	522	1	0.54	4.18844
0		2	1	0.304338	521	1	1.03	4.20981
0		2	1	0.323582	528	1	0.99	4.19173
0		2	1	0.269646	512	1	1.71	4.23958
0		2	1	0.229542	494	2	1.79	4.27387
0		2	1	0.304549	513	1	2.11	4.25703
0		2	1	0.289207	498	1	2.23	4.28395
0		2	1	0.411807	495	0	0	4.29259
0		2	1	0.301781	520	1	1.92	4.27713
0		2	1	0.305683	529	1	1.51	4.29764
0		2	1	0.473347	536	0	0	4.289
0		2	1	0.502619	553	0	0	4.27779
0		2	1	0.518815	562	0	0	4.28356
0		2	1	0.509762	557	0	0	4.30295
0		2	1	0.399413	568	3	1.4	4.30466
0		2	1	0.431262	574	1	1.97	4.28582
0		2	1	0.500847	552	0	0	4.27891
0		2	1	0.470029	534	0	0	4.28214
0		2	1	0.452303	523	0	0	4.27697
0		2	1	0.450737	522	0	0	4.28485
0		2	1	0.453876	524	0	0	4.26263
0		2	1	0.443033	517	0	0	4.27262
0		2	1	0.302115	528	2	1.58	4.25423
0		2	1	0.434525	572	2	0.85	4.19323
0		2	1	0.468589	586	2	0.83	4.16104
0		2	1	0.45349	580	2	0.845	4.17355
0		2	1	0.401669	560	2	0.915	4.23001
0		2	1	0.277756	515	1	1.73	4.26964
0		2	1	0.435541	512	0	0	4.28738
0		2	1	0.432606	510	0	0	4.29097
0		2	1	0.414451	497	0	0	4.28651
0		2	1	0.305942	514	1	0.85	4.28109
0		2	1	0.418493	500	0	0	4.28278
0		2	1	0.398046	484	0	0	4.26748
0		2	1	0.395692	482	0	0	4.27494
0		2	1	0.406648	491	0	0	4.29496
0		2	1	0.38676	474	0	0	4.2817
0		2	1	0.186682	480	1	1.5	4.27809
0		2	1	0.181506	475	1	1.69	4.29024
0		2	1	0.38676	474	0	0	4.28038
0		2	1	0.407922	492	0	0	4.28193
0		2	1	0.326046	504	1	0.55	4.26095
0		2	1	0.34327	519	1	0.63	4.24323
0		2	1	0.256353	508	2	1.275	4.27077
0		2	1	0.414451	497	0	0	4.30538
0		2	1	0.406648	491	0	0	4.29678
0		2	1	0.419861	501	0	0	4.29016
0		2	1	0.368604	510	1	0.35	4.26933
0		2	1	0.430289	510	1	0	4.25099
0		2	1	0.336735	519	1	0.68	4.25851
0		2	1	0.279944	517	1	1.67	4.27145
0		2	1	0.411145	560	2	0.8	4.21127
0		2	1	0.314334	529	1	1.16	4.2773
0		2	1	0.292945	519	1	1.83	4.27266
0		2	1	0.296392	523	1	1.72	4.26435
0		2	1	0.417135	499	0	0	4.29095
0		2	1	0.413124	496	0	0	4.27379
0		2	1	0.418493	500	0	0	4.29364
0		2	1	0.401665	487	0	0	4.29155
0		2	1	0.406648	491	0	0	4.28096
0		2	1	0.417135	499	0	0	4.30297
0		2	1	0.38676	474	0	0	4.29598
0		2	1	0.37401	461	0	0	4.29074
0		2	1	0.360329	443	0	0	4.28919
0		2	1	0.357964	439	0	0	4.28792
0		2	1	0.357413	438	0	0	4.27627
0		2	1	0.124902	452	1	1.33	4.26561
0		2	1	0.156537	469	2	1.455	4.27259
0		2	1	0.177	476	1	1.47	4.27612
0		2	1	0.375822	463	0	0	4.27785
0		2	1	0.370555	457	0	0	4.28753
0		2	1	0.365071	450	0	0	4.28494
0		2	1	0.362268	446	0	0	4.28734
0		2	1	0.164206	460	1	1.1	4.30099
0		2	1	0.369727	456	0	0	4.2988
0		2	1	0.37401	461	0	0	4.27784
0		2	1	0.369727	456	0	0	4.29263
0		2	1	0.371397	458	0	0	4.29383
0		2	1	0.182347	450	1	0.87	4.28844
0		2	1	0.36096	444	0	0	4.28111
0		2	1	0.354447	432	0	0	4.30056
0		2	1	0.362946	447	0	0	4.2851
0		2	1	0.365809	451	0	0	4.27814
0		2	1	0.372254	459	0	0	4.2744
0		2	1	0.363639	448	0	0	4.27816
0		2	1	0.281672	442	1	0.34	4.26511
0		2	1	0.138533	440	2	1.01	4.26329
0		2	1	0.142458	442	2	1.005	4.24087
0		2	1	0.358531	440	0	0	4.22751
0		2	1	0.359714	442	0	0	4.25384
0		2	1	0.353187	429	0	0	4.26404
0		2	1	0.355856	435	0	0	4.2661
0		2	1	0.350834	422	0	0	4.27189
0		2	1	0.350081	419	0	0	4.26625
0		2	1	0.349483	416	0	0	4.27179
0		2	1	0.348753	402	0	0	4.28165
0		2	1	0.349665	395	0	0	4.26848
0		2	1	0.352077	386	0	0	4.27164
0		2	1	0.359714	370	0	0	4.26115
0		2	1	0.348564	388	1	0	4.23715
0		2	1	0.350315	392	0	0	4.25612
0		2	1	0.350315	392	0	0	4.26842
0		2	1	0.3528	384	0	0	4.28315
0		2	1	0.35537	378	0	0	4.28023
0		2	1	0.355856	377	0	0	4.28258
0		2	1	0.350315	392	0	0	4.28462
0		2	1	0.350315	392	0	0	4.27653
0		2	1	0.351119	389	0	0	4.26771
0		2	1	0.351119	389	0	0	4.25738
0		2	1	0.357413	374	0	0	4.26457
0		2	1	0.362268	366	0	0	4.26594
0		2	1	0.359714	370	0	0	4.27878
0		2	1	0.365809	361	0	0	4.27821
0		2	1	0.370555	355	0	0	4.28314
0		2	1	0.371397	354	0	0	4.28089
0		2	1	0.37401	351	0	0	4.24818
0		2	1	0.37401	351	0	0	4.25062
0		2	1	0.147484	352	1	1.69	4.25338
0		2	1	0.374909	350	0	0	4.25653
0		2	1	0.151937	366	1	1.01	4.21963
0		2	1	0.370555	355	0	0	4.25676
0		2	1	0.370555	355	0	0	4.26834
0		2	1	0.37769	347	0	0	4.26327
0		2	1	0.374909	350	0	0	4.28968
0		2	1	0.371397	354	0	0	4.29995
0		2	1	0.376749	348	0	0	4.28625
0		2	1	0.227847	352	1	0.7	4.26669
0		2	1	0.383618	341	0	0	4.2553
0		2	1	0.383618	341	0	0	4.25281
0		2	1	0.378644	346	0	0	4.26432
0		2	1	0.365809	361	0	0	4.24454
0		2	1	0.367332	359	0	0	4.26453
0		2	1	0.161724	362	1	0.99	4.26751
0		2	1	0.360329	369	0	0	4.24723
0		2	1	0.367332	359	0	0	4.28014
0		2	1	0.364347	363	0	0	4.28022
0		2	1	0.361606	367	0	0	4.29382
0		2	1	0.351741	387	0	0	4.29768
0		2	1	0.353187	383	0	0	4.29875
0		2	1	0.354447	380	0	0	4.27094
0		2	1	0.349483	396	0	0	4.2677
0		2	1	0.350566	391	0	0	4.28065
0		2	1	0.348831	401	0	0	4.27382
0		2	1	0.349318	415	0	0	4.27634
0		2	1	0.0645109	418	1	1.3	4.2654
0		2	1	0.348927	412	0	0	4.27477
0		2	1	0.348614	406	0	0	4.2626
0		2	1	0.352545	434	1	0	4.21779
0		2	1	0.370435	460	1	0	4.12792
0		2	1	0.390836	480	1	0	4.05608
0		2	1	0.354604	438	1	0	4.20472
0		2	1	0.132504	440	1	1.07	4.21474
0		2	1	0.183146	433	1	2.19	4.22817
0		2	1	0.168325	428	1	2.14	4.25355
0		2	1	0.349864	418	0	0	4.27639
0		2	1	0.34917	414	0	0	4.27714
0		2	1	0.349483	416	0	0	4.27751
0		2	1	0.348622	405	0	0	4.28761
0		2	1	0.348649	404	0	0	4.2775
0		2	1	0.35359	382	0	0	4.26245
0		2	1	0.367332	359	0	0	4.27042
0		2	1	0.375822	349	0	0	4.26969
0		2	1	0.371397	354	0	0	4.27509
0		2	1	0.376749	348	0	0	4.28576
0		2	1	0.373124	352	0	0	4.28622
0		2	1	0.378644	346	0	0	4.27551
0		2	1	0.376749	348	0	0	4.26342
0		2	1	0.373124	352	0	0	4.26382
0		2	1	0.37401	351	0	0	4.28295
0		2	1	0.372254	353	0	0	4.28286
0		2	1	0.375822	349	0	0	4.28663
0		2	1	0.37401	351	0	0	4.2998
0		2	1	0.380594	344	0	0	4.30444
0		2	1	0.388919	336	0	0	4.28726
0		2	1	0.384653	340	0	0	4.28037
0		2	1	0.374909	350	0	0	4.26075
0		2	1	0.360878	364	1	0	4.21867
0		2	1	0.238333	368	1	0.55	4.21535
0		2	1	0.156289	381	2	0.865	4.18691
0		2	1	0.0991649	374	1	1.67	4.22443
0		2	1	0.0841144	384	1	1.26	4.2286
0		2	1	0.139054	365	1	1.85	4.26623
0		2	1	0.357413	374	0	0	4.27984
0		2	1	0.358531	372	0	0	4.27301
0		2	1	0.371397	354	0	0	4.25479
0		2	1	0.371397	354	0	0	4.25498
0		2	1	0.372254	353	0	0	4.25928
0		2	1	0.372254	353	0	0	4.29229
0		2	1	0.393386	332	0	0	4.27831
0		2	1	0.384653	340	0	0	4.2886
0		2	1	0.384653	340	0	0	4.26882
0		2	1	0.370555	355	0	0	4.26845
0		2	1	0.375822	349	0	0	4.27374
0		2	1	0.391128	334	0	0	4.26548
0		2	1	0.38676	338	0	0	4.26489
0		2	1	0.398046	328	0	0	4.26308
0		2	1	0.410502	318	0	0	4.25359
0		2	1	0.432606	302	0	0	4.24405
0		2	1	0.434069	301	0	0	4.245
0		2	1	0.42543	307	0	0	4.23457
0		2	1	0.438512	298	0	0	4.25116
0		2	1	0.434069	301	0	0	4.25292
0		2	1	0.441518	296	0	0	4.2744
0		2	1	0.362442	312	1	0.29	4.23476
0		2	1	0.367559	311	1	0.27	4.22337
0		2	1	0.273158	334	1	0.6	4.15973
0		2	1	0.207881	324	1	1.6	4.21918
0		2	1	0.201411	336	1	1.89	4.22482
0		2	1	0.163721	344	1	1.29	4.23565
0		2	1	0.182725	340	2	1.825	4.23393
0		2	1	0.382597	342	0	0	4.24552
0		2	1	0.395692	330	0	0	4.27669
0		2	1	0.400447	326	0	0	4.2714
0		2	1	0.405386	322	0	0	4.27143
0		2	1	0.395692	330	0	0	4.28456
0		2	1	0.398046	328	0	0	4.27114
0		2	1	0.411807	317	0	0	4.25029
0		2	1	0.421238	310	0	0	4.22203
0		2	1	0.42543	307	0	0	4.24769
0		2	1	0.418858	310	1	0	4.2488
0		2	1	0.429708	304	0	0	4.25299
0		2	1	0.447631	292	0	0	4.28323
0		2	1	0.444558	294	0	0	4.27781
0		2	1	0.444558	294	0	0	4.28588
0		2	1	0.44609	293	0	0	4.28716
0		2	1	0.376959	301	1	0.31	4.24148
0		2	1	0.288123	324	1	0.61	4.20781
0		2	1	0.268648	338	1	0.59	4.1456
0		2	1	0.27007	346	1	0.52	4.10659
0		2	1	0.270695	350	1	0.49	4.07295
0		2	1	0.145928	354	1	1.23	4.08099
0		2	1	0.181996	348	1	1.93	4.18798
0		2	1	0.388919	336	0	0	4.22168
0		2	1	0.173343	340	1	1.67	4.24825
0		2	1	0.388919	336	0	0	4.2403
0		2	1	0.401665	325	0	0	4.26225
0		2	1	0.395692	330	0	0	4.27115
0		2	1	0.178528	340	1	1.21	4.27342
0		2	1	0.39199	331	1	0	4.26837
0		2	1	0.293485	336	1	0.47	4.26577
0		2	1	0.205761	335	1	1.91	4.2397
0		2	1	0.177813	336	1	1.55	4.23648
0		2	1	0.387833	337	0	0	4.22337
0		2	1	0.384653	340	0	0	4.26404
0		2	1	0.376749	348	0	0	4.22984
0		2	1	0.366193	357	1	0	4.19368
0		2	1	0.380594	344	0	0	4.23838
0		2	1	0.384653	340	0	0	4.24799
0		2	1	0.376749	348	0	0	4.26589
0		2	1	0.383618	341	0	0	4.26629
0		2	1	0.279727	346	1	0.47	4.26012
0		2	1	0.402894	324	0	0	4.25884
0		2	1	0.410502	318	0	0	4.26464
0		2	1	0.402894	324	0	0	4.2692
0		2	1	0.418493	312	0	0	4.29919
0		2	1	0.431153	303	0	0	4.28097
0		2	1	0.413124	316	0	0	4.24841
0		2	1	0.292472	318	1	0.65	4.23901
0		2	1	0.418493	312	0	0	4.25956
0		2	1	0.405463	320	1	0	4.23479
0		2	1	0.421238	310	0	0	4.26684
0		2	1	0.410502	318	0	0	4.27256
0		2	1	0.429708	304	0	0	4.2866
0		2	1	0.450737	290	0	0	4.27379
0		2	1	0.435541	300	0	0	4.27441
0		2	1	0.429708	304	0	0	4.26379
0		2	1	0.256401	316	1	0.95	4.2584
0		2	1	0.429708	304	0	0	4.27483
0		2	1	0.424023	308	0	0	4.25522
0		2	1	0.355793	322	2	0.235	4.22451
0		2	1	0.239508	319	1	1.05	4.25977
0		2	1	0.253859	312	1	1.89	4.28975
0		2	1	0.276049	326	1	2.29	4.26619
0		2	1	0.224385	317	1	1.59	4.24819
0		2	1	0.413124	316	0	0	4.20534
0		2	1	0.288003	326	1	0.59	4.20644
0		2	1	0.401665	325	0	0	4.24431
0		2	1	0.396728	327	1	0	4.25865
0		2	1	0.411807	317	0	0	4.23667
0		2	1	0.418493	312	0	0	4.25891
0		2	1	0.429708	304	0	0	4.27478
0		2	1	0.424023	308	0	0	4.26596
0		2	1	0.424023	308	0	0	4.26854
0		2	1	0.428272	305	0	0	4.28145
0		2	1	0.444558	294	0	0	4.27468
0		2	1	0.444558	294	0	0	4.28083
0		2	1	0.450737	290	0	0	4.27474
0		2	1	0.444558	294	0	0	4.24215
0		2	1	0.434069	301	0	0	4.22578
0		2	1	0.435541	300	0	0	4.25615
0		2	1	0.438512	298	0	0	4.26753
0		2	1	0.447631	292	0	0	4.28032
0		2	1	0.438512	298	0	0	4.26967
0		2	1	0.438512	298	0	0	4.24597
0		2	1	0.438512	298	0	0	4.26215
0		2	1	0.435541	300	0	0	4.27861
0		2	1	0.414451	315	0	0	4.28408
0		2	1	0.429708	304	0	0	4.27328
0		2	1	0.435541	300	0	0	4.28895
0		2	1	0.447631	292	0	0	4.27801
0		2	1	0.471685	277	0	0	4.28437
0		2	1	0.475017	275	0	0	4.27814
0		2	1	0.485177	269	0	0	4.24215
0		2	1	0.320545	294	2	0.78	4.18745
0		2	1	0.326192	277	1	1.21	4.23291
0		2	1	0.318256	278	1	1.55	4.24161
0		2	1	0.463478	282	0	0	4.24593
0		2	1	0.483467	270	0	0	4.24754
0		2	1	0.480067	272	0	0	4.29409
0		2	1	0.49208	265	0	0	4.28104
0		2	1	0.495569	263	0	0	4.28215
0		2	1	0.497322	262	0	0	4.29286
0		2	1	0.490344	266	0	0	4.27496
0		2	1	0.476693	274	0	0	4.23381
0		2	1	0.483467	270	0	0	4.24741
0		2	1	0.493821	264	0	0	4.26283
0		2	1	0.500847	260	0	0	4.23129
0		2	1	0.515178	252	0	0	4.22996
0		2	1	0.537312	240	0	0	4.21744
0		2	1	0.405648	264	1	0.61	4.08604
0		2	1	0.410818	254	1	0.77	4.13422
0		2	1	0.381573	258	1	1.93	4.19828
0		2	1	0.495569	263	0	0	4.22213
0		2	1	0.39369	272	1	0.57	4.21303
0		2	1	0.381601	284	1	0.48	4.19589
0		2	1	0.366426	275	1	0.75	4.21807
0		2	1	0.358166	261	2	1.555	4.21943
0		2	1	0.461316	282	1	0	4.14601
0		2	1	0.448513	290	1	0	4.1071
0		2	1	0.291353	292	1	1.19	4.13224
0		2	1	0.290669	293	1	1.16	4.12795
0		2	1	0.293277	290	1	1.25	4.16099
0		2	1	0.382987	292	1	0.37	4.12416
0		2	1	0.321046	291	1	0.85	4.15342
0		2	1	0.316448	298	1	0.76	4.12024
0		2	1	0.282082	293	1	1.38	4.18102
0		2	1	0.308961	287	1	1.86	4.23194
0		2	1	0.463478	282	0	0	4.28411
0		2	1	0.476693	274	0	0	4.2847
0		2	1	0.470029	278	0	0	4.26661
0		2	1	0.478377	273	0	0	4.29219
0		2	1	0.480067	272	0	0	4.29392
0		2	1	0.466739	280	0	0	4.29604
0		2	1	0.457046	286	0	0	4.2835
0		2	1	0.461859	283	0	0	4.28287
0		2	1	0.444558	294	0	0	4.28967
0		2	1	0.450737	290	0	0	4.2859
0		2	1	0.44609	293	0	0	4.27055
0		2	1	0.319307	306	1	0.62	4.25783
0		2	1	0.421238	310	0	0	4.27052
0		2	1	0.422626	309	0	0	4.27522
0		2	1	0.440011	297	0	0	4.2584
0		2	1	0.44609	293	0	0	4.22896
0		2	1	0.441518	296	0	0	4.24031
0		2	1	0.452303	289	0	0	4.24325
0		2	1	0.438512	298	0	0	4.23018
0		2	1	0.418493	312	0	0	4.21171
0		2	1	0.23385	313	1	1.37	4.24318
0		2	1	0.42543	307	0	0	4.24953
0		2	1	0.280226	312	1	0.82	4.21575
0		2	1	0.406755	319	1	0	4.19318
0		2	1	0.390836	332	1	0	4.14776
0		2	1	0.231698	314	1	1.36	4.22958
0		2	1	0.242302	309	1	1.5	4.22216
0		2	1	0.435541	300	0	0	4.25278
0		2	1	0.237754	318	1	1.86	4.22252
0		2	1	0.414451	315	0	0	4.25202
0		2	1	0.432606	302	0	0	4.25371
0		2	1	0.432606	302	0	0	4.25697
0		2	1	0.432606	302	0	0	4.27945
0		2	1	0.447631	292	0	0	4.27811
0		2	1	0.460247	284	0	0	4.25306
0		2	1	0.432606	302	0	0	4.26879
0		2	1	0.441518	296	0	0	4.27623
0		2	1	0.426846	306	0	0	4.25742
0		2	1	0.429708	304	0	0	4.24853
0		2	1	0.426846	306	0	0	4.25049
0		2	1	0.437022	299	0	0	4.26728
0		2	1	0.447631	292	0	0	4.27975
0		2	1	0.460247	284	0	0	4.26028
0		2	1	0.480067	272	0	0	4.26211
0		2	1	0.495569	263	0	0	4.26135
0		2	1	0.483467	270	0	0	4.24508
0		2	1	0.480067	272	0	0	4.26206
0		2	1	0.481763	271	0	0	4.25869
0		2	1	0.502619	259	0	0	4.25546
0		2	1	0.526153	246	0	0	4.25486
0		2	1	0.522474	248	0	0	4.24264
0		2	1	0.526153	246	0	0	4.25117
0		2	1	0.54107	238	0	0	4.28729
0		2	1	0.54107	238	0	0	4.2754
0		2	1	0.544846	236	0	0	4.29669
0		2	1	0.516884	250	1	0	4.28303
0		2	1	0.537312	240	0	0	4.294
0		2	1	0.544846	236	0	0	4.28176
0		2	1	0.563995	226	0	0	4.28183
0		2	1	0.563995	226	0	0	4.26118
0		2	1	0.565933	225	0	0	4.26609
0		2	1	0.591486	212	0	0	4.26171
0		2	1	0.6055	205	0	0	4.26559
0		2	1	0.61561	200	0	0	4.24441
0		2	1	0.621714	197	0	0	4.22382
0		2	1	0.631949	192	0	0	4.19376
0		2	1	0.623755	196	0	0	4.22041
0		2	1	0.607515	204	0	0	4.27846
0		2	1	0.631949	192	0	0	4.26144
0		2	1	0.619676	198	0	0	4.26146
0		2	1	0.623755	196	0	0	4.25367
0		2	1	0.640189	188	0	0	4.26913
0		2	1	0.640189	188	0	0	4.22687
0		2	1	0.667273	175	0	0	4.24257
0		2	1	0.652634	182	0	0	4.22625
0		2	1	0.671478	173	0	0	4.24242
0		2	1	0.660984	178	0	0	4.21152
0		2	1	0.669374	174	0	0	4.23584
0		2	1	0.658892	179	0	0	4.20576
0		2	1	0.648475	184	0	0	4.20037
0		2	1	0.539464	188	1	1.62	4.18682
0		2	1	0.568579	195	1	0.5	4.20635
0		2	1	0.529576	193	2	1.775	4.22031
0		2	1	0.658892	179	0	0	4.28278
0		2	1	0.658892	179	0	0	4.2685
0		2	1	0.627846	194	0	0	4.26615
0		2	1	0.61561	200	0	0	4.2251
0		2	1	0.623755	196	0	0	4.20526
0		2	1	0.631949	192	0	0	4.2376
0		2	1	0.509941	205	1	0.98	4.18196
0		2	1	0.492022	207	1	1.41	4.21005
0		2	1	0.489384	208	1	1.51	4.21081
0		2	1	0.495794	208	1	1.82	4.17331
0		2	1	0.483109	212	1	1.73	4.1648
0		2	1	0.525019	222	1	0.35	4.16655
0		2	1	0.45456	228	1	0.99	4.19838
0		2	1	0.533573	242	0	0	4.23882
0		2	1	0.437841	234	1	1.92	4.24145
0		2	1	0.452671	226	1	1.83	4.2292
0		2	1	0.459329	227	1	0.95	4.23588
0		2	1	0.583556	216	0	0	4.25349
0		2	1	0.583556	216	0	0	4.26686
0		2	1	0.587513	214	0	0	4.25344
0		2	1	0.571981	221	1	0	4.21223
0		2	1	0.579613	218	0	0	4.23311
0		2	1	0.601479	207	0	0	4.2469
0		2	1	0.597471	209	0	0	4.24916
0		2	1	0.52699	220	1	0.37	4.18938
0		2	1	0.595472	210	0	0	4.21684
0		2	1	0.581582	217	0	0	4.26667
0		2	1	0.599473	208	0	0	4.2568
0		2	1	0.589498	213	0	0	4.24696
0		2	1	0.505488	204	1	1.82	4.22601
0		2	1	0.631949	192	0	0	4.24635
0		2	1	0.627846	194	0	0	4.24161
0		2	1	0.625799	195	0	0	4.24727
0		2	1	0.627846	194	0	0	4.22952
0		2	1	0.611556	202	0	0	4.22539
0		2	1	0.638125	189	0	0	4.22267
0		2	1	0.623755	196	0	0	4.21382
0		2	1	0.629896	193	0	0	4.19799
0		2	1	0.648475	184	0	0	4.23228
0		2	1	0.648475	184	0	0	4.21627
0		2	1	0.673585	172	0	0	4.26799
0		2	1	0.660984	178	0	0	4.25639
0		2	1	0.654717	181	0	0	4.25515
0		2	1	0.669374	174	0	0	4.23901
0		2	1	0.667273	175	0	0	4.23953
0		2	1	0.677804	170	0	0	4.25648
0		2	1	0.694777	162	0	0	4.256
0		2	1	0.699042	160	0	0	4.23288
0		2	1	0.701178	159	0	0	4.19797
0		2	1	0.707599	156	0	0	4.23405
0		2	1	0.703316	158	0	0	4.15274
0		2	1	0.709743	155	0	0	4.16688
0		2	1	0.739974	141	0	0	4.2245
0		2	1	0.733464	144	0	0	4.18996
0		2	1	0.744322	139	0	0	4.18042
0		2	1	0.739974	141	0	0	4.19766
0		2	1	0.716189	152	0	0	4.2059
0		2	1	0.720496	150	0	0	4.17989
0		2	1	0.726971	147	0	0	4.18558
0		2	1	0.733464	144	0	0	4.16137
0		2	1	0.742147	140	0	0	4.18588
0		2	1	0.72343	148	1	0	4.14599
0		2	1	0.716189	152	0	0	4.21121
0		2	1	0.724811	148	0	0	4.23214
0		2	1	0.733464	144	0	0	4.20448
0		2	1	0.729134	146	0	0	4.1661
0		2	1	0.722653	149	0	0	4.21235
0		2	1	0.733464	144	0	0	4.2163
0		2	1	0.709743	155	0	0	4.20876
0		2	1	0.724811	148	0	0	4.24069
0		2	1	0.724811	148	0	0	4.20143
0		2	1	0.707599	156	0	0	4.17628
0		2	1	0.684152	167	0	0	4.21625
0		2	1	0.707599	156	0	0	4.19889
0		2	1	0.71189	154	0	0	4.252
0		2	1	0.720496	150	0	0	4.23741
0		2	1	0.735632	143	0	0	4.19596
0		2	1	0.726971	147	0	0	4.17638
0		2	1	0.726971	147	0	0	4.13478
0		2	1	0.720496	150	0	0	4.18351
0		2	1	0.731298	145	0	0	4.20551
0		2	1	0.735632	143	0	0	4.13552
0		2	1	0.708333	155	1	0	4.0406
0		2	1	0.674076	156	1	0.31	3.99876
0		2	1	0.724811	148	0	0	4.11449
0		2	1	0.716189	152	0	0	4.06689
0		2	1	0.71189	154	0	0	4.09038
0		2	1	0.739974	141	0	0	4.13209
0		2	1	0.726971	147	0	0	4.13478
0		2	1	0.716189	152	0	0	4.22867
0		2	1	0.709743	155	0	0	4.20192
0		2	1	0.716189	152	0	0	4.20444
0		2	1	0.726971	147	0	0	4.21084
0		2	1	0.718342	151	0	0	4.19527
0		2	1	0.720496	150	0	0	4.14064
0		2	1	0.722653	149	0	0	4.1836
0		2	1	0.718342	151	0	0	4.15321
0		2	1	0.7465	138	0	0	4.17142
0		2	1	0.748678	137	0	0	4.23395
0		2	1	0.739974	141	0	0	4.2048
0		2	1	0.742147	140	0	0	4.19713
0		2	1	0.742147	140	0	0	4.20151
0		2	1	0.692263	142	1	0.47	4.18529
0		2	1	0.731298	145	0	0	4.14746
0		2	1	0.726971	147	0	0	4.20713
0		2	1	0.709743	155	0	0	4.14642
0		2	1	0.701178	159	0	0	4.17178
0		2	1	0.707599	156	0	0	4.21598
0		2	1	0.694777	162	0	0	4.22665
0		2	1	0.714038	153	0	0	4.21091
0		2	1	0.733464	144	0	0	4.17285
0		2	1	0.71189	154	0	0	4.19762
0		2	1	0.724811	148	0	0	4.17205
0		2	1	0.733464	144	0	0	4.10321
0		2	1	0.753041	135	0	0	4.17827
0		2	1	0.748678	137	0	0	4.17639
0		2	1	0.742147	140	0	0	4.17196
0		2	1	0.733464	144	0	0	4.1807
0		2	1	0.733464	144	0	0	4.19641
0		2	1	0.742147	140	0	0	4.20119
0		2	1	0.727761	146	1	0	4.13179
0		2	1	0.739974	141	0	0	4.19381
0		2	1	0.750859	136	0	0	4.20447
0		2	1	0.690626	132	1	0.87	4.19784
0		2	1	0.766171	129	0	0	4.20133
0		2	1	0.766171	129	0	0	4.10831
0		2	1	0.777158	124	0	0	4.14103
0		2	1	0.781564	122	0	0	4.16561
0		2	1	0.794818	116	0	0	4.21435
0		2	1	0.783769	121	0	0	4.22297
0		2	1	0.785976	120	0	0	4.1594
0		2	1	0.797032	115	0	0	4.13962
0		2	1	0.803684	112	0	0	4.19508
0		2	1	0.793559	116	1	0	4.17991
0		2	1	0.825945	102	0	0	4.21433
0		2	1	0.825945	102	0	0	4.18684
0		2	1	0.834887	98	0	0	4.19724
0		2	1	0.830414	100	0	0	4.16234
0		2	1	0.83265	99	0	0	4.17911
0		2	1	0.823713	103	0	0	4.12034
0		2	1	0.828179	101	0	0	4.12799
0		2	1	0.821482	104	0	0	4.11681
0		2	1	0.839366	96	0	0	4.14743
0		2	1	0.848338	92	0	0	4.11661
0		2	1	0.85733	88	0	0	4.07068
0		2	1	0.868595	83	0	0	4.10232
0		2	1	0.85733	88	0	0	4.1164
0		2	1	0.846093	93	0	0	4.14811
0		2	1	0.839366	96	0	0	4.09894
0		2	1	0.850584	91	0	0	4.08072
0		2	1	0.84385	94	0	0	4.0987
0		2	1	0.848338	92	0	0	4.06766
0		2	1	0.830414	100	0	0	4.14408
0		2	1	0.839366	96	0	0	4.21856
0		2	1	0.848338	92	0	0	4.2069
0		2	1	0.864086	85	0	0	4.19326
0		2	1	0.870852	82	0	0	4.16361
0		2	1	0.875368	80	0	0	4.12577
0		2	1	0.870852	82	0	0	4.17726
0		2	1	0.86634	84	0	0	4.193
0		2	1	0.789895	86	1	1.62	4.04581
0		2	1	0.819819	92	1	0.32	3.92762
0		2	1	0.852831	90	0	0	3.97146
0		2	1	0.870852	82	0	0	4.04165
0		2	1	0.879889	78	0	0	4.14553
0		2	1	0.893477	72	0	0	4.11499
0		2	1	0.888943	74	0	0	4.02157
0		2	1	0.895745	71	0	0	3.98268
0		2	1	0.913928	63	0	0	4.05715
0		2	1	0.925325	58	0	0	4.0087
0		2	1	0.93903	52	0	0	3.90651
0		2	1	0.934458	54	0	0	3.81581
0		2	1	0.916206	62	0	0	3.98687
0		2	1	0.905999	66	1	0	4.01453
0		2	1	0.883283	76	1	0	3.93209
0		2	1	0.83767	72	1	0.82	3.95836
0		2	1	0.898015	70	0	0	4.17758
0		2	1	0.907102	66	0	0	4.08315
0		2	1	0.907102	66	0	0	4.0594
0		2	1	0.8969	70	1	0	3.94343
0		2	1	0.893477	72	0	0	4.02404
0		2	1	0.900285	69	0	0	4.06453
0		2	1	0.904829	67	0	0	4.02016
0		2	1	0.913928	63	0	0	4.13539
0		2	1	0.900285	69	0	0	4.00623
0		2	1	0.900285	69	0	0	3.90436
0		2	1	0.888943	74	0	0	3.98129
0		2	1	0.900285	69	0	0	3.9996
0		2	1	0.900285	69	0	0	3.95317
0		2	1	0.888943	74	0	0	4.06978
0		2	1	0.879889	78	0	0	4.08222
0		2	1	0.870852	82	0	0	4.14394
0		2	1	0.85958	87	0	0	4.14498
0		2	1	0.850584	91	0	0	4.12884
0		2	1	0.834887	98	0	0	4.07636
0		2	1	0.767105	96	1	1.21	4.10544
0		2	1	0.848338	92	0	0	4.15038
0		2	1	0.841607	95	0	0	4.16273
0		2	1	0.850584	91	0	0	4.17132
0		2	1	0.848338	92	0	0	4.19453
0		2	1	0.848338	92	0	0	4.17139
0		2	1	0.839366	96	0	0	4.10407
0		2	1	0.781165	108	1	0.34	4.04866
0		2	1	0.828179	101	0	0	4.1008
0		2	1	0.837126	97	0	0	4.14268
0		2	1	0.839366	96	0	0	4.07024
0		2	1	0.852831	90	0	0	4.07806
0		2	1	0.86634	84	0	0	4.05933
0		2	1	0.873109	81	0	0	4.0616
0		2	1	0.879889	78	0	0	4.09929
0		2	1	0.884414	76	0	0	4.24941
0		2	1	0.886678	75	0	0	4.25652
0		2	1	0.886678	75	0	0	4.14542
0		2	1	0.895745	71	0	0	4.15225
0		2	1	0.895745	71	0	0	4.08328
0		2	1	0.902557	68	0	0	4.1385
0		2	1	0.902557	68	0	0	4.11313
0		2	1	0.907102	66	0	0	4.04053
0		2	1	0.898015	70	0	0	4.04218
0		2	1	0.900285	69	0	0	3.96818
0		2	1	0.900285	69	0	0	4.03592
0		2	1	0.907102	66	0	0	3.90109
0		2	1	0.911652	64	0	0	3.97555
0		2	1	0.911652	64	0	0	3.99369
0		2	1	0.916206	62	0	0	3.94181
0		2	1	0.925325	58	0	0	4.00281
0		2	1	0.918484	61	0	0	3.98737
0		2	1	0.913928	63	0	0	3.97128
0		2	1	0.911652	64	0	0	4.04022
0		2	1	0.907102	66	0	0	3.99654
0		2	1	0.916206	62	0	0	4.00243
0		2	1	0.902557	68	0	0	4.09813
0		2	1	0.895745	71	0	0	3.99959
0		2	1	0.893477	72	0	0	4.09748
0		2	1	0.893477	72	0	0	4.07857
0		2	1	0.902557	68	0	0	4.10985
0		2	1	0.918484	61	0	0	4.03398
0		2	1	0.920763	60	0	0	3.99199
0		2	1	0.93903	52	0	0	3.96433
0		2	1	0.945895	49	0	0	3.94505
0		2	1	0.952768	46	0	0	3.63915
0		2	1	0.952768	46	0	0	4.03071
0		2	1	0.93903	52	0	0	3.97178
0		2	1	0.943606	50	0	0	3.68729
0		2	1	0.941318	51	0	0	3.62076
0		2	1	0.948186	48	0	0	3.62979
0		2	1	0.955061	45	0	0	3.56955
0		2	1	0.948186	48	0	0	3.62373
0		2	1	0.952768	46	0	0	3.74859
0		2	1	0.959649	43	0	0	3.7928
0		2	1	0.952768	46	0	0	3.89053
0		2	1	0.957355	44	0	0	4.11581
0		2	1	0.96424	41	0	0	3.88588
0		2	1	0.984941	32	0	0	3.66784
0		2	1	0.982638	33	0	0	3.66228
0		2	1	0.984941	32	0	0	3.6123
0		2	1	0.994161	28	0	0	3.80735
0		2	1	0.998776	26	0	0	3.61334
0		2	1	0.994161	28	0	0	3.46772
0		2	1	0.98955	30	0	0	3.49334
0		2	1	0.978033	35	0	0	3.65712
0		2	1	0.982638	33	0	0	4.02093
0		2	1	0.980335	34	0	0	3.89249
0		2	1	0.987245	31	0	0	3.93775
0		2	1	0.984941	32	0	0	3.62066
0		2	1	0.98955	30	0	0	3.7899
0		2	1	0.98955	30	0	0	3.60624
0		2	1	0.991855	29	0	0	3.62094
0		2	1	0.982638	33	0	0	3.59366
0		2	1	0.984941	32	0	0	3.62581
0		2	1	0.984941	32	0	0	3.71502
0		2	1	0.978033	35	0	0	3.51887
0		2	1	0.975733	36	0	0	3.33157
0		2	1	0.975733	36	0	0	3.4581
0		2	1	0.973432	37	0	0	3.65853
0		2	1	0.980335	34	0	0	3.92541
0		2	1	0.984941	32	0	0	3.92923
0		2	1	0.978033	35	0	0	4.01444
0		2	1	0.975733	36	0	0	3.99591
0		2	1	0.982638	33	0	0	3.9832
0		2	1	0.978033	35	0	0	3.90015
0		2	1	0.971133	38	0	0	3.84571
0		2	1	0.975733	36	0	0	4.00675
0		2	1	0.987245	31	0	0	3.9134
0		2	1	0.984941	32	0	0	3.80423
0		2	1	0.978033	35	0	0	3.6396
0		2	1	0.978033	35	0	0	3.60402
0		2	1	0.978033	35	0	0	3.59287
0		2	1	0.966537	40	0	0	3.71596
0		2	1	0.968835	39	0	0	3.80401
0		2	1	0.96424	41	0	0	3.89964
0		2	1	0.971133	38	0	0	3.9778
0		2	1	0.982638	33	0	0	3.91956
0		2	1	0.984941	32	0	0	3.8623
0		2	1	0.994161	28	0	0	3.8388
0		2	1	0.994161	28	0	0	3.69951
0		2	1	0.98955	30	0	0	3.68173
0		2	1	0.98955	30	0	0	3.55258
0		2	1	0.996468	27	0	0	3.60232
0		2	1	1.00339	24	0	0	3.43872
0		2	1	1.00339	24	0	0	3.68872
0		2	1	1.00339	24	0	0	3.63684
0		2	1	1.00339	24	0	0	3.83496
0		2	1	0.998776	26	0	0	3.5843
0		2	1	0.98955	30	0	0	3.6314
0		2	1	0.987245	31	0	0	3.5263
0		2	1	0.982638	33	0	0	3.65729
0		2	1	0.982638	33	0	0	3.83608
0		2	1	0.957355	44	0	0	3.71845
0		2	1	0.917956	46	1	0.47	3.524
0		2	1	0.957355	44	0	0	3.53003
0		2	1	0.954013	45	1	0	3.49558
0		2	1	0.944838	49	1	0	3.3274
0		2	1	0.961944	42	0	0	3.71996
0		2	1	0.966537	40	0	0	3.64644
0		2	1	0.966537	40	0	0	3.70208
0		2	1	0.978033	35	0	0	3.59287
0		2	1	0.978033	35	0	0	3.28154
0		2	1	0.980335	34	0	0	3.52028
0		2	1	0.978033	35	0	0	3.73702
0		2	1	0.980335	34	0	0	3.95909
0		2	1	0.973432	37	0	0	3.95906
0		2	1	0.966537	40	0	0	4.02757
0		2	1	0.961944	42	0	0	3.98471
0		2	1	0.952768	46	0	0	3.87902
0		2	1	0.961944	42	0	0	4.02304
0		2	1	0.957355	44	0	0	3.97343
0		2	1	0.948186	48	0	0	3.8597
0		2	1	0.957355	44	0	0	3.90195
0		2	1	0.961944	42	0	0	3.90115
0		2	1	0.959649	43	0	0	3.88583
0		2	1	0.966537	40	0	0	3.95869
0		2	1	0.957355	44	0	0	3.88252
0		2	1	0.961944	42	0	0	3.75437
0		2	1	0.952768	46	0	0	3.77924
0		2	1	0.948186	48	0	0	3.71385
0		2	1	0.950477	47	0	0	3.83344
0		2	1	0.957355	44	0	0	3.83105
0		2	1	0.961944	42	0	0	3.85353
0		2	1	0.96424	41	0	0	3.9555
0		2	1	0.959649	43	0	0	3.74629
0		2	1	0.966537	40	0	0	3.98733
0		2	1	0.973432	37	0	0	4.07772
0		2	1	0.975733	36	0	0	3.91661
0		2	1	0.980335	34	0	0	3.97645
0		2	1	0.987245	31	0	0	3.8647
0		2	1	0.984941	32	0	0	3.71371
0		2	1	0.984941	32	0	0	3.75705
0		2	1	0.994161	28	0	0	3.58005
0		2	1	0.984941	32	0	0	3.70675
0		2	1	0.987245	31	0	0	3.64358
0		2	1	0.980335	34	0	0	3.47655
0		2	1	0.978033	35	0	0	3.65001
0		2	1	0.966537	40	0	0	3.68483
0		2	1	0.966537	40	0	0	3.72507
0		2	1	0.950477	47	0	0	3.80344
0		2	1	0.955061	45	0	0	3.97543
