0	3.26438	3	0.28929		3	3	3.26438	3		0	0	4.67601e-310	1
1	3.26438	2.95981	0.199889		3.26438	3	3.26438	2.95981		0	0	1.46737e-321	1
2	3.33511	2.95981	0.148757		3.26438	2.95981	3.33511	2.95981		0	0	3.00392e-321	1
3	3.33511	2.95981	0.148757		3.33511	2.95981	3.33511	2.75632		0.283679	0.143659	0.00826389	0
4	3.33511	2.95981	0.148757		3.33511	2.95981	4.62565	2.95981		0.397891	0.151117	0.000545219	0
5	3.33511	3.07365	0.110839		3.33511	2.95981	3.33511	3.07365		0	0	0	1
6	3.33511	3.07365	0.110839		3.33511	3.07365	3.11778	3.07365		0.35332	0.211317	0.0035534	0
7	3.33511	3.07365	0.110839		3.33511	3.07365	3.33511	3.54541		0.341511	0.188179	0.00260705	0
8	3.33511	3.07365	0.110839		3.33511	3.07365	3.27368	3.07365		0.31738	0.2023	0.00524981	0
9	3.33511	3.07365	0.110839		3.33511	3.07365	3.33511	3.99102		0.343818	0.140546	0.000548214	0
10	3.33511	3.07365	0.110839		3.33511	3.07365	2.5363	3.07365		0.395551	0.169406	0.000555813	0
11	3.33511	3.07365	0.110839		3.33511	3.07365	3.33511	1.91186		0.433661	0.169012	0.00063168	0
12	3.33511	3.07365	0.110839		3.33511	3.07365	3.46732	3.07365		0.292193	0.14095	0.00187193	0
13	3.33511	3.07365	0.110839		3.33511	3.07365	3.33511	3.58107		0.466888	0.247484	0.000739157	0
14	3.33511	3.07365	0.110839		3.33511	3.07365	3.32544	3.07365		0.402426	0.191041	0.000504769	0
15	3.33511	3.07365	0.110839		3.33511	3.07365	3.33511	1.87114		0.446223	0.121785	0.000910755	0
16	3.33511	3.07365	0.110839		3.33511	3.07365	0.791726	3.07365		0.3069	0.138572	0.000816943	0
17	3.33511	3.07365	0.110839		3.33511	3.07365	3.33511	2.50445		0.276266	0.128822	0.00190221	0
18	3.33511	3.07365	0.110839		3.33511	3.07365	3.70613	3.07365		0.388511	0.141916	0.000647071	0
19	3.33511	3.07365	0.110839		3.33511	3.07365	3.33511	3.48098		0.339711	0.153927	0.000581674	0
20	3.33511	3.07365	0.110839		3.33511	3.07365	6.44558	3.07365		0.382071	0.0733592	0.00122275	0
21	3.33511	4.88073	0.0471585		3.33511	3.07365	3.33511	4.88073		0	0	0	1
22	3.33511	4.88073	0.0471585		3.33511	4.88073	2.81505	4.88073		0.23473	0.133534	0.000850228	0
23	3.33511	4.88073	0.0471585		3.33511	4.88073	3.33511	4.84481		0.266217	0.170522	0.00189634	0
24	3.33511	4.88073	0.0471585		3.33511	4.88073	2.95697	4.88073		0.323541	0.197283	0.000862426	0
25	3.33511	4.88073	0.0471585		3.33511	4.88073	3.33511	4.9876		0.348872	0.180616	0.000552445	0
26	3.33511	4.88073	0.0471585		3.33511	4.88073	4.03883	4.88073		0.373747	0.17642	0.000612213	0
27	3.33511	4.88073	0.0471585		3.33511	4.88073	3.33511	4.85231		0.340679	0.245399	0.00296606	0
28	3.33511	4.88073	0.0471585		3.33511	4.88073	3.7811	4.88073		0.270146	0.106448	0.000692777	0
29	3.33511	4.88073	0.0471585		3.33511	4.88073	3.33511	5.87032		0.397789	0.192512	0.000602341	0
30	3.33511	4.88073	0.0471585		3.33511	4.88073	3.85506	4.88073		0.28816	0.179818	0.00122445	0
31	3.33511	5.30878	0.249894		3.33511	4.88073	3.33511	5.30878		0.394236	0.16568	0.000692798	1
32	3.76611	5.30878	0.220151		3.33511	5.30878	3.76611	5.30878		0	0	0	1
33	3.76611	6.57082	0.0910294		3.76611	5.30878	3.76611	6.57082		0	0	0	1
34	3.76611	6.57082	0.0910294		3.76611	6.57082	5.48468	6.57082		0.359475	0.206053	0.00167696	0
35	3.76611	6.57082	0.0910294		3.76611	6.57082	3.76611	6.1209		0.388096	0.288677	0.004984	0
36	3.76611	6.57082	0.0910294		3.76611	6.57082	4.52934	6.57082		0.363658	0.208414	0.00161279	0
37	3.76611	6.57082	0.0910294		3.76611	6.57082	3.76611	6.44188		0.430672	0.188068	0.000597251	0
38	3.76611	6.57082	0.0910294		3.76611	6.57082	3.95718	6.57082		0.416823	0.212942	0.000505978	0
39	3.76611	7.30557	0.0700764		3.76611	6.57082	3.76611	7.30557		0	0	0	1
40	3.76611	7.30557	0.0700764		3.76611	7.30557	2.71767	7.30557		0.328001	0.183529	0.000847989	0
41	3.76611	6.52273	0.0663399		3.76611	7.30557	3.76611	6.52273		0	0	0	1
42	3.76611	6.52273	0.0663399		3.76611	6.52273	5.20842	6.52273		0.300813	0.171139	0.000963283	0
43	3.76611	6.52273	0.0663399		3.76611	6.52273	3.76611	7.35401		0.379182	0.181255	0.000570805	0
44	3.76611	6.52273	0.0663399		3.76611	6.52273	3.02324	6.52273		0.39319	0.173701	0.000622298	0
45	3.76611	6.52273	0.0663399		3.76611	6.52273	3.76611	6.19422		0.261533	0.1546	0.00216296	0
46	3.76611	6.52273	0.0663399		3.76611	6.52273	2.50621	6.52273		0.409951	0.314865	0.00423215	0
47	3.76611	6.52273	0.0663399		3.76611	6.52273	3.76611	6.14082		0.332604	0.146424	0.000601382	0
48	3.76611	6.52273	0.0663399		3.76611	6.52273	4.07211	6.52273		0.354824	0.216648	0.00132918	0
49	3.76611	6.52273	0.0663399		3.76611	6.52273	3.76611	5.94187		0.306297	0.136672	0.000580639	0
50	3.76611	6.52273	0.0663399		3.76611	6.52273	3.38218	6.52273		0.420149	0.124677	0.000938503	0
51	3.76611	6.52273	0.0663399		3.76611	6.52273	3.76611	7.05138		0.373188	0.179311	0.000565935	0
52	3.76611	6.52273	0.0663399		3.76611	6.52273	2.74621	6.52273		0.3134	0.106105	0.000770047	0
53	3.76611	6.52273	0.0663399		3.76611	6.52273	3.76611	6.1126		0.258421	0.152768	0.00222621	0
54	3.76611	6.52273	0.0663399		3.76611	6.52273	5.06107	6.52273		0.441527	0.385434	0.00700222	0
55	3.76611	6.52273	0.0663399		3.76611	6.52273	3.76611	4.99565		0.280904	0.110326	0.000643176	0
56	3.76611	6.52273	0.0663399		3.76611	6.52273	4.8368	6.52273		0.313942	0.0740573	0.0011057	0
57	3.76611	6.52273	0.0663399		3.76611	6.52273	3.76611	8.20624		0.244687	0.168343	0.00461716	0
58	3.76611	6.52273	0.0663399		3.76611	6.52273	4.32802	6.52273		0.319689	0.204495	0.00244889	0
59	3.76611	6.52273	0.0663399		3.76611	6.52273	3.76611	3.65835		0.333789	0.230381	0.00339129	0
60	3.76611	6.52273	0.0663399		3.76611	6.52273	2.63086	6.52273		0.283715	0.164009	0.00140409	0
61	3.76611	6.52273	0.0663399		3.76611	6.52273	3.76611	6.17524		0.274357	0.101145	0.000680152	0
62	3.76611	6.52273	0.0663399		3.76611	6.52273	2.6876	6.52273		0.272373	0.174148	0.00312312	0
63	3.76611	6.52273	0.0663399		3.76611	6.52273	3.76611	7.65508		0.339131	0.161108	0.000559971	0
64	3.76611	6.52273	0.0663399		3.76611	6.52273	3.82466	6.52273		0.395233	0.329493	0.00608947	0
65	3.76611	6.52273	0.0663399		3.76611	6.52273	3.76611	7.11347		0.265121	0.194218	0.00515649	0
66	3.76611	6.52273	0.0663399		3.76611	6.52273	4.58501	6.52273		0.300018	0.250378	0.0084806	0
67	3.76611	6.52273	0.0663399		3.76611	6.52273	3.76611	6.09524		0.312829	0.300645	0.0161273	0
68	3.76611	6.52273	0.0663399		3.76611	6.52273	2.80991	6.52273		0.266074	0.14117	0.00081701	0
69	3.76611	6.52273	0.0663399		3.76611	6.52273	3.76611	6.60979		0.197929	0.113634	0.00342622	0
70	3.76611	6.52273	0.0663399		3.76611	6.52273	4.67762	6.52273		0.395932	0.212076	0.00051397	0
71	3.76611	6.52273	0.0663399		3.76611	6.52273	3.76611	5.63564		0.357127	0.234625	0.00244326	0
72	3.76611	6.52273	0.0663399		3.76611	6.52273	1.43504	6.52273		0.422393	0.332455	0.00447758	0
73	3.76611	6.52273	0.0663399		3.76611	6.52273	3.76611	5.46307		0.396869	0.166142	0.000657934	0
74	3.76611	6.52273	0.0663399		3.76611	6.52273	2.73989	6.52273		0.321922	0.1573	0.000537345	0
75	3.76611	6.52273	0.0663399		3.76611	6.52273	3.76611	6.19007		0.306713	0.17686	0.000999053	0
76	3.76611	6.52273	0.0663399		3.76611	6.52273	3.3346	6.52273		0.33809	0.220921	0.00255546	0
77	3.76611	6.52273	0.0663399		3.76611	6.52273	3.76611	7.72359		0.366589	0.209288	0.000752402	0
78	3.76611	6.52273	0.0663399		3.76611	6.52273	3.07598	6.52273		0.358479	0.170628	0.000566226	0
79	3.76611	6.52273	0.0663399		3.76611	6.52273	3.76611	6.53199		0.376683	0.154085	0.000666092	0
80	3.76611	6.52273	0.0663399		3.76611	6.52273	2.25836	6.52273		0.309049	0.277854	0.0115752	0
81	3.76611	6.52273	0.0663399		3.76611	6.52273	3.76611	5.82021		0.225607	0.161887	0.00661891	0
82	3.76611	6.52273	0.0663399		3.76611	6.52273	4.79089	6.52273		0.424042	0.299529	0.00298878	0
83	3.76611	6.52273	0.0663399		3.76611	6.52273	3.76611	6.93976		0.35118	0.163657	0.000575596	0
84	3.76611	6.52273	0.0663399		3.76611	6.52273	4.33587	6.52273		0.304808	0.156518	0.000503867	0
85	3.76611	6.52273	0.0663399		3.76611	6.52273	3.76611	5.42283		0.304438	0.160385	0.000589313	0
86	3.76611	6.52273	0.0663399		3.76611	6.52273	3.2486	6.52273		0.407468	0.164262	0.000686801	0
87	3.76611	6.52273	0.0663399		3.76611	6.52273	3.76611	7.7638		0.379185	0.17252	0.000599711	0
88	3.76611	6.52273	0.0663399		3.76611	6.52273	3.96392	6.52273		0.431298	0.212728	0.000567375	0
89	3.76611	6.52273	0.0663399		3.76611	6.52273	3.76611	4.4221		0.309712	0.176747	0.000940809	0
90	3.76611	6.52273	0.0663399		3.76611	6.52273	5.48537	6.52273		0.334302	0.148012	0.000598727	0
91	3.76611	6.52273	0.0663399		3.76611	6.52273	3.76611	8.62899		0.474597	0.316539	0.00183457	0
92	3.76611	6.52273	0.0663399		3.76611	6.52273	3.76732	6.52273		0.342172	0.206986	0.00131678	0
93	3.76611	6.52273	0.0663399		3.76611	6.52273	3.76611	6.18147		0.408951	0.251835	0.000994671	0
94	3.76611	6.52273	0.0663399		3.76611	6.52273	3.19022	6.52273		0.377012	0.236035	0.00151491	0
95	3.76611	6.52273	0.0663399		3.76611	6.52273	3.76611	5.49081		0.296309	0.168528	0.00098123	0
96	3.76611	6.52273	0.0663399		3.76611	6.52273	4.62708	6.52273		0.358442	0.16626	0.000581031	0
97	3.76611	6.52273	0.0663399		3.76611	6.52273	3.76611	6.95962		0.343576	0.196032	0.000819	0
98	3.76611	6.52273	0.0663399		3.76611	6.52273	2.85825	6.52273		0.291982	0.0884966	0.000843228	0
99	3.76611	6.52273	0.0663399		3.76611	6.52273	3.76611	6.21921		0.309461	0.194567	0.00232027	0
100	3.76611	6.52273	0.0663399		3.76611	6.52273	3.66832	6.52273		0.352205	0.23522	0.00273393	0
101	3.76611	6.52273	0.0663399		3.76611	6.52273	3.76611	5.49323		0.39097	0.157584	0.000681285	0
102	3.76611	6.52273	0.0663399		3.76611	6.52273	4.11995	6.52273		0.383684	0.170058	0.000617142	0
103	3.76611	6.52273	0.0663399		3.76611	6.52273	3.76611	5.78741		0.31882	0.22168	0.00365659	0
104	3.76611	6.52273	0.0663399		3.76611	6.52273	4.44714	6.52273		0.239273	0.116481	0.000588972	0
105	3.76611	6.52273	0.0663399		3.76611	6.52273	3.76611	6.16231		0.379208	0.264636	0.00313322	0
106	3.76611	6.52273	0.0663399		3.76611	6.52273	3.44216	6.52273		0.407945	0.279978	0.00267589	0
107	3.76611	6.52273	0.0663399		3.76611	6.52273	3.76611	6.12386		0.209806	0.126028	0.00366342	0
108	3.76611	6.52273	0.0663399		3.76611	6.52273	5.03167	6.52273		0.436263	0.212015	0.000577028	0
109	3.76611	6.52273	0.0663399		3.76611	6.52273	3.76611	7.37502		0.356652	0.143173	0.000670585	0
110	3.76611	6.52273	0.0663399		3.76611	6.52273	4.39815	6.52273		0.304199	0.149795	0.000525138	0
111	3.76611	6.52273	0.0663399		3.76611	6.52273	3.76611	7.02965		0.432119	0.154254	0.000784213	0
112	3.76611	6.52273	0.0663399		3.76611	6.52273	2.01256	6.52273		0.269092	0.157788	0.00189232	0
113	3.76611	6.52273	0.0663399		3.76611	6.52273	3.76611	6.24432		0.257018	0.120406	0.000523725	0
114	3.76611	6.52273	0.0663399		3.76611	6.52273	3.49092	6.52273		0.497389	0.323813	0.0013342	0
115	3.76611	6.52273	0.0663399		3.76611	6.52273	3.76611	5.29521		0.363878	0.23339	0.00201453	0
116	3.76611	6.52273	0.0663399		3.76611	6.52273	2.43654	6.52273		0.330913	0.152788	0.000572675	0
117	3.76611	6.52273	0.0663399		3.76611	6.52273	3.76611	6.10861		0.31667	0.14517	0.000570279	0
118	3.76611	6.52273	0.0663399		3.76611	6.52273	5.78438	6.52273		0.372907	0.215847	0.000799211	0
119	3.76611	6.52273	0.0663399		3.76611	6.52273	3.76611	5.68282		0.486389	0.339097	0.00245099	0
120	3.76611	6.52273	0.0663399		3.76611	6.52273	5.98454	6.52273		0.248727	0.113596	0.000530988	0
121	3.76611	6.52273	0.0663399		3.76611	6.52273	3.76611	7.87351		0.350465	0.222406	0.00198248	0
122	3.76611	6.52273	0.0663399		3.76611	6.52273	2.78159	6.52273		0.282919	0.129846	0.000551619	0
123	3.76611	6.52273	0.0663399		3.76611	6.52273	3.76611	6.34913		0.338787	0.215444	0.00213863	0
124	3.76611	6.52273	0.0663399		3.76611	6.52273	3.49669	6.52273		0.349271	0.188584	0.000537853	0
125	3.76611	6.52273	0.0663399		3.76611	6.52273	3.76611	6.38448		0.379146	0.234694	0.00131414	0
126	3.76611	6.52273	0.0663399		3.76611	6.52273	4.1405	6.52273		0.289718	0.185087	0.00283574	0
127	3.76611	6.52273	0.0663399		3.76611	6.52273	3.76611	8.19829		0.414524	0.215206	0.000535064	0
128	3.76611	6.52273	0.0663399		3.76611	6.52273	4.72356	6.52273		0.27619	0.155293	0.00109077	0
129	3.76611	6.52273	0.0663399		3.76611	6.52273	3.76611	7.74595		0.316123	0.192817	0.00176587	0
130	3.76611	6.52273	0.0663399		3.76611	6.52273	4.10066	6.52273		0.298228	0.160675	0.000724363	0
131	3.76611	6.52273	0.0663399		3.76611	6.52273	3.76611	5.83187		0.335457	0.200549	0.00120455	0
132	3.76611	6.52273	0.0663399		3.76611	6.52273	4.32492	6.52273		0.397363	0.214198	0.000511087	0
133	3.76611	6.52273	0.0663399		3.76611	6.52273	3.76611	4.9964		0.325247	0.298623	0.0121279	0
134	3.76611	6.52273	0.0663399		3.76611	6.52273	3.96915	6.52273		0.41477	0.202851	0.000568053	0
135	3.76611	6.52273	0.0663399		3.76611	6.52273	3.76611	5.01025		0.315658	0.254781	0.00681262	0
136	3.76611	6.52273	0.0663399		3.76611	6.52273	2.81763	6.52273		0.360828	0.189252	0.000514611	0
137	3.76611	6.52273	0.0663399		3.76611	6.52273	3.76611	4.69229		0.298884	0.104273	0.000737539	0
138	3.76611	6.52273	0.0663399		3.76611	6.52273	4.88786	6.52273		0.338794	0.188701	0.000722293	0
139	3.76611	6.52273	0.0663399		3.76611	6.52273	3.76611	6.65558		0.371171	0.181071	0.000556751	0
140	3.76611	6.52273	0.0663399		3.76611	6.52273	2.03704	6.52273		0.309719	0.183608	0.00140225	0
141	3.76611	6.52273	0.0663399		3.76611	6.52273	3.76611	5.38328		0.251486	0.133616	0.00091236	0
142	3.76611	6.52273	0.0663399		3.76611	6.52273	3.78658	6.52273		0.323384	0.206538	0.00238086	0
143	3.76611	6.52273	0.0663399		3.76611	6.52273	3.76611	7.12045		0.351855	0.211336	0.00109462	0
144	3.76611	6.52273	0.0663399		3.76611	6.52273	5.39843	6.52273		0.380865	0.193625	0.000537211	0
145	3.76611	6.52273	0.0663399		3.76611	6.52273	3.76611	7.16165		0.334069	0.190962	0.000858969	0
146	3.76611	6.52273	0.0663399		3.76611	6.52273	2.85448	6.52273		0.259627	0.154194	0.00227215	0
147	3.76611	6.52273	0.0663399		3.76611	6.52273	3.76611	4.21192		0.30221	0.13003	0.000599901	0
148	3.76611	6.52273	0.0663399		3.76611	6.52273	4.14727	6.52273		0.289948	0.160505	0.000887888	0
149	3.76611	6.52273	0.0663399		3.76611	6.52273	3.76611	7.32898		0.356625	0.181376	0.000529293	0
150	3.76611	6.52273	0.0663399		3.76611	6.52273	2.51921	6.52273		0.290257	0.166397	0.0011589	0
151	3.76611	6.52273	0.0663399		3.76611	6.52273	3.76611	5.52265		0.393139	0.204307	0.000528993	0
152	3.76611	6.52273	0.0663399		3.76611	6.52273	3.65778	6.52273		0.266345	0.170454	0.0032407	0
153	3.76611	6.52273	0.0663399		3.76611	6.52273	3.76611	5.02055		0.31715	0.21287	0.0031819	0
154	3.76611	6.52273	0.0663399		3.76611	6.52273	3.2612	6.52273		0.264762	0.171472	0.00343637	0
155	3.76611	6.52273	0.0663399		3.76611	6.52273	3.76611	7.30465		0.447357	0.266651	0.000771102	0
156	3.76611	6.52273	0.0663399		3.76611	6.52273	3.51783	6.52273		0.399054	0.303342	0.00416533	0
157	3.76611	6.52273	0.0663399		3.76611	6.52273	3.76611	7.46521		0.271335	0.132108	0.000513174	0
158	3.76611	6.52273	0.0663399		3.76611	6.52273	3.16118	6.52273		0.198652	0.126841	0.00481404	0
159	3.76611	6.52273	0.0663399		3.76611	6.52273	3.76611	6.26181		0.38343	0.186934	0.000560977	0
160	3.76611	6.52273	0.0663399		3.76611	6.52273	4.00283	6.52273		0.256736	0.161819	0.00320164	0
161	3.76611	6.52273	0.0663399		3.76611	6.52273	3.76611	5.26722		0.279156	0.145068	0.000646596	0
162	3.76611	6.52273	0.0663399		3.76611	6.52273	4.8184	6.52273		0.43455	0.17243	0.00070621	0
163	3.76611	6.52273	0.0663399		3.76611	6.52273	3.76611	6.47457		0.359523	0.17827	0.000543893	0
164	3.76611	6.52273	0.0663399		3.76611	6.52273	4.96004	6.52273		0.323661	0.185495	0.000907272	0
165	3.76611	6.52273	0.0663399		3.76611	6.52273	3.76611	6.14113		0.307749	0.163783	0.000623906	0
166	3.76611	6.52273	0.0663399		3.76611	6.52273	2.62743	6.52273		0.287487	0.250449	0.0107704	0
167	3.76611	6.24113	0.0601914		3.76611	6.52273	3.76611	6.24113		0	0	0	1
168	3.76611	6.24113	0.0601914		3.76611	6.24113	2.28619	6.24113		0.30802	0.155311	0.000527715	0
169	3.76611	6.24113	0.0601914		3.76611	6.24113	3.76611	7.34982		0.402305	0.147533	0.000766891	0
170	3.76611	6.24113	0.0601914		3.76611	6.24113	2.7294	6.24113		0.296094	0.192932	0.00264436	0
171	3.76611	6.24113	0.0601914		3.76611	6.24113	3.76611	8.33034		0.306398	0.157955	0.000515486	0
172	3.76611	6.24113	0.0601914		3.76611	6.24113	4.5299	6.24113		0.365465	0.1725	0.000585264	0
173	3.76611	6.24113	0.0601914		3.76611	6.24113	3.76611	7.35222		0.295866	0.209576	0.00383068	0
174	3.76611	6.24113	0.0601914		3.76611	6.24113	5.07475	6.24113		0.426369	0.273266	0.00122742	0
175	3.76611	6.24113	0.0601914		3.76611	6.24113	3.76611	5.53349		0.285359	0.209092	0.00440628	0
176	3.76611	6.24113	0.0601914		3.76611	6.24113	3.43573	6.24113		0.467333	0.312436	0.00167306	0
177	3.76611	6.24113	0.0601914		3.76611	6.24113	3.76611	5.61434		0.240664	0.118988	0.000501603	0
178	3.76611	6.24113	0.0601914		3.76611	6.24113	2.35891	6.24113		0.353798	0.165641	0.000586202	0
179	3.76611	6.24113	0.0601914		3.76611	6.24113	3.76611	5.697		0.371383	0.187268	0.00054956	0
180	3.76611	6.24113	0.0601914		3.76611	6.24113	4.09039	6.24113		0.378465	0.180437	0.000583344	0
181	3.76611	6.24113	0.0601914		3.76611	6.24113	3.76611	6.47255		0.307611	0.169681	0.000675552	0
182	3.76611	6.24113	0.0601914		3.76611	6.24113	3.62829	6.24113		0.400547	0.216866	0.000519029	0
183	3.76611	6.24113	0.0601914		3.76611	6.24113	3.76611	5.81276		0.350015	0.173211	0.000553362	0
184	3.76611	6.24113	0.0601914		3.76611	6.24113	2.74243	6.24113		0.36553	0.220843	0.000922333	0
185	3.76611	6.24113	0.0601914		3.76611	6.24113	3.76611	6.91077		0.348516	0.201461	0.000763696	0
186	3.76611	6.24113	0.0601914		3.76611	6.24113	2.39975	6.24113		0.379417	0.261314	0.00265775	0
187	3.76611	6.24113	0.0601914		3.76611	6.24113	3.76611	6.88043		0.347858	0.229433	0.0022687	0
188	3.76611	6.24113	0.0601914		3.76611	6.24113	3.32936	6.24113		0.332057	0.188592	0.000729761	0
189	3.76611	5.21818	0.048115		3.76611	6.24113	3.76611	5.21818		0	0	0	1
190	3.76611	5.21818	0.048115		3.76611	5.21818	3.84616	5.21818		0.261403	0.157097	0.00101387	0
191	3.76611	5.21818	0.048115		3.76611	5.21818	3.76611	4.80606		0.369514	0.151425	0.000701937	0
192	3.76611	5.21818	0.048115		3.76611	5.21818	4.18015	5.21818		0.306226	0.121883	0.000700351	0
193	3.76611	5.21818	0.048115		3.76611	5.21818	3.76611	4.53221		0.25018	0.189753	0.00455125	0
194	3.76611	5.21818	0.048115		3.76611	5.21818	3.41835	5.21818		0.412033	0.174553	0.00068949	0
195	3.76611	5.21818	0.048115		3.76611	5.21818	3.76611	4.42078		0.407511	0.167606	0.000709145	0
196	3.76611	5.21818	0.048115		3.76611	5.21818	3.04262	5.21818		0.305294	0.22773	0.00377287	0
197	3.76611	5.21818	0.048115		3.76611	5.21818	3.76611	4.39796		0.309858	0.224433	0.00332676	0
198	3.76611	5.21818	0.048115		3.76611	5.21818	2.88608	5.21818		0.395303	0.22218	0.000516788	0
199	3.76611	5.21818	0.048115		3.76611	5.21818	3.76611	4.58339		0.268897	0.207973	0.00459105	0
200	3.76611	5.21818	0.048115		3.76611	5.21818	2.381	5.21818		0.363012	0.187102	0.000556597	0
201	3.76611	5.21818	0.048115		3.76611	5.21818	3.76611	3.98544		0.295467	0.187756	0.00150041	0
202	3.76611	5.21818	0.048115		3.76611	5.21818	4.58138	5.21818		0.374478	0.135917	0.000794104	0
203	3.76611	5.21818	0.048115		3.76611	5.21818	3.76611	5.77706		0.351898	0.180334	0.000557107	0
204	3.76611	5.21818	0.048115		3.76611	5.21818	3.79295	5.21818		0.315021	0.22701	0.00321189	0
205	3.76611	5.21818	0.048115		3.76611	5.21818	3.76611	6.95196		0.385506	0.22261	0.000501232	0
206	3.76611	5.21818	0.048115		3.76611	5.21818	3.3985	5.21818		0.332712	0.186658	0.000504237	0
207	3.76611	5.21818	0.048115		3.76611	5.21818	3.76611	5.49989		0.399844	0.297369	0.00312664	0
208	3.76611	5.21818	0.048115		3.76611	5.21818	3.4614	5.21818		0.370551	0.228492	0.000829087	0
209	3.76611	5.21818	0.048115		3.76611	5.21818	3.76611	5.46058		0.313904	0.16743	0.000524995	0
210	3.76611	5.21818	0.048115		3.76611	5.21818	1.52093	5.21818		0.516105	0.400194	0.00328847	0
211	3.76611	5.21818	0.048115		3.76611	5.21818	3.76611	6.23132		0.298816	0.19351	0.00176458	0
212	3.76611	5.21818	0.048115		3.76611	5.21818	3.44829	5.21818		0.305005	0.168994	0.000502722	0
213	3.76611	5.21818	0.048115		3.76611	5.21818	3.76611	5.97393		0.391824	0.249991	0.000947557	0
214	3.76611	5.21818	0.048115		3.76611	5.21818	3.51323	5.21818		0.306877	0.20155	0.00190572	0
215	3.76611	5.21818	0.048115		3.76611	5.21818	3.76611	5.84535		0.323056	0.138379	0.000657083	0
216	3.76611	5.21818	0.048115		3.76611	5.21818	3.92651	5.21818		0.337957	0.125035	0.000766619	0
217	3.76611	5.21818	0.048115		3.76611	5.21818	3.76611	5.7413		0.27651	0.133896	0.000564117	0
218	3.76611	5.21818	0.048115		3.76611	5.21818	3.09057	5.21818		0.252143	0.144899	0.000839137	0
219	3.76611	5.21818	0.048115		3.76611	5.21818	3.76611	4.31131		0.479948	0.209156	0.000682807	0
220	3.76611	5.21818	0.048115		3.76611	5.21818	3.56485	5.21818		0.4211	0.194534	0.000634083	0
221	3.76611	5.21818	0.048115		3.76611	5.21818	3.76611	6.63623		0.298534	0.186332	0.00117986	0
222	3.76611	5.21818	0.048115		3.76611	5.21818	5.03356	5.21818		0.365748	0.211737	0.000538404	0
223	3.76611	5.21818	0.048115		3.76611	5.21818	3.76611	5.33552		0.319646	0.186166	0.000674252	0
224	3.76611	5.21818	0.048115		3.76611	5.21818	3.92249	5.21818		0.357882	0.166363	0.000615784	0
225	3.76611	5.21818	0.048115		3.76611	5.21818	3.76611	2.95951		0.350153	0.150323	0.000664486	0
226	3.76611	5.21818	0.048115		3.76611	5.21818	4.26796	5.21818		0.350537	0.208269	0.0006954	0
227	3.76611	5.21818	0.048115		3.76611	5.21818	3.76611	3.16334		0.276055	0.182387	0.00231775	0
228	3.76611	5.21818	0.048115		3.76611	5.21818	4.8872	5.21818		0.326101	0.157875	0.000582321	0
229	3.76611	5.21818	0.048115		3.76611	5.21818	3.76611	4.62898		0.320582	0.223463	0.00268578	0
230	3.76611	5.21818	0.048115		3.76611	5.21818	3.51601	5.21818		0.259576	0.142493	0.000591074	0
231	3.76611	5.21818	0.048115		3.76611	5.21818	3.76611	6.43335		0.321068	0.208938	0.00163369	0
232	3.76611	5.21818	0.048115		3.76611	5.21818	4.36954	5.21818		0.314908	0.167555	0.000526587	0
233	3.76611	5.21818	0.048115		3.76611	5.21818	3.76611	5.71892		0.40163	0.228254	0.000512202	0
234	3.76611	5.21818	0.048115		3.76611	5.21818	6.23003	5.21818		0.424128	0.166707	0.000745933	0
235	3.76611	5.21818	0.048115		3.76611	5.21818	3.76611	5.36962		0.250963	0.140988	0.000738896	0
236	3.76611	5.21818	0.048115		3.76611	5.21818	2.23867	5.21818		0.33078	0.270875	0.00480926	0
237	3.76611	5.21818	0.048115		3.76611	5.21818	3.76611	6.11515		0.215601	0.139313	0.00289196	0
238	3.76611	5.21818	0.048115		3.76611	5.21818	3.42778	5.21818		0.324429	0.328414	0.0143038	0
239	3.76611	5.21818	0.048115		3.76611	5.21818	3.76611	4.97488		0.409978	0.161735	0.000739934	0
240	3.76611	5.21818	0.048115		3.76611	5.21818	2.91699	5.21818		0.376453	0.231376	0.000803225	0
241	3.76611	5.21818	0.048115		3.76611	5.21818	3.76611	6.20416		0.245302	0.196553	0.00590352	0
242	3.76611	5.21818	0.048115		3.76611	5.21818	4.31731	5.21818		0.367516	0.173916	0.000607363	0
243	3.76611	5.21818	0.048115		3.76611	5.21818	3.76611	4.099		0.329963	0.286423	0.00661109	0
244	3.76611	5.21818	0.048115		3.76611	5.21818	2.98235	5.21818		0.253755	0.183723	0.00389392	0
245	3.76611	5.21818	0.048115		3.76611	5.21818	3.76611	4.8805		0.391063	0.293131	0.00328196	0
246	3.76611	5.21818	0.048115		3.76611	5.21818	2.96679	5.21818		0.362205	0.155721	0.000667051	0
247	3.76611	5.21818	0.048115		3.76611	5.21818	3.76611	4.66149		0.337315	0.115344	0.00082919	0
248	3.76611	5.21818	0.048115		3.76611	5.21818	4.44092	5.21818		0.433949	0.223101	0.00057194	0
249	3.76611	5.21818	0.048115		3.76611	5.21818	3.76611	5.42326		0.405882	0.167682	0.000705612	0
250	3.76611	5.21818	0.048115		3.76611	5.21818	6.0575	5.21818		0.313263	0.130878	0.000669996	0
251	3.76611	5.21818	0.048115		3.76611	5.21818	3.76611	6.19334		0.321873	0.176026	0.000514328	0
252	3.76611	5.21818	0.048115		3.76611	5.21818	4.25624	5.21818		0.346132	0.152588	0.000645912	0
253	3.76611	5.21818	0.048115		3.76611	5.21818	3.76611	6.3055		0.357736	0.23072	0.00120356	0
254	3.76611	5.21818	0.048115		3.76611	5.21818	2.65058	5.21818		0.360668	0.316526	0.00648503	0
255	3.76611	5.21818	0.048115		3.76611	5.21818	3.76611	6.84591		0.258421	0.140186	0.000538206	0
256	3.76611	5.21818	0.048115		3.76611	5.21818	3.98514	5.21818		0.319569	0.14795	0.000606784	0
257	3.76611	5.21818	0.048115		3.76611	5.21818	3.76611	5.75043		0.320025	0.176559	0.000509315	0
258	3.76611	5.21818	0.048115		3.76611	5.21818	3.11704	5.21818		0.248327	0.165288	0.00278251	0
259	3.76611	5.21818	0.048115		3.76611	5.21818	3.76611	4.49037		0.409209	0.204742	0.000583263	0
260	3.76611	5.21818	0.048115		3.76611	5.21818	3.32374	5.21818		0.345444	0.21871	0.000997936	0
261	3.76611	5.21818	0.048115		3.76611	5.21818	3.76611	5.86289		0.26717	0.160549	0.000981773	0
262	3.76611	5.21818	0.048115		3.76611	5.21818	3.78133	5.21818		0.32554	0.147048	0.000623932	0
263	3.76611	5.21818	0.048115		3.76611	5.21818	3.76611	4.20051		0.409142	0.249059	0.000703591	0
264	3.76611	5.21818	0.048115		3.76611	5.21818	3.65451	5.21818		0.419657	0.133841	0.000918059	0
265	3.76611	5.21818	0.048115		3.76611	5.21818	3.76611	6.17566		0.318285	0.220075	0.00258511	0
266	3.76611	5.21818	0.048115		3.76611	5.21818	2.57177	5.21818		0.355964	0.199935	0.000509215	0
267	3.76611	5.21818	0.048115		3.76611	5.21818	3.76611	5.43882		0.291666	0.189881	0.0019204	0
268	3.76611	5.21818	0.048115		3.76611	5.21818	3.79235	5.21818		0.230889	0.142493	0.00191995	0
269	3.76611	5.21818	0.048115		3.76611	5.21818	3.76611	6.6505		0.245987	0.12731	0.000514013	0
270	3.76611	5.21818	0.048115		3.76611	5.21818	3.72059	5.21818		0.388354	0.264061	0.00184981	0
271	3.76611	5.21818	0.048115		3.76611	5.21818	3.76611	3.93009		0.342285	0.187281	0.000519464	0
272	3.76611	5.21818	0.048115		3.76611	5.21818	3.11869	5.21818		0.344784	0.254976	0.00335962	0
273	3.76611	5.21818	0.048115		3.76611	5.21818	3.76611	5.8787		0.390545	0.18118	0.000625047	0
274	3.76611	5.21818	0.048115		3.76611	5.21818	3.64195	5.21818		0.297545	0.141356	0.00058356	0
275	3.76611	5.21818	0.048115		3.76611	5.21818	3.76611	5.55207		0.32451	0.114352	0.000799355	0
276	3.76611	5.21818	0.048115		3.76611	5.21818	5.48079	5.21818		0.219666	0.0981511	0.000578028	0
277	3.76611	5.21818	0.048115		3.76611	5.21818	3.76611	6.0715		0.274498	0.16534	0.000966142	0
278	3.76611	5.21818	0.048115		3.76611	5.21818	2.0111	5.21818		0.29931	0.159582	0.000520568	0
279	3.76611	5.21818	0.048115		3.76611	5.21818	3.76611	5.05746		0.244793	0.142934	0.00094391	0
280	3.76611	5.21818	0.048115		3.76611	5.21818	5.84147	5.21818		0.368379	0.14189	0.000746459	0
281	3.76611	5.21818	0.048115		3.76611	5.21818	3.76611	5.4219		0.350524	0.140177	0.000713458	0
282	3.76611	5.21818	0.048115		3.76611	5.21818	4.57141	5.21818		0.439853	0.13815	0.000937767	0
283	3.76611	5.21818	0.048115		3.76611	5.21818	3.76611	4.54679		0.399262	0.16055	0.000723321	0
284	3.76611	5.21818	0.048115		3.76611	5.21818	4.01734	5.21818		0.295666	0.163028	0.000502173	0
285	3.76611	5.21818	0.048115		3.76611	5.21818	3.76611	5.90177		0.34779	0.163594	0.000605808	0
286	3.76611	5.21818	0.048115		3.76611	5.21818	2.7942	5.21818		0.367949	0.17995	0.000587791	0
287	3.76611	5.21818	0.048115		3.76611	5.21818	3.76611	5.52692		0.252534	0.177839	0.00352949	0
288	3.76611	5.21818	0.048115		3.76611	5.21818	3.75822	5.21818		0.249663	0.146552	0.000946303	0
289	3.76611	5.21818	0.048115		3.76611	5.21818	3.76611	4.91892		0.34539	0.165301	0.00059475	0
290	3.76611	5.21818	0.048115		3.76611	5.21818	4.13593	5.21818		0.434102	0.155176	0.000822621	0
291	3.76611	5.21818	0.048115		3.76611	5.21818	3.76611	5.19831		0.282838	0.10351	0.000749939	0
292	3.76611	5.21818	0.048115		3.76611	5.21818	2.33842	5.21818		0.286338	0.125461	0.000627951	0
293	3.76611	5.21818	0.048115		3.76611	5.21818	3.76611	5.02386		0.490028	0.306268	0.000725369	0
294	3.76611	5.21818	0.048115		3.76611	5.21818	3.32936	5.21818		0.265397	0.184845	0.00321509	0
295	3.76611	5.21818	0.048115		3.76611	5.21818	3.76611	3.86593		0.405881	0.204653	0.000578137	0
296	3.76611	5.21818	0.048115		3.76611	5.21818	2.98824	5.21818		0.171033	0.102431	0.00291871	0
297	3.76611	5.21818	0.048115		3.76611	5.21818	3.76611	6.39524		0.354024	0.185753	0.00054464	0
298	3.76611	5.21818	0.048115		3.76611	5.21818	3.94955	5.21818		0.299396	0.14408	0.000576775	0
299	3.76611	5.21818	0.048115		3.76611	5.21818	3.76611	4.16885		0.435058	0.169229	0.000756176	0
300	3.76611	5.21818	0.048115		3.76611	5.21818	4.1526	5.21818		0.35669	0.204164	0.000501566	0
301	3.76611	5.21818	0.048115		3.76611	5.21818	3.76611	4.83848		0.447899	0.251264	0.000526196	0
302	3.76611	5.21818	0.048115		3.76611	5.21818	3.29134	5.21818		0.41835	0.165003	0.000742057	0
303	3.76611	5.21818	0.048115		3.76611	5.21818	3.76611	4.71735		0.411159	0.141321	0.000849578	0
304	3.76611	5.21818	0.048115		3.76611	5.21818	4.63329	5.21818		0.250711	0.168949	0.00292907	0
305	3.76611	5.21818	0.048115		3.76611	5.21818	3.76611	4.60079		0.37611	0.170194	0.000637344	0
306	3.76611	5.21818	0.048115		3.76611	5.21818	3.9776	5.21818		0.281774	0.190037	0.00256197	0
307	3.76611	4.54717	0.0380919		3.76611	5.21818	3.76611	4.54717		0	0	0	1
308	3.76611	4.54717	0.0380919		3.76611	4.54717	4.25266	4.54717		0.40568	0.291367	0.00217471	0
309	3.76611	4.54717	0.0380919		3.76611	4.54717	3.76611	4.72664		0.306362	0.172137	0.000515406	0
310	3.76611	4.54717	0.0380919		3.76611	4.54717	2.22241	4.54717		0.342528	0.242508	0.00225002	0
311	3.76611	4.54717	0.0380919		3.76611	4.54717	3.76611	5.00934		0.344477	0.15511	0.000653248	0
312	3.76611	4.54717	0.0380919		3.76611	4.54717	2.91253	4.54717		0.50288	0.332305	0.000869822	0
313	3.76611	4.54717	0.0380919		3.76611	4.54717	3.76611	4.50854		0.263194	0.0975694	0.000762986	0
314	3.76611	4.54717	0.0380919		3.76611	4.54717	4.02859	4.54717		0.334298	0.13179	0.0007433	0
315	3.76611	4.54717	0.0380919		3.76611	4.54717	3.76611	5.45368		0.395645	0.208772	0.000566396	0
316	3.76611	4.54717	0.0380919		3.76611	4.54717	3.92861	4.54717		0.392291	0.259321	0.000976989	0
317	3.76611	4.54717	0.0380919		3.76611	4.54717	3.76611	4.97652		0.363259	0.119678	0.000898552	0
318	3.76611	4.54717	0.0380919		3.76611	4.54717	5.70503	4.54717		0.292879	0.0693553	0.00121492	0
319	3.76611	4.54717	0.0380919		3.76611	4.54717	3.76611	5.40895		0.45171	0.349016	0.00309892	0
320	3.76611	4.54717	0.0380919		3.76611	4.54717	2.92985	4.54717		0.303587	0.135308	0.000648908	0
321	3.76611	4.54717	0.0380919		3.76611	4.54717	3.76611	3.60577		0.340399	0.177515	0.000563202	0
322	3.76611	4.54717	0.0380919		3.76611	4.54717	4.25812	4.54717		0.357042	0.129789	0.000812711	0
323	3.76611	4.54717	0.0380919		3.76611	4.54717	3.76611	5.89886		0.314283	0.125905	0.000725469	0
324	3.76611	4.54717	0.0380919		3.76611	4.54717	4.25128	4.54717		0.291579	0.15583	0.000537966	0
325	3.76611	4.54717	0.0380919		3.76611	4.54717	3.76611	3.90605		0.250527	0.109699	0.000640435	0
326	3.76611	4.54717	0.0380919		3.76611	4.54717	3.38772	4.54717		0.316182	0.175209	0.000524905	0
327	3.76611	4.54717	0.0380919		3.76611	4.54717	3.76611	4.0583		0.359461	0.136543	0.000778369	0
328	3.76611	4.54717	0.0380919		3.76611	4.54717	2.99674	4.54717		0.400432	0.282784	0.00193629	0
329	3.76611	4.54717	0.0380919		3.76611	4.54717	3.76611	4.77348		0.371294	0.187685	0.000587122	0
330	3.76611	4.54717	0.0380919		3.76611	4.54717	4.71846	4.54717		0.374082	0.191594	0.000579958	0
331	3.76611	4.54717	0.0380919		3.76611	4.54717	3.76611	5.62824		0.301149	0.174122	0.000503654	0
332	3.76611	4.54717	0.0380919		3.76611	4.54717	3.8224	4.54717		0.346011	0.183207	0.000555835	0
333	3.76611	4.54717	0.0380919		3.76611	4.54717	3.76611	5.86712		0.308295	0.156443	0.000571195	0
334	3.76611	4.54717	0.0380919		3.76611	4.54717	4.30089	4.54717		0.248808	0.193322	0.00424813	0
335	3.76611	4.54717	0.0380919		3.76611	4.54717	3.76611	6.307		0.327517	0.138921	0.000689	0
336	3.76611	4.54717	0.0380919		3.76611	4.54717	1.95087	4.54717		0.303538	0.193397	0.000955196	0
337	3.76611	4.54717	0.0380919		3.76611	4.54717	3.76611	3.06516		0.415831	0.248133	0.000503454	0
338	3.76611	4.54717	0.0380919		3.76611	4.54717	4.82293	4.54717		0.323416	0.130481	0.000723172	0
339	3.76611	4.54717	0.0380919		3.76611	4.54717	3.76611	4.65815		0.314292	0.193012	0.000764241	0
340	3.76611	4.54717	0.0380919		3.76611	4.54717	2.68084	4.54717		0.379559	0.185267	0.000609542	0
341	3.76611	4.54717	0.0380919		3.76611	4.54717	3.76611	4.83113		0.357519	0.186484	0.000566475	0
342	3.76611	4.54717	0.0380919		3.76611	4.54717	3.12005	4.54717		0.429471	0.272044	0.000739212	0
343	3.76611	4.54717	0.0380919		3.76611	4.54717	3.76611	5.46749		0.331619	0.210621	0.000886317	0
344	3.76611	4.54717	0.0380919		3.76611	4.54717	4.68173	4.54717		0.349339	0.116297	0.000885095	0
345	3.76611	4.54717	0.0380919		3.76611	4.54717	3.76611	4.43695		0.379605	0.106315	0.00106234	0
346	3.76611	4.54717	0.0380919		3.76611	4.54717	3.77105	4.54717		0.373016	0.19381	0.000571506	0
347	3.76611	4.54717	0.0380919		3.76611	4.54717	3.76611	3.53281		0.395567	0.104121	0.00113542	0
348	3.76611	4.54717	0.0380919		3.76611	4.54717	4.09668	4.54717		0.386902	0.187662	0.000614699	0
349	3.76611	4.54717	0.0380919		3.76611	4.54717	3.76611	3.73244		0.345188	0.181085	0.000560845	0
350	3.76611	4.54717	0.0380919		3.76611	4.54717	2.46571	4.54717		0.276329	0.247179	0.00735568	0
351	3.76611	4.54717	0.0380919		3.76611	4.54717	3.76611	4.03373		0.353264	0.238867	0.00147582	0
352	3.76611	4.54717	0.0380919		3.76611	4.54717	4.36067	4.54717		0.272565	0.140895	0.000550364	0
353	3.76611	4.54717	0.0380919		3.76611	4.54717	3.76611	4.38622		0.294512	0.217723	0.0031879	0
354	3.76611	4.54717	0.0380919		3.76611	4.54717	3.82374	4.54717		0.305578	0.0602105	0.0014692	0
355	3.76611	4.54717	0.0380919		3.76611	4.54717	3.76611	5.65327		0.309282	0.180211	0.000523006	0
356	3.76611	4.54717	0.0380919		3.76611	4.54717	3.92194	4.54717		0.37449	0.138046	0.0008059	0
357	3.76611	4.54717	0.0380919		3.76611	4.54717	3.76611	5.27073		0.30879	0.172727	0.000518294	0
358	3.76611	4.54717	0.0380919		3.76611	4.54717	3.44677	4.54717		0.333182	0.255226	0.00344814	0
359	3.76611	4.54717	0.0380919		3.76611	4.54717	3.76611	5.01134		0.355439	0.101934	0.00102959	0
360	3.76611	4.54717	0.0380919		3.76611	4.54717	2.99651	4.54717		0.317755	0.239703	0.00332111	0
361	3.76611	4.54717	0.0380919		3.76611	4.54717	3.76611	3.05278		0.368987	0.279386	0.00310778	0
362	3.76611	4.54717	0.0380919		3.76611	4.54717	3.21043	4.54717		0.274255	0.154736	0.000504746	0
363	3.76611	4.54717	0.0380919		3.76611	4.54717	3.76611	2.28922		0.412228	0.0931404	0.00132844	0
364	3.76611	4.54717	0.0380919		3.76611	4.54717	4.21766	4.54717		0.333382	0.260348	0.00371365	0
365	3.76611	4.54717	0.0380919		3.76611	4.54717	3.76611	5.44875		0.22412	0.0916362	0.000671369	0
366	3.76611	4.54717	0.0380919		3.76611	4.54717	5.05631	4.54717		0.360234	0.200072	0.00053249	0
367	3.76611	4.54717	0.0380919		3.76611	4.54717	3.76611	6.21617		0.359806	0.20717	0.000513562	0
368	3.76611	4.54717	0.0380919		3.76611	4.54717	4.00962	4.54717		0.331415	0.178257	0.000544188	0
369	3.76611	4.54717	0.0380919		3.76611	4.54717	3.76611	4.49551		0.303724	0.195453	0.000999257	0
370	3.76611	4.54717	0.0380919		3.76611	4.54717	2.89036	4.54717		0.341328	0.165826	0.000604756	0
371	3.76611	4.54717	0.0380919		3.76611	4.54717	3.76611	3.64206		0.294831	0.125372	0.000677242	0
372	3.76611	4.54717	0.0380919		3.76611	4.54717	3.17641	4.54717		0.282852	0.0887044	0.000912531	0
373	3.76611	4.54717	0.0380919		3.76611	4.54717	3.76611	3.8603		0.257762	0.208834	0.00470826	0
374	3.76611	4.54717	0.0380919		3.76611	4.54717	4.68853	4.54717		0.4304	0.160783	0.000806935	0
375	3.76611	4.54717	0.0380919		3.76611	4.54717	3.76611	6.52819		0.308135	0.146046	0.000611498	0
376	3.76611	4.54717	0.0380919		3.76611	4.54717	2.99857	4.54717		0.298532	0.168845	0.000510118	0
377	3.76611	4.54717	0.0380919		3.76611	4.54717	3.76611	5.16641		0.424957	0.327534	0.00314668	0
378	3.76611	4.54717	0.0380919		3.76611	4.54717	3.6334	4.54717		0.302354	0.193068	0.00096759	0
379	3.76611	4.54717	0.0380919		3.76611	4.54717	3.76611	6.0033		0.333122	0.198413	0.000581441	0
380	3.76611	4.54717	0.0380919		3.76611	4.54717	1.64937	4.54717		0.441316	0.258718	0.000515431	0
381	3.76611	4.54717	0.0380919		3.76611	4.54717	3.76611	4.87124		0.311852	0.18885	0.000703419	0
382	3.76611	4.54717	0.0380919		3.76611	4.54717	4.87399	4.54717		0.38675	0.182233	0.000632738	0
383	3.76611	4.54717	0.0380919		3.76611	4.54717	3.76611	5.64169		0.398748	0.216357	0.000551282	0
384	3.76611	4.54717	0.0380919		3.76611	4.54717	2.82452	4.54717		0.357526	0.200969	0.000525658	0
385	3.76611	4.54717	0.0380919		3.76611	4.54717	3.76611	3.92735		0.2799	0.243365	0.00625816	0
386	3.76611	4.54717	0.0380919		3.76611	4.54717	3.54268	4.54717		0.362474	0.234768	0.000925259	0
387	3.76611	4.54717	0.0380919		3.76611	4.54717	3.76611	5.93889		0.185858	0.176689	0.0147329	0
388	3.76611	4.54717	0.0380919		3.76611	4.54717	4.52283	4.54717		0.276387	0.140734	0.000559972	0
389	3.76611	4.54717	0.0380919		3.76611	4.54717	3.76611	4.59183		0.254858	0.158486	0.000970905	0
390	3.76611	4.54717	0.0380919		3.76611	4.54717	1.87746	4.54717		0.35906	0.210465	0.000504353	0
391	3.76611	4.54717	0.0380919		3.76611	4.54717	3.76611	4.62905		0.348283	0.233368	0.00135806	0
392	3.76611	4.54717	0.0380919		3.76611	4.54717	3.38843	4.54717		0.358286	0.276241	0.00341289	0
393	3.76611	4.54717	0.0380919		3.76611	4.54717	3.76611	6.25477		0.362618	0.197808	0.000542571	0
394	3.76611	4.54717	0.0380919		3.76611	4.54717	4.43511	4.54717		0.2389	0.11658	0.000569653	0
395	3.76611	4.54717	0.0380919		3.76611	4.54717	3.76611	6.58191		0.272877	0.114109	0.000680458	0
396	3.76611	4.54717	0.0380919		3.76611	4.54717	4.74567	4.54717		0.379951	0.131825	0.000857632	0
397	3.76611	4.54717	0.0380919		3.76611	4.54717	3.76611	4.11851		0.322226	0.152246	0.000617203	0
398	3.76611	4.54717	0.0380919		3.76611	4.54717	2.99789	4.54717		0.214203	0.1193	0.000616575	0
399	3.76611	4.54717	0.0380919		3.76611	4.54717	3.76611	4.74055		0.339516	0.24462	0.00252967	0
400	3.76611	4.54717	0.0380919		3.76611	4.54717	3.68928	4.54717		0.409772	0.245697	0.000500289	0
401	3.76611	4.54717	0.0380919		3.76611	4.54717	3.76611	3.85348		0.552659	0.348803	0.000619725	0
402	3.76611	4.54717	0.0380919		3.76611	4.54717	2.4785	4.54717		0.355295	0.155559	0.000674365	0
403	3.76611	4.54717	0.0380919		3.76611	4.54717	3.76611	4.03835		0.366093	0.170099	0.000637712	0
404	3.76611	4.54717	0.0380919		3.76611	4.54717	1.77968	4.54717		0.318608	0.14756	0.000628697	0
405	3.76611	4.54717	0.0380919		3.76611	4.54717	3.76611	4.61445		0.296754	0.0835403	0.00102397	0
406	3.76611	4.54717	0.0380919		3.76611	4.54717	3.27297	4.54717		0.348798	0.141225	0.000727594	0
407	3.76611	4.54717	0.0380919		3.76611	4.54717	3.76611	3.61348		0.264864	0.165159	0.00095353	0
408	3.76611	4.54717	0.0380919		3.76611	4.54717	1.19465	4.54717		0.419253	0.130924	0.000962809	0
409	3.76611	4.54717	0.0380919		3.76611	4.54717	3.76611	3.19431		0.345589	0.117572	0.000864945	0
410	3.76611	4.54717	0.0380919		3.76611	4.54717	2.88058	4.54717		0.338719	0.145172	0.000684852	0
411	3.76611	4.54717	0.0380919		3.76611	4.54717	3.76611	5.48824		0.335774	0.211213	0.000834813	0
412	3.76611	4.54717	0.0380919		3.76611	4.54717	4.61816	4.54717		0.352376	0.14031	0.000740773	0
413	3.76611	4.54717	0.0380919		3.76611	4.54717	3.76611	5.37255		0.2658	0.119448	0.000630452	0
414	3.76611	4.54717	0.0380919		3.76611	4.54717	4.80246	4.54717		0.264823	0.0982673	0.00076305	0
415	3.76611	4.54717	0.0380919		3.76611	4.54717	3.76611	4.31048		0.267138	0.140089	0.000540718	0
416	3.76611	4.54717	0.0380919		3.76611	4.54717	2.78475	4.54717		0.271116	0.131219	0.000587292	0
417	3.76611	4.54717	0.0380919		3.76611	4.54717	3.76611	3.55804		0.305108	0.0852178	0.00103624	0
418	3.76611	4.54717	0.0380919		3.76611	4.54717	2.821	4.54717		0.267385	0.165521	0.000913582	0
419	3.76611	4.54717	0.0380919		3.76611	4.54717	3.76611	4.79846		0.406025	0.224498	0.00054201	0
420	3.76611	4.54717	0.0380919		3.76611	4.54717	1.67975	4.54717		0.319571	0.183589	0.00050705	0
421	3.76611	4.54717	0.0380919		3.76611	4.54717	3.76611	5.38195		0.375798	0.170965	0.000653255	0
422	3.76611	4.54717	0.0380919		3.76611	4.54717	2.67388	4.54717		0.313232	0.119123	0.000763855	0
423	3.76611	4.54717	0.0380919		3.76611	4.54717	3.76611	5.80365		0.30925	0.154171	0.000581662	0
424	3.76611	4.54717	0.0380919		3.76611	4.54717	2.75985	4.54717		0.32422	0.23632	0.00278885	0
425	3.76611	4.54717	0.0380919		3.76611	4.54717	3.76611	3.63609		0.334362	0.135764	0.000721698	0
426	3.76611	4.54717	0.0380919		3.76611	4.54717	4.23982	4.54717		0.351193	0.141087	0.000733923	0
427	3.76611	4.54717	0.0380919		3.76611	4.54717	3.76611	5.54592		0.445684	0.238359	0.000565516	0
428	3.76611	4.54717	0.0380919		3.76611	4.54717	4.13279	4.54717		0.424692	0.200899	0.000636407	0
429	3.76611	4.54717	0.0380919		3.76611	4.54717	3.76611	5.1703		0.366549	0.13384	0.000811605	0
430	3.76611	4.54717	0.0380919		3.76611	4.54717	4.65299	4.54717		0.323821	0.160886	0.000587335	0
431	3.76611	4.54717	0.0380919		3.76611	4.54717	3.76611	4.13621		0.286654	0.212387	0.00327733	0
432	3.76611	4.54717	0.0380919		3.76611	4.54717	4.18482	4.54717		0.278142	0.121798	0.000651799	0
433	3.76611	4.54717	0.0380919		3.76611	4.54717	3.76611	4.49676		0.314717	0.214813	0.00185879	0
434	3.76611	4.54717	0.0380919		3.76611	4.54717	3.54025	4.54717		0.37251	0.172419	0.000641441	0
435	3.76611	4.54717	0.0380919		3.76611	4.54717	3.76611	4.84968		0.276728	0.121983	0.000646978	0
436	3.76611	4.54717	0.0380919		3.76611	4.54717	3.02028	4.54717		0.285256	0.171149	0.000721303	0
437	3.76611	4.54717	0.0380919		3.76611	4.54717	3.76611	4.79373		0.429891	0.218674	0.000592538	0
438	3.76611	4.54717	0.0380919		3.76611	4.54717	4.71396	4.54717		0.260921	0.130754	0.000563598	0
439	3.76611	4.54717	0.0380919		3.76611	4.54717	3.76611	3.69738		0.449345	0.202542	0.000671499	0
440	3.76611	4.54717	0.0380919		3.76611	4.54717	3.6988	4.54717		0.480289	0.358796	0.00252688	0
441	3.76611	4.54717	0.0380919		3.76611	4.54717	3.76611	2.87122		0.305112	0.171158	0.000515939	0
442	3.76611	4.54717	0.0380919		3.76611	4.54717	3.71218	4.54717		0.448151	0.239122	0.000567126	0
443	3.76611	4.54717	0.0380919		3.76611	4.54717	3.76611	3.42619		0.435526	0.233977	0.00056175	0
444	3.76611	4.54717	0.0380919		3.76611	4.54717	4.31228	4.54717		0.27084	0.0776607	0.000991142	0
445	3.76611	4.54717	0.0380919		3.76611	4.54717	3.76611	3.58047		0.336913	0.172757	0.000572042	0
446	3.76611	4.54717	0.0380919		3.76611	4.54717	4.92869	4.54717		0.31693	0.0964886	0.000955712	0
447	3.76611	4.54717	0.0380919		3.76611	4.54717	3.76611	5.27339		0.539481	0.39994	0.0022706	0
448	3.76611	4.54717	0.0380919		3.76611	4.54717	1.97974	4.54717		0.352387	0.216684	0.000700604	0
449	3.76611	4.54717	0.0380919		3.76611	4.54717	3.76611	5.20118		0.282209	0.124192	0.000650066	0
450	3.76611	4.54717	0.0380919		3.76611	4.54717	2.54702	4.54717		0.285918	0.152077	0.000538933	0
451	3.76611	4.54717	0.0380919		3.76611	4.54717	3.76611	2.52981		0.317899	0.0903456	0.00102424	0
452	3.76611	4.54717	0.0380919		3.76611	4.54717	3.64569	4.54717		0.405439	0.287027	0.00195436	0
453	3.76611	4.54717	0.0380919		3.76611	4.54717	3.76611	4.23163		0.446506	0.193517	0.000697965	0
454	3.76611	4.54717	0.0380919		3.76611	4.54717	3.19088	4.54717		0.388451	0.195625	0.000592299	0
455	3.76611	4.54717	0.0380919		3.76611	4.54717	3.76611	4.61111		0.376845	0.15706	0.000713293	0
456	3.76611	4.54717	0.0380919		3.76611	4.54717	1.95308	4.54717		0.307721	0.191547	0.000840539	0
457	3.76611	4.54717	0.0380919		3.76611	4.54717	3.76611	4.58768		0.365536	0.209727	0.000516337	0
458	3.76611	4.54717	0.0380919		3.76611	4.54717	4.04755	4.54717		0.34081	0.204689	0.000607698	0
459	3.76611	4.54717	0.0380919		3.76611	4.54717	3.76611	5.49001		0.436117	0.220847	0.000596032	0
460	3.76611	4.54717	0.0380919		3.76611	4.54717	3.47836	4.54717		0.357048	0.179938	0.000586219	0
461	3.76611	4.54717	0.0380919		3.76611	4.54717	3.76611	5.77275		0.386062	0.206558	0.000557124	0
462	3.76611	4.54717	0.0380919		3.76611	4.54717	3.66792	4.54717		0.326916	0.256432	0.00380905	0
463	3.76611	4.54717	0.0380919		3.76611	4.54717	3.76611	3.27852		0.280131	0.123451	0.000648396	0
464	3.76611	4.54717	0.0380919		3.76611	4.54717	4.60713	4.54717		0.342155	0.180909	0.000555846	0
465	3.76611	4.54717	0.0380919		3.76611	4.54717	3.76611	4.89832		0.35243	0.222528	0.000824426	0
466	3.76611	4.54717	0.0380919		3.76611	4.54717	4.48675	4.54717		0.367457	0.210374	0.000517769	0
467	3.76611	4.54717	0.0380919		3.76611	4.54717	3.76611	5.03115		0.389724	0.184128	0.000631567	0
468	3.76611	4.54717	0.0380919		3.76611	4.54717	5.03274	4.54717		0.396254	0.332235	0.00439231	0
469	3.76611	4.54717	0.0380919		3.76611	4.54717	3.76611	5.91054		0.361811	0.202604	0.000528412	0
470	3.76611	4.54717	0.0380919		3.76611	4.54717	5.29724	4.54717		0.374893	0.173433	0.000642233	0
471	3.76611	4.54717	0.0380919		3.76611	4.54717	3.76611	4.64491		0.403285	0.1582	0.000763425	0
472	3.76611	4.54717	0.0380919		3.76611	4.54717	2.89723	4.54717		0.26037	0.150176	0.000603763	0
473	3.76611	4.54717	0.0380919		3.76611	4.54717	3.76611	4.36171		0.346798	0.203839	0.000500852	0
474	3.76611	4.54717	0.0380919		3.76611	4.54717	4.69982	4.54717		0.274337	0.0946407	0.000825536	0
475	3.76611	4.54717	0.0380919		3.76611	4.54717	3.76611	5.87734		0.374499	0.196641	0.000565774	0
476	3.76611	4.54717	0.0380919		3.76611	4.54717	2.33154	4.54717		0.300974	0.187455	0.000857733	0
477	3.76611	4.54717	0.0380919		3.76611	4.54717	3.76611	4.80359		0.397226	0.0996184	0.00119225	0
478	3.76611	4.54717	0.0380919		3.76611	4.54717	5.03577	4.54717		0.342801	0.172419	0.000584454	0
479	3.76611	4.54717	0.0380919		3.76611	4.54717	3.76611	4.63272		0.389544	0.196898	0.000590305	0
480	3.76611	4.54717	0.0380919		3.76611	4.54717	2.51684	4.54717		0.559257	0.266163	0.000647559	0
481	3.76611	4.54717	0.0380919		3.76611	4.54717	3.76611	3.89849		0.334104	0.147756	0.000662548	0
482	3.76611	4.54717	0.0380919		3.76611	4.54717	3.91447	4.54717		0.387457	0.259133	0.00112836	0
483	3.76611	4.54717	0.0380919		3.76611	4.54717	3.76611	5.27548		0.348436	0.154833	0.000662877	0
484	3.76611	4.54717	0.0380919		3.76611	4.54717	4.66021	4.54717		0.346844	0.137323	0.000743561	0
485	3.76611	4.54717	0.0380919		3.76611	4.54717	3.76611	6.21711		0.330339	0.115319	0.000838108	0
486	3.76611	4.54717	0.0380919		3.76611	4.54717	3.22097	4.54717		0.309355	0.159308	0.000563126	0
487	3.76611	4.54717	0.0380919		3.76611	4.54717	3.76611	4.84959		0.391789	0.105794	0.00110566	0
488	3.76611	4.54717	0.0380919		3.76611	4.54717	3.3335	4.54717		0.276405	0.146962	0.000536282	0
489	3.76611	4.54717	0.0380919		3.76611	4.54717	3.76611	4.80786		0.289838	0.158553	0.000525096	0
490	3.76611	4.54717	0.0380919		3.76611	4.54717	6.04853	4.54717		0.490156	0.14649	0.00102057	0
491	3.76611	4.54717	0.0380919		3.76611	4.54717	3.76611	4.02731		0.275116	0.196241	0.00282438	0
492	3.76611	4.54717	0.0380919		3.76611	4.54717	3.21185	4.54717		0.297651	0.152756	0.000561941	0
493	3.76611	4.54717	0.0380919		3.76611	4.54717	3.76611	5.26626		0.326626	0.165449	0.000576743	0
494	3.76611	4.54717	0.0380919		3.76611	4.54717	4.12514	4.54717		0.405966	0.164742	0.000738492	0
495	3.76611	4.54717	0.0380919		3.76611	4.54717	3.76611	5.90078		0.300843	0.191951	0.000967283	0
496	3.76611	4.54717	0.0380919		3.76611	4.54717	4.04053	4.54717		0.331229	0.205266	0.000773745	0
497	3.76611	4.54717	0.0380919		3.76611	4.54717	3.76611	4.60431		0.392761	0.132976	0.000882065	0
498	3.76611	4.54717	0.0380919		3.76611	4.54717	4.39965	4.54717		0.365748	0.232737	0.000839902	0
499	3.76611	4.54717	0.0380919		3.76611	4.54717	3.76611	2.676		0.383733	0.159541	0.00071648	0
500	3.76611	4.54717	0.0380919		3.76611	4.54717	2.01708	4.54717		0.351427	0.122047	0.00084905	0
501	3.76611	4.54717	0.0380919		3.76611	4.54717	3.76611	5.79073		0.221577	0.11125	0.000545445	0
502	3.76611	4.54717	0.0380919		3.76611	4.54717	3.26048	4.54717		0.24153	0.198838	0.00516963	0
503	3.76611	4.54717	0.0380919		3.76611	4.54717	3.76611	3.43849		0.446234	0.201484	0.000669917	0
504	3.76611	4.54717	0.0380919		3.76611	4.54717	3.41627	4.54717		0.255378	0.223665	0.00707358	0
505	3.76611	4.54717	0.0380919		3.76611	4.54717	3.76611	3.63452		0.255659	0.128215	0.000561186	0
506	3.76611	4.54717	0.0380919		3.76611	4.54717	2.6615	4.54717		0.352807	0.270839	0.00337792	0
507	3.76611	4.54717	0.0380919		3.76611	4.54717	3.76611	2.98824		0.338725	0.125613	0.000791506	0
508	3.76611	4.54717	0.0380919		3.76611	4.54717	3.35897	4.54717		0.302713	0.225503	0.00323937	0
509	3.76611	4.54717	0.0380919		3.76611	4.54717	3.76611	5.20409		0.342239	0.205736	0.000609598	0
510	3.76611	4.54717	0.0380919		3.76611	4.54717	2.29066	4.54717		0.41897	0.24346	0.000517381	0
511	3.76611	4.54717	0.0380919		3.76611	4.54717	3.76611	1.51972		0.375588	0.0793474	0.00140665	0
512	3.76611	4.54717	0.0380919		3.76611	4.54717	4.41114	4.54717		0.27173	0.142319	0.000542915	0
513	3.76611	4.54717	0.0380919		3.76611	4.54717	3.76611	6.63684		0.366191	0.162459	0.000667903	0
514	3.76611	4.54717	0.0380919		3.76611	4.54717	3.92699	4.54717		0.390422	0.155062	0.000751442	0
515	3.76611	4.54717	0.0380919		3.76611	4.54717	3.76611	5.89149		0.32513	0.197349	0.000687559	0
516	3.76611	4.54717	0.0380919		3.76611	4.54717	3.36391	4.54717		0.292012	0.132135	0.000635523	0
517	3.76611	4.54717	0.0380919		3.76611	4.54717	3.76611	2.89122		0.330236	0.152715	0.000632655	0
518	3.76611	4.54717	0.0380919		3.76611	4.54717	3.63982	4.54717		0.211634	0.185904	0.00847316	0
519	3.76611	4.54717	0.0380919		3.76611	4.54717	3.76611	4.42834		0.412117	0.159642	0.000774828	0
520	3.76611	4.54717	0.0380919		3.76611	4.54717	4.57538	4.54717		0.42996	0.30006	0.00163867	0
521	3.76611	4.54717	0.0380919		3.76611	4.54717	3.76611	6.23331		0.302068	0.14916	0.000585279	0
522	3.76611	4.54717	0.0380919		3.76611	4.54717	4.85168	4.54717		0.436629	0.291987	0.000980122	0
523	3.76611	4.54717	0.0380919		3.76611	4.54717	3.76611	3.7274		0.367929	0.173828	0.000627524	0
524	3.76611	4.54717	0.0380919		3.76611	4.54717	4.58161	4.54717		0.25019	0.13963	0.000502355	0
525	3.76611	4.54717	0.0380919		3.76611	4.54717	3.76611	4.11895		0.268151	0.144039	0.000528212	0
526	3.76611	4.54717	0.0380919		3.76611	4.54717	3.76228	4.54717		0.307225	0.144355	0.000616575	0
527	3.76611	4.54717	0.0380919		3.76611	4.54717	3.76611	5.33916		0.33143	0.196267	0.000556504	0
528	3.76611	4.54717	0.0380919		3.76611	4.54717	4.52784	4.54717		0.366338	0.217379	0.000506102	0
529	3.76611	4.54717	0.0380919		3.76611	4.54717	3.76611	3.90368		0.244792	0.178375	0.00341668	0
530	3.76611	4.54717	0.0380919		3.76611	4.54717	2.19958	4.54717		0.262374	0.13216	0.000561238	0
531	3.76611	4.54717	0.0380919		3.76611	4.54717	3.76611	4.9772		0.381883	0.185572	0.00061268	0
532	3.76611	4.54717	0.0380919		3.76611	4.54717	3.39317	4.54717		0.348231	0.1622	0.000632349	0
533	3.76611	4.54717	0.0380919		3.76611	4.54717	3.76611	5.08907		0.263652	0.152501	0.000607209	0
534	3.76611	4.54717	0.0380919		3.76611	4.54717	4.32352	4.54717		0.316784	0.218449	0.00200343	0
535	3.76611	4.54717	0.0380919		3.76611	4.54717	3.76611	5.6733		0.302283	0.143281	0.000609788	0
536	3.76611	4.54717	0.0380919		3.76611	4.54717	3.98376	4.54717		0.375639	0.158267	0.000705337	0
537	3.76611	4.54717	0.0380919		3.76611	4.54717	3.76611	3.91914		0.317187	0.153526	0.000601204	0
538	3.76611	4.54717	0.0380919		3.76611	4.54717	3.78318	4.54717		0.350161	0.186503	0.000553373	0
539	3.76611	4.54717	0.0380919		3.76611	4.54717	3.76611	4.33484		0.244473	0.157447	0.0015803	0
540	3.76611	4.54717	0.0380919		3.76611	4.54717	3.31924	4.54717		0.360365	0.231021	0.000881854	0
541	3.76611	4.54717	0.0380919		3.76611	4.54717	3.76611	5.44143		0.37379	0.237084	0.000813409	0
542	3.76611	4.54717	0.0380919		3.76611	4.54717	3.4634	4.54717		0.421051	0.24652	0.000513749	0
543	3.76611	4.54717	0.0380919		3.76611	4.54717	3.76611	6.12819		0.437244	0.132958	0.00099283	0
544	3.76611	4.54717	0.0380919		3.76611	4.54717	5.62837	4.54717		0.347108	0.10039	0.00101799	0
545	3.76611	4.54717	0.0380919		3.76611	4.54717	3.76611	3.82143		0.27986	0.175151	0.00092974	0
546	3.76611	4.54717	0.0380919		3.76611	4.54717	2.59869	4.54717		0.299936	0.166713	0.000519428	0
547	3.76611	4.54717	0.0380919		3.76611	4.54717	3.76611	4.4895		0.327404	0.175822	0.000544181	0
548	3.76611	4.54717	0.0380919		3.76611	4.54717	3.10505	4.54717		0.44827	0.359026	0.00361387	0
549	3.76611	4.54717	0.0380919		3.76611	4.54717	3.76611	4.73197		0.416218	0.311387	0.00274579	0
550	3.76611	4.54717	0.0380919		3.76611	4.54717	4.84801	4.54717		0.353592	0.145583	0.000716706	0
551	3.76611	4.54717	0.0380919		3.76611	4.54717	3.76611	5.93863		0.286497	0.185097	0.00120301	0
552	3.76611	4.54717	0.0380919		3.76611	4.54717	3.83183	4.54717		0.390689	0.150397	0.000775339	0
553	3.76611	4.54717	0.0380919		3.76611	4.54717	3.76611	5.74098		0.287367	0.105495	0.000781441	0
554	3.76611	4.54717	0.0380919		3.76611	4.54717	3.99457	4.54717		0.228214	0.128875	0.000619712	0
555	3.76611	4.54717	0.0380919		3.76611	4.54717	3.76611	3.73086		0.415229	0.154008	0.000809853	0
556	3.76611	4.54717	0.0380919		3.76611	4.54717	2.38233	4.54717		0.39463	0.24562	0.000696994	0
557	3.76611	4.54717	0.0380919		3.76611	4.54717	3.76611	4.994		0.321971	0.172145	0.00054537	0
558	3.76611	4.54717	0.0380919		3.76611	4.54717	4.79234	4.54717		0.39952	0.187273	0.00063826	0
559	3.76611	4.54717	0.0380919		3.76611	4.54717	3.76611	4.96959		0.347693	0.133643	0.000766137	0
560	3.76611	4.54717	0.0380919		3.76611	4.54717	1.65367	4.54717		0.268752	0.131903	0.000578319	0
561	3.76611	4.54717	0.0380919		3.76611	4.54717	3.76611	5.10584		0.334024	0.219665	0.00114057	0
562	3.76611	4.54717	0.0380919		3.76611	4.54717	3.63197	4.54717		0.290782	0.135227	0.000617983	0
563	3.76611	4.54717	0.0380919		3.76611	4.54717	3.76611	4.93886		0.604028	0.325872	0.000574343	0
564	3.76611	4.54717	0.0380919		3.76611	4.54717	3.83467	4.54717		0.319516	0.327072	0.0126853	0
565	3.76611	4.54717	0.0380919		3.76611	4.54717	3.76611	5.52014		0.342528	0.157841	0.000637863	0
566	3.76611	4.54717	0.0380919		3.76611	4.54717	4.85387	4.54717		0.389862	0.171482	0.000678411	0
567	3.76611	4.54717	0.0380919		3.76611	4.54717	3.76611	4.71746		0.317656	0.270529	0.00493166	0
568	3.76611	4.54717	0.0380919		3.76611	4.54717	3.51289	4.54717		0.283591	0.23219	0.00464263	0
569	3.76611	4.54717	0.0380919		3.76611	4.54717	3.76611	3.07405		0.338805	0.14248	0.000697992	0
570	3.76611	4.54717	0.0380919		3.76611	4.54717	4.38796	4.54717		0.269625	0.151861	0.000504218	0
571	3.76611	4.54717	0.0380919		3.76611	4.54717	3.76611	4.54629		0.389288	0.193949	0.000598845	0
572	3.76611	4.54717	0.0380919		3.76611	4.54717	5.01937	4.54717		0.421489	0.188472	0.000672749	0
573	3.76611	4.54717	0.0380919		3.76611	4.54717	3.76611	4.05464		0.374202	0.179361	0.000619733	0
574	3.76611	4.54717	0.0380919		3.76611	4.54717	3.17179	4.54717		0.300453	0.128677	0.000674293	0
575	3.76611	4.54717	0.0380919		3.76611	4.54717	3.76611	5.12227		0.332182	0.139087	0.00069927	0
576	3.76611	4.54717	0.0380919		3.76611	4.54717	4.47702	4.54717		0.383455	0.299789	0.00349851	0
577	3.76611	4.54717	0.0380919		3.76611	4.54717	3.76611	2.75108		0.339696	0.213795	0.00083049	0
578	3.76611	4.54717	0.0380919		3.76611	4.54717	3.29504	4.54717		0.268015	0.186513	0.00252324	0
579	3.76611	4.54717	0.0380919		3.76611	4.54717	3.76611	5.85528		0.375435	0.249519	0.00108281	0
580	3.76611	4.54717	0.0380919		3.76611	4.54717	3.93104	4.54717		0.330376	0.154033	0.000627542	0
581	3.76611	4.54717	0.0380919		3.76611	4.54717	3.76611	3.86951		0.278047	0.144503	0.000549168	0
582	3.76611	4.54717	0.0380919		3.76611	4.54717	5.6706	4.54717		0.449459	0.160427	0.000848015	0
583	3.76611	4.54717	0.0380919		3.76611	4.54717	3.76611	3.027		0.368533	0.126073	0.00086681	0
584	3.76611	4.54717	0.0380919		3.76611	4.54717	3.27241	4.54717		0.381137	0.254029	0.00110168	0
585	3.76611	4.54717	0.0380919		3.76611	4.54717	3.76611	4.29448		0.336951	0.175351	0.00056365	0
586	3.76611	4.54717	0.0380919		3.76611	4.54717	3.98084	4.54717		0.288017	0.191009	0.00160871	0
587	3.76611	4.54717	0.0380919		3.76611	4.54717	3.76611	5.38202		0.297439	0.152912	0.000560909	0
588	3.76611	4.54717	0.0380919		3.76611	4.54717	4.09438	4.54717		0.361049	0.209927	0.000508776	0
589	3.76611	4.54717	0.0380919		3.76611	4.54717	3.76611	5.71826		0.315733	0.208145	0.0013014	0
590	3.76611	4.54717	0.0380919		3.76611	4.54717	4.33549	4.54717		0.256283	0.14178	0.000508949	0
591	3.76611	4.54717	0.0380919		3.76611	4.54717	3.76611	5.2608		0.421644	0.234117	0.000541805	0
592	3.76611	4.54717	0.0380919		3.76611	4.54717	2.78147	4.54717		0.279384	0.147853	0.000539716	0
593	3.76611	4.54717	0.0380919		3.76611	4.54717	3.76611	6.40474		0.257667	0.143201	0.000507092	0
594	3.76611	4.54717	0.0380919		3.76611	4.54717	3.10234	4.54717		0.272715	0.217302	0.00437214	0
595	3.76611	4.54717	0.0380919		3.76611	4.54717	3.76611	4.74301		0.33462	0.177354	0.000552938	0
596	3.76611	4.54717	0.0380919		3.76611	4.54717	3.92102	4.54717		0.311531	0.143241	0.000631312	0
597	3.76611	4.54717	0.0380919		3.76611	4.54717	3.76611	3.27355		0.343395	0.134585	0.000750213	0
598	3.76611	4.54717	0.0380919		3.76611	4.54717	3.89095	4.54717		0.41099	0.1382	0.000892344	0
599	3.76611	4.54717	0.0380919		3.76611	4.54717	3.76611	3.21063		0.413477	0.222155	0.000558821	0
600	3.76611	4.54717	0.0380919		3.76611	4.54717	4.96745	4.54717		0.370668	0.138919	0.000791734	0
601	3.76611	4.54717	0.0380919		3.76611	4.54717	3.76611	4.34801		0.347787	0.318046	0.00699013	0
602	3.76611	4.54717	0.0380919		3.76611	4.54717	3.40076	4.54717		0.278224	0.147921	0.000536872	0
603	3.76611	4.54717	0.0380919		3.76611	4.54717	3.76611	3.74009		0.289018	0.104737	0.000792315	0
604	3.76611	4.54717	0.0380919		3.76611	4.54717	4.83811	4.54717		0.334041	0.155847	0.000628017	0
605	3.76611	4.54717	0.0380919		3.76611	4.54717	3.76611	5.42578		0.330372	0.192211	0.000502891	0
606	3.76611	4.54717	0.0380919		3.76611	4.54717	3.50372	4.54717		0.410325	0.147669	0.000833635	0
607	3.76611	4.54717	0.0380919		3.76611	4.54717	3.76611	5.53803		0.381658	0.145007	0.000783557	0
608	3.76611	4.54717	0.0380919		3.76611	4.54717	3.49804	4.54717		0.239028	0.140838	0.000778237	0
609	3.76611	4.54717	0.0380919		3.76611	4.54717	3.76611	4.50259		0.34211	0.198093	0.000507552	0
610	3.76611	4.54717	0.0380919		3.76611	4.54717	6.35483	4.54717		0.424851	0.141635	0.000903072	0
611	3.76611	4.54717	0.0380919		3.76611	4.54717	3.76611	5.8351		0.259858	0.107938	0.000679472	0
612	3.76611	4.54717	0.0380919		3.76611	4.54717	5.06861	4.54717		0.312069	0.136002	0.000666225	0
613	3.76611	4.54717	0.0380919		3.76611	4.54717	3.76611	4.56174		0.296141	0.12516	0.000681846	0
614	3.76611	4.54717	0.0380919		3.76611	4.54717	4.11144	4.54717		0.320024	0.147166	0.000633561	0
615	3.76611	4.54717	0.0380919		3.76611	4.54717	3.76611	3.04244		0.291536	0.196547	0.00183785	0
616	3.76611	4.54717	0.0380919		3.76611	4.54717	6.07044	4.54717		0.333902	0.163234	0.000599313	0
617	3.76611	4.54717	0.0380919		3.76611	4.54717	3.76611	4.29079		0.341284	0.0984521	0.00101846	0
618	3.76611	4.54717	0.0380919		3.76611	4.54717	3.86879	4.54717		0.219931	0.0921542	0.000652564	0
619	3.76611	4.54717	0.0380919		3.76611	4.54717	3.76611	4.75683		0.242176	0.168265	0.00276335	0
620	3.76611	4.54717	0.0380919		3.76611	4.54717	2.97151	4.54717		0.304558	0.126355	0.000697429	0
621	3.76611	4.54717	0.0380919		3.76611	4.54717	3.76611	6.58728		0.285407	0.182697	0.00106212	0
622	3.76611	4.54717	0.0380919		3.76611	4.54717	2.0816	4.54717		0.252557	0.133803	0.000530078	0
623	3.76611	4.54717	0.0380919		3.76611	4.54717	3.76611	4.89407		0.374287	0.229307	0.000649449	0
624	3.76611	4.54717	0.0380919		3.76611	4.54717	2.09523	4.54717		0.265541	0.135292	0.000555986	0
625	3.76611	4.54717	0.0380919		3.76611	4.54717	3.76611	4.79332		0.327911	0.206554	0.000855327	0
626	3.76611	4.54717	0.0380919		3.76611	4.54717	2.58722	4.54717		0.282242	0.16412	0.000579237	0
627	3.76611	4.54717	0.0380919		3.76611	4.54717	3.76611	4.12966		0.245446	0.170062	0.00268591	0
628	3.76611	4.54717	0.0380919		3.76611	4.54717	3.62967	4.54717		0.317596	0.189848	0.000629466	0
629	3.76611	4.54717	0.0380919		3.76611	4.54717	3.76611	5.84841		0.436912	0.195649	0.000674141	0
630	3.76611	4.54717	0.0380919		3.76611	4.54717	3.62379	4.54717		0.304567	0.222788	0.00296614	0
631	3.76611	4.54717	0.0380919		3.76611	4.54717	3.76611	3.78622		0.418917	0.20237	0.000622343	0
632	3.76611	4.54717	0.0380919		3.76611	4.54717	2.16994	4.54717		0.221048	0.0956541	0.000632548	0
633	3.76611	4.54717	0.0380919		3.76611	4.54717	3.76611	2.50261		0.45238	0.295688	0.000861917	0
634	3.76611	4.54717	0.0380919		3.76611	4.54717	2.68478	4.54717		0.305717	0.162024	0.000546258	0
635	3.76611	4.54717	0.0380919		3.76611	4.54717	3.76611	4.70086		0.518427	0.358145	0.00121331	0
636	3.76611	4.54717	0.0380919		3.76611	4.54717	5.32474	4.54717		0.410888	0.170961	0.000721149	0
637	3.76611	4.54717	0.0380919		3.76611	4.54717	3.76611	6.02987		0.382481	0.113241	0.00100577	0
638	3.76611	4.54717	0.0380919		3.76611	4.54717	4.68448	4.54717		0.358387	0.151284	0.000700177	0
639	3.76611	4.54717	0.0380919		3.76611	4.54717	3.76611	4.89898		0.403997	0.188345	0.00064249	0
640	3.76611	4.54717	0.0380919		3.76611	4.54717	2.3905	4.54717		0.313221	0.205498	0.0012415	0
641	3.76611	4.54717	0.0380919		3.76611	4.54717	3.76611	4.80756		0.235681	0.157846	0.00229325	0
642	3.76611	4.54717	0.0380919		3.76611	4.54717	6.40564	4.54717		0.314708	0.105673	0.00086569	0
643	3.76611	4.54717	0.0380919		3.76611	4.54717	3.76611	5.38694		0.383067	0.184392	0.000618723	0
644	3.76611	4.54717	0.0380919		3.76611	4.54717	4.78032	4.54717		0.307168	0.154275	0.000576807	0
645	3.76611	4.54717	0.0380919		3.76611	4.54717	3.76611	3.74633		0.379544	0.19563	0.000577227	0
646	3.76611	4.54717	0.0380919		3.76611	4.54717	4.81275	4.54717		0.414153	0.205883	0.000604073	0
647	3.76611	4.86724	0.192489		3.76611	4.54717	3.76611	4.86724		0.489711	0.565831	0.0179702	1
648	3.76611	4.86724	0.192489		3.76611	4.86724	4.26481	4.86724		0.405984	0.144064	0.000597828	0
649	3.76611	4.86724	0.192489		3.76611	4.86724	3.76611	4.96599		0.324937	0.10376	0.00199496	0
650	3.80856	4.86724	0.0730605		3.76611	4.86724	3.80856	4.86724		0	0	0	1
651	3.80856	4.86724	0.0730605		3.80856	4.86724	3.80856	7.62027		0.352874	0.1869	0.000548208	0
652	3.80856	4.86724	0.0730605		3.80856	4.86724	2.05275	4.86724		0.358921	0.240814	0.00307521	0
653	3.80856	4.86724	0.0730605		3.80856	4.86724	3.80856	3.79318		0.475002	0.384377	0.00478305	0
654	3.80856	4.86724	0.0730605		3.80856	4.86724	4.44092	4.86724		0.360382	0.219631	0.00161168	0
655	3.80856	4.86724	0.0730605		3.80856	4.86724	3.80856	3.78136		0.452392	0.183985	0.000681846	0
656	3.80856	4.86724	0.0730605		3.80856	4.86724	4.89863	4.86724		0.474534	0.229909	0.0005775	0
657	3.80856	4.86724	0.0730605		3.80856	4.86724	3.80856	5.95606		0.409674	0.313916	0.0044616	0
658	3.80856	4.86724	0.0730605		3.80856	4.86724	2.30228	4.86724		0.311996	0.148604	0.000531742	0
659	3.80856	4.86724	0.0730605		3.80856	4.86724	3.80856	3.62302		0.249653	0.12201	0.000710792	0
660	3.80856	4.86724	0.0730605		3.80856	4.86724	2.80166	4.86724		0.482757	0.269487	0.000502777	0
661	3.80856	4.86724	0.0730605		3.80856	4.86724	3.80856	5.53064		0.355897	0.121473	0.000770027	0
662	3.80856	4.86724	0.0730605		3.80856	4.86724	1.5382	4.86724		0.323569	0.183205	0.000972112	0
663	3.80856	4.86724	0.0730605		3.80856	4.86724	3.80856	6.94257		0.344246	0.149949	0.0005981	0
664	3.80856	4.86724	0.0730605		3.80856	4.86724	3.18003	4.86724		0.315835	0.137238	0.000585033	0
665	3.80856	4.86724	0.0730605		3.80856	4.86724	3.80856	4.64918		0.344142	0.175129	0.00051191	0
666	3.80856	4.86724	0.0730605		3.80856	4.86724	3.4235	4.86724		0.32381	0.154166	0.000537902	0
667	3.80856	4.86724	0.0730605		3.80856	4.86724	3.80856	5.13674		0.342516	0.164599	0.000541391	0
668	3.80856	4.86724	0.0730605		3.80856	4.86724	4.34209	4.86724		0.408427	0.21853	0.000507528	0
669	3.80856	4.86724	0.0730605		3.80856	4.86724	3.80856	4.75887		0.446275	0.338532	0.00409743	0
670	3.80856	4.86724	0.0730605		3.80856	4.86724	3.13654	4.86724		0.323018	0.129965	0.000636049	0
671	3.80856	4.86724	0.0730605		3.80856	4.86724	3.80856	4.72811		0.316212	0.119643	0.000672109	0
672	3.80856	4.86724	0.0730605		3.80856	4.86724	2.29141	4.86724		0.291995	0.175626	0.00235588	0
673	3.80856	4.86724	0.0730605		3.80856	4.86724	3.80856	4.70172		0.327955	0.171566	0.000585575	0
674	3.80856	4.86724	0.0730605		3.80856	4.86724	3.55239	4.86724		0.260041	0.125951	0.00058931	0
675	3.80856	4.86724	0.0730605		3.80856	4.86724	3.80856	4.01861		0.382153	0.164971	0.000619629	0
676	3.80856	4.86724	0.0730605		3.80856	4.86724	4.55248	4.86724		0.467835	0.206749	0.000631477	0
677	3.80856	4.86724	0.0730605		3.80856	4.86724	3.80856	3.12925		0.377459	0.0919388	0.00109495	0
678	3.80856	4.86724	0.0730605		3.80856	4.86724	3.72229	4.86724		0.268151	0.175155	0.00396012	0
679	3.80856	4.86724	0.0730605		3.80856	4.86724	3.80856	4.39674		0.43276	0.177508	0.00067015	0
680	3.80856	4.86724	0.0730605		3.80856	4.86724	4.58351	4.86724		0.245155	0.185269	0.00864321	0
681	3.80856	4.86724	0.0730605		3.80856	4.86724	3.80856	4.62275		0.301612	0.169856	0.00116027	0
682	3.80856	4.86724	0.0730605		3.80856	4.86724	2.9709	4.86724		0.42097	0.214038	0.000537558	0
683	3.80856	4.86724	0.0730605		3.80856	4.86724	3.80856	5.85765		0.262265	0.152897	0.00246629	0
684	3.80856	4.86724	0.0730605		3.80856	4.86724	3.34065	4.86724		0.301334	0.214151	0.00453842	0
685	3.80856	4.86724	0.0730605		3.80856	4.86724	3.80856	5.01663		0.395272	0.235463	0.000968687	0
686	3.80856	4.86724	0.0730605		3.80856	4.86724	2.72234	4.86724		0.430709	0.195622	0.00060463	0
687	3.80856	4.86724	0.0730605		3.80856	4.86724	3.80856	5.45181		0.36279	0.212572	0.000986473	0
688	3.80856	4.86724	0.0730605		3.80856	4.86724	2.52911	4.86724		0.300517	0.0943085	0.000797624	0
689	3.80856	4.86724	0.0730605		3.80856	4.86724	3.80856	5.97571		0.399378	0.140527	0.000767946	0
690	3.80856	4.86724	0.0730605		3.80856	4.86724	4.64465	4.86724		0.259485	0.101218	0.000609113	0
691	3.80856	4.86724	0.0730605		3.80856	4.86724	3.80856	5.67149		0.455932	0.273449	0.000864997	0
692	3.80856	4.86724	0.0730605		3.80856	4.86724	2.53503	4.86724		0.351172	0.188021	0.000606923	0
693	3.80856	4.86724	0.0730605		3.80856	4.86724	3.80856	5.65468		0.351339	0.211035	0.00148559	0
694	3.52441	4.86724	0.0287171		3.80856	4.86724	3.52441	4.86724		0	0	0	1
695	3.52441	4.86724	0.0287171		3.52441	4.86724	3.52441	5.50279		0.395701	0.14661	0.00082782	0
696	3.52441	4.86724	0.0287171		3.52441	4.86724	2.07063	4.86724		0.306299	0.255672	0.00429987	0
697	3.52441	4.86724	0.0287171		3.52441	4.86724	3.52441	4.63875		0.313189	0.100084	0.000939992	0
698	3.52441	4.86724	0.0287171		3.52441	4.86724	4.82087	4.86724		0.302385	0.172487	0.000524709	0
699	3.52441	4.86724	0.0287171		3.52441	4.86724	3.52441	3.55523		0.371284	0.180867	0.000626379	0
700	3.52441	4.86724	0.0287171		3.52441	4.86724	3.78276	4.86724		0.335831	0.151242	0.000671547	0
701	3.52441	4.86724	0.0287171		3.52441	4.86724	3.52441	4.57175		0.322961	0.267895	0.0041469	0
702	3.52441	4.86724	0.0287171		3.52441	4.86724	2.29031	4.86724		0.48032	0.381863	0.0031287	0
703	3.52441	4.86724	0.0287171		3.52441	4.86724	3.52441	4.83561		0.367865	0.270535	0.00227108	0
704	3.52441	4.86724	0.0287171		3.52441	4.86724	3.05486	4.86724		0.375013	0.18374	0.000623298	0
705	3.52441	4.86724	0.0287171		3.52441	4.86724	3.52441	3.67254		0.382692	0.198812	0.000588818	0
706	3.52441	4.86724	0.0287171		3.52441	4.86724	2.5866	4.86724		0.312246	0.210194	0.0011201	0
707	3.52441	4.86724	0.0287171		3.52441	4.86724	3.52441	4.31792		0.472217	0.350457	0.00212766	0
708	3.52441	4.86724	0.0287171		3.52441	4.86724	2.70835	4.86724		0.332874	0.310886	0.00682014	0
709	3.52441	4.86724	0.0287171		3.52441	4.86724	3.52441	6.46538		0.272119	0.165031	0.000620867	0
710	3.52441	4.86724	0.0287171		3.52441	4.86724	2.47633	4.86724		0.412646	0.277569	0.000920451	0
711	3.52441	4.86724	0.0287171		3.52441	4.86724	3.52441	3.8133		0.404639	0.157062	0.000791551	0
712	3.52441	4.86724	0.0287171		3.52441	4.86724	4.85185	4.86724		0.478099	0.170651	0.000870876	0
713	3.52441	4.86724	0.0287171		3.52441	4.86724	3.52441	3.9008		0.302871	0.12812	0.000707663	0
714	3.52441	4.86724	0.0287171		3.52441	4.86724	2.63635	4.86724		0.245693	0.130328	0.000550587	0
715	3.52441	4.86724	0.0287171		3.52441	4.86724	3.52441	4.46391		0.239954	0.170684	0.0024647	0
716	3.52441	4.86724	0.0287171		3.52441	4.86724	1.98933	4.86724		0.414058	0.260612	0.000608739	0
717	3.52441	4.86724	0.0287171		3.52441	4.86724	3.52441	4.32685		0.344049	0.231797	0.000994941	0
718	3.52441	4.86724	0.0287171		3.52441	4.86724	2.56205	4.86724		0.386937	0.124988	0.000947834	0
719	3.52441	4.86724	0.0287171		3.52441	4.86724	3.52441	5.38763		0.305728	0.161037	0.000568881	0
720	3.52441	4.86724	0.0287171		3.52441	4.86724	1.67986	4.86724		0.373932	0.216687	0.000526875	0
721	3.52441	4.86724	0.0287171		3.52441	4.86724	3.52441	4.7475		0.336861	0.154889	0.000657939	0
722	3.52441	4.86724	0.0287171		3.52441	4.86724	2.24449	4.86724		0.268661	0.157519	0.000503764	0
723	3.52441	4.86724	0.0287171		3.52441	4.86724	3.52441	5.56377		0.303031	0.107855	0.000841123	0
724	3.52441	4.86724	0.0287171		3.52441	4.86724	5.24601	4.86724		0.366498	0.138104	0.000808869	0
725	3.52441	4.86724	0.0287171		3.52441	4.86724	3.52441	5.9649		0.237026	0.149982	0.000901797	0
726	3.52441	4.86724	0.0287171		3.52441	4.86724	3.55489	4.86724		0.414767	0.219258	0.00058229	0
727	3.52441	4.86724	0.0287171		3.52441	4.86724	3.52441	5.12196		0.293537	0.159303	0.000549766	0
728	3.52441	4.86724	0.0287171		3.52441	4.86724	3.53148	4.86724		0.273828	0.1103	0.000734915	0
729	3.52441	4.86724	0.0287171		3.52441	4.86724	3.52441	4.10126		0.303392	0.175888	0.000516456	0
730	3.52441	4.86724	0.0287171		3.52441	4.86724	4.18707	4.86724		0.332593	0.176688	0.000568776	0
731	3.52441	4.86724	0.0287171		3.52441	4.86724	3.52441	5.3605		0.336291	0.145654	0.000698361	0
732	3.52441	4.86724	0.0287171		3.52441	4.86724	2.87458	4.86724		0.308698	0.368626	0.0212477	0
733	3.52441	4.86724	0.0287171		3.52441	4.86724	3.52441	4.41709		0.350479	0.108167	0.000983769	0
734	3.52441	4.86724	0.0287171		3.52441	4.86724	3.2716	4.86724		0.331699	0.200459	0.000501448	0
735	3.52441	4.88742	0.0234235		3.52441	4.86724	3.52441	4.88742		0	0	0	1
736	3.52441	4.88742	0.0234235		3.52441	4.88742	1.77566	4.88742		0.311878	0.239192	0.00284695	0
737	3.52441	4.88742	0.0234235		3.52441	4.88742	3.52441	3.50506		0.409639	0.242971	0.000525686	0
738	3.52441	4.88742	0.0234235		3.52441	4.88742	3.49687	4.88742		0.458885	0.301432	0.000719672	0
739	3.52441	4.88742	0.0234235		3.52441	4.88742	3.52441	5.5596		0.40625	0.231769	0.000546258	0
740	3.52441	4.88742	0.0234235		3.52441	4.88742	3.53037	4.88742		0.255477	0.128469	0.000597368	0
741	3.52441	4.88742	0.0234235		3.52441	4.88742	3.52441	5.1991		0.429091	0.196566	0.000682517	0
742	3.52441	4.88742	0.0234235		3.52441	4.88742	5.7684	4.88742		0.254797	0.143709	0.000532452	0
743	3.52441	4.88742	0.0234235		3.52441	4.88742	3.52441	5.50647		0.365748	0.171444	0.00066034	0
744	3.52441	4.88742	0.0234235		3.52441	4.88742	3.35705	4.88742		0.264372	0.171068	0.000837757	0
745	3.52441	4.88742	0.0234235		3.52441	4.88742	3.52441	6.1079		0.363342	0.177521	0.000633254	0
746	3.52441	4.88742	0.0234235		3.52441	4.88742	5.02926	4.88742		0.39203	0.193328	0.000630551	0
747	3.52441	4.88742	0.0234235		3.52441	4.88742	3.52441	3.29343		0.388197	0.169431	0.000712002	0
748	3.52441	4.88742	0.0234235		3.52441	4.88742	3.68545	4.88742		0.343064	0.172138	0.000614098	0
749	3.52441	4.88742	0.0234235		3.52441	4.88742	3.52441	4.64417		0.251554	0.114345	0.000659807	0
750	3.52441	4.88742	0.0234235		3.52441	4.88742	5.12933	4.88742		0.416128	0.205895	0.000630772	0
751	3.52441	4.88742	0.0234235		3.52441	4.88742	3.52441	4.89164		0.418273	0.268705	0.000638616	0
752	3.52441	4.88742	0.0234235		3.52441	4.88742	3.21447	4.88742		0.360172	0.218772	0.000509055	0
753	3.52441	4.88742	0.0234235		3.52441	4.88742	3.52441	5.36065		0.365131	0.185261	0.00060999	0
754	3.52441	4.88742	0.0234235		3.52441	4.88742	2.32389	4.88742		0.333252	0.199893	0.000512597	0
755	3.52441	4.88742	0.0234235		3.52441	4.88742	3.52441	6.00822		0.411582	0.241351	0.000531877	0
756	3.52441	4.88742	0.0234235		3.52441	4.88742	4.42635	4.88742		0.39555	0.170691	0.000720993	0
757	3.52441	4.88742	0.0234235		3.52441	4.88742	3.52441	4.56829		0.269868	0.162804	0.000500616	0
758	3.52441	4.88742	0.0234235		3.52441	4.88742	3.88174	4.88742		0.353594	0.250001	0.00146095	0
759	3.52441	4.88742	0.0234235		3.52441	4.88742	3.52441	3.91727		0.222837	0.134984	0.000612951	0
760	3.52441	4.88742	0.0234235		3.52441	4.88742	4.31732	4.88742		0.269481	0.206146	0.00299611	0
761	3.52441	4.88742	0.0234235		3.52441	4.88742	3.52441	5.6212		0.250627	0.134725	0.000557722	0
762	3.52441	4.88742	0.0234235		3.52441	4.88742	2.42	4.88742		0.315534	0.24882	0.0032332	0
763	3.52441	4.88742	0.0234235		3.52441	4.88742	3.52441	4.70499		0.304918	0.127279	0.000731416	0
764	3.52441	4.88742	0.0234235		3.52441	4.88742	2.92119	4.88742		0.33682	0.174476	0.000594033	0
765	3.52441	4.88742	0.0234235		3.52441	4.88742	3.52441	4.4771		0.34476	0.141748	0.000749709	0
766	3.52441	4.88742	0.0234235		3.52441	4.88742	3.20112	4.88742		0.311222	0.0816799	0.00116526	0
767	3.52441	4.88742	0.0234235		3.52441	4.88742	3.52441	4.47981		0.366713	0.220473	0.00051494	0
768	3.52441	4.88742	0.0234235		3.52441	4.88742	2.6215	4.88742		0.356193	0.156139	0.000704828	0
769	3.52441	4.88742	0.0234235		3.52441	4.88742	3.52441	5.29417		0.411392	0.14432	0.000889042	0
770	3.52441	4.88742	0.0234235		3.52441	4.88742	3.27638	4.88742		0.305539	0.158959	0.000586937	0
771	3.52441	4.88742	0.0234235		3.52441	4.88742	3.52441	5.45138		0.391004	0.152709	0.000796049	0
772	3.52441	4.88742	0.0234235		3.52441	4.88742	2.69619	4.88742		0.371083	0.245023	0.000803808	0
773	3.52441	4.88742	0.0234235		3.52441	4.88742	3.52441	4.57853		0.226421	0.105418	0.000636836	0
774	3.52441	4.88742	0.0234235		3.52441	4.88742	2.76266	4.88742		0.323368	0.146202	0.000678482	0
775	3.52441	4.88742	0.0234235		3.52441	4.88742	3.52441	7.02809		0.26624	0.153758	0.000522268	0
776	3.52441	4.88742	0.0234235		3.52441	4.88742	4.43904	4.88742		0.373514	0.174865	0.000662109	0
777	3.52441	4.88742	0.0234235		3.52441	4.88742	3.52441	4.63471		0.339949	0.150317	0.000696387	0
778	3.52441	4.88742	0.0234235		3.52441	4.88742	2.85768	4.88742		0.408867	0.321451	0.00293007	0
779	3.52441	4.88742	0.0234235		3.52441	4.88742	3.52441	3.42126		0.366137	0.0971968	0.00116609	0
780	3.52441	4.88742	0.0234235		3.52441	4.88742	3.03978	4.88742		0.368415	0.197776	0.000576882	0
781	3.52441	4.88742	0.0234235		3.52441	4.88742	3.52441	3.62759		0.371725	0.165757	0.000694923	0
782	3.52441	4.88742	0.0234235		3.52441	4.88742	2.99005	4.88742		0.275437	0.153639	0.000542467	0
783	3.52441	4.88742	0.0234235		3.52441	4.88742	3.52441	4.60498		0.24068	0.198978	0.00422532	0
784	3.52441	4.88742	0.0234235		3.52441	4.88742	4.75687	4.88742		0.373363	0.0740484	0.00156289	0
785	3.52441	4.88742	0.0234235		3.52441	4.88742	3.52441	4.57117		0.344649	0.145418	0.00073054	0
786	3.52441	4.88742	0.0234235		3.52441	4.88742	3.9679	4.88742		0.346231	0.22159	0.00068002	0
787	3.52441	4.88742	0.0234235		3.52441	4.88742	3.52441	6.96027		0.265543	0.170952	0.000812256	0
788	3.52441	4.88742	0.0234235		3.52441	4.88742	3.1343	4.88742		0.241343	0.128945	0.000558909	0
789	3.52441	4.88742	0.0234235		3.52441	4.88742	3.52441	5.69965		0.254	0.141531	0.000538781	0
790	3.52441	4.88742	0.0234235		3.52441	4.88742	3.53831	4.88742		0.443408	0.192013	0.000723358	0
791	3.52441	4.88742	0.0234235		3.52441	4.88742	3.52441	5.40691		0.29915	0.158756	0.00057438	0
792	3.52441	4.88742	0.0234235		3.52441	4.88742	2.20439	4.88742		0.282452	0.174681	0.000594808	0
793	3.52441	4.88742	0.0234235		3.52441	4.88742	3.52441	4.30867		0.365335	0.180731	0.000625652	0
794	3.52441	4.88742	0.0234235		3.52441	4.88742	3.78877	4.88742		0.402736	0.134266	0.000934288	0
795	3.52441	4.88742	0.0234235		3.52441	4.88742	3.52441	5.20063		0.382118	0.157701	0.000752215	0
796	3.52441	4.88742	0.0234235		3.52441	4.88742	4.02085	4.88742		0.323193	0.121877	0.000813427	0
797	3.52441	4.88742	0.0234235		3.52441	4.88742	3.52441	5.17668		0.33147	0.195102	0.000522162	0
798	3.52441	4.88742	0.0234235		3.52441	4.88742	6.85129	4.88742		0.439585	0.193844	0.000710006	0
799	3.52441	4.88742	0.0234235		3.52441	4.88742	3.52441	3.97499		0.287376	0.155792	0.000560315	0
800	3.52441	4.88742	0.0234235		3.52441	4.88742	4.96288	4.88742		0.525948	0.181108	0.000917638	0
801	3.52441	4.88742	0.0234235		3.52441	4.88742	3.52441	6.55706		0.400749	0.200065	0.000623729	0
802	3.52441	4.88742	0.0234235		3.52441	4.88742	4.10972	4.88742		0.359031	0.183441	0.000605043	0
803	3.52441	4.88742	0.0234235		3.52441	4.88742	3.52441	5.89494		0.372172	0.295309	0.0031489	0
804	3.52441	4.88742	0.0234235		3.52441	4.88742	4.52419	4.88742		0.371625	0.251888	0.000923119	0
805	3.52441	4.88742	0.0234235		3.52441	4.88742	3.52441	4.46385		0.381698	0.205671	0.000576095	0
806	3.52441	4.88742	0.0234235		3.52441	4.88742	4.12109	4.88742		0.326257	0.182326	0.000549296	0
807	3.52441	4.88742	0.0234235		3.52441	4.88742	3.52441	6.06652		0.408273	0.225973	0.00056323	0
808	3.52441	4.88742	0.0234235		3.52441	4.88742	4.18226	4.88742		0.32586	0.132471	0.000755027	0
809	3.52441	4.88742	0.0234235		3.52441	4.88742	3.52441	5.20178		0.40041	0.27479	0.000957287	0
810	3.52441	4.88742	0.0234235		3.52441	4.88742	3.32505	4.88742		0.321446	0.0984676	0.00100094	0
811	3.52441	4.88742	0.0234235		3.52441	4.88742	3.52441	6.1236		0.31226	0.21077	0.000962261	0
812	3.52441	4.88742	0.0234235		3.52441	4.88742	4.15066	4.88742		0.323934	0.179488	0.000553701	0
813	3.52441	4.88742	0.0234235		3.52441	4.88742	3.52441	2.89399		0.355297	0.150725	0.000728181	0
814	3.52441	4.88742	0.0234235		3.52441	4.88742	4.06948	4.88742		0.243369	0.136813	0.000531667	0
815	3.52441	4.88742	0.0234235		3.52441	4.88742	3.52441	5.37782		0.3671	0.113184	0.00100419	0
816	3.52441	4.88742	0.0234235		3.52441	4.88742	3.83631	4.88742		0.415472	0.16058	0.000807423	0
817	3.52441	4.88742	0.0234235		3.52441	4.88742	3.52441	4.74724		0.402343	0.309711	0.00263541	0
818	3.52441	4.88742	0.0234235		3.52441	4.88742	4.19044	4.88742		0.425263	0.208731	0.000636674	0
819	3.52441	4.88742	0.0234235		3.52441	4.88742	3.52441	3.60677		0.253599	0.130373	0.000583878	0
820	3.52441	4.88742	0.0234235		3.52441	4.88742	1.57438	4.88742		0.32043	0.241372	0.00255053	0
821	3.52441	4.88742	0.0234235		3.52441	4.88742	3.52441	6.89979		0.413825	0.226467	0.000570109	0
822	3.52441	4.88742	0.0234235		3.52441	4.88742	3.14132	4.88742		0.265985	0.129231	0.000620735	0
823	3.52441	4.88742	0.0234235		3.52441	4.88742	3.52441	5.25843		0.230277	0.140924	0.000643893	0
824	3.52441	4.88742	0.0234235		3.52441	4.88742	2.4623	4.88742		0.370606	0.23124	0.000534266	0
825	3.52441	4.88742	0.0234235		3.52441	4.88742	3.52441	6.38107		0.439419	0.208906	0.000658549	0
826	3.52441	4.88742	0.0234235		3.52441	4.88742	2.18551	4.88742		0.296304	0.175815	0.000513297	0
827	3.52441	4.88742	0.0234235		3.52441	4.88742	3.52441	4.09		0.404539	0.172627	0.000730128	0
828	3.52441	4.88742	0.0234235		3.52441	4.88742	3.73403	4.88742		0.334684	0.171145	0.000601466	0
829	3.52441	4.88742	0.0234235		3.52441	4.88742	3.52441	5.31581		0.327898	0.156366	0.000643959	0
830	3.52441	4.88742	0.0234235		3.52441	4.88742	1.09665	4.88742		0.365085	0.211748	0.000533615	0
831	3.52441	4.88742	0.0234235		3.52441	4.88742	3.52441	5.68057		0.32451	0.143961	0.000691667	0
832	3.52441	4.88742	0.0234235		3.52441	4.88742	3.4881	4.88742		0.386251	0.349442	0.00487236	0
833	3.52441	4.88742	0.0234235		3.52441	4.88742	3.52441	5.0237		0.267479	0.189089	0.00182319	0
834	3.52441	4.88742	0.0234235		3.52441	4.88742	4.95631	4.88742		0.328487	0.154069	0.000654828	0
835	3.52441	4.88742	0.0234235		3.52441	4.88742	3.52441	6.50807		0.493425	0.273227	0.000568889	0
836	3.52441	4.88742	0.0234235		3.52441	4.88742	3.66839	4.88742		0.344922	0.141771	0.000749968	0
837	3.52441	4.88742	0.0234235		3.52441	4.88742	3.52441	3.97264		0.418335	0.222231	0.000587688	0
838	3.52441	4.88742	0.0234235		3.52441	4.88742	2.97463	4.88742		0.351926	0.176638	0.000615042	0
839	3.52441	4.88742	0.0234235		3.52441	4.88742	3.52441	7.10118		0.247758	0.125666	0.000590376	0
840	3.52441	4.88742	0.0234235		3.52441	4.88742	4.39183	4.88742		0.237657	0.10595	0.000668714	0
841	3.52441	4.88742	0.0234235		3.52441	4.88742	3.52441	5.65069		0.415064	0.285669	0.000960377	0
842	3.52441	4.88742	0.0234235		3.52441	4.88742	3.50655	4.88742		0.369486	0.228068	0.000501814	0
843	3.52441	4.88742	0.0234235		3.52441	4.88742	3.52441	4.06021		0.353977	0.130332	0.000838769	0
844	3.52441	4.88742	0.0234235		3.52441	4.88742	5.34845	4.88742		0.29151	0.113597	0.000780474	0
845	3.52441	4.88742	0.0234235		3.52441	4.88742	3.52441	4.64177		0.299856	0.151435	0.000603691	0
846	3.52441	4.88742	0.0234235		3.52441	4.88742	3.35758	4.88742		0.329094	0.16649	0.000607181	0
847	3.52441	4.88742	0.0234235		3.52441	4.88742	3.52441	5.3309		0.352395	0.12987	0.000837721	0
848	3.52441	4.88742	0.0234235		3.52441	4.88742	3.0194	4.88742		0.302156	0.186625	0.000559923	0
849	3.52441	4.88742	0.0234235		3.52441	4.88742	3.52441	3.90554		0.222348	0.130023	0.000505963	0
850	3.52441	4.88742	0.0234235		3.52441	4.88742	4.2961	4.88742		0.356452	0.188738	0.000583544	0
851	3.52441	4.88742	0.0234235		3.52441	4.88742	3.52441	5.83411		0.40173	0.275808	0.000958195	0
852	3.52441	4.88742	0.0234235		3.52441	4.88742	6.50062	4.88742		0.323638	0.162826	0.000609762	0
853	3.52441	4.88742	0.0234235		3.52441	4.88742	3.52441	4.92706		0.320153	0.155929	0.000629338	0
854	3.52441	4.88742	0.0234235		3.52441	4.88742	3.32086	4.88742		0.244897	0.181475	0.00267234	0
855	3.52441	4.88742	0.0234235		3.52441	4.88742	3.52441	5.13703		0.352158	0.309363	0.00457862	0
856	3.52441	4.88742	0.0234235		3.52441	4.88742	2.18495	4.88742		0.367893	0.192067	0.000593129	0
857	3.52441	4.88742	0.0234235		3.52441	4.88742	3.52441	5.26145		0.411577	0.256161	0.00050112	0
858	3.52441	4.88742	0.0234235		3.52441	4.88742	3.83814	4.88742		0.263672	0.204814	0.00324499	0
859	3.52441	4.88742	0.0234235		3.52441	4.88742	3.52441	5.79254		0.299759	0.101654	0.000899012	0
860	3.52441	4.88742	0.0234235		3.52441	4.88742	4.92677	4.88742		0.382309	0.16607	0.000714686	0
861	3.52441	4.88742	0.0234235		3.52441	4.88742	3.52441	5.11672		0.435522	0.101021	0.00134909	0
862	3.52441	4.88742	0.0234235		3.52441	4.88742	4.16583	4.88742		0.307478	0.132574	0.000708591	0
863	3.52441	4.88742	0.0234235		3.52441	4.88742	3.52441	5.59342		0.268109	0.221492	0.00407009	0
864	3.52441	4.88742	0.0234235		3.52441	4.88742	3.13018	4.88742		0.305602	0.153595	0.000607574	0
865	3.52441	4.88742	0.0234235		3.52441	4.88742	3.52441	2.9564		0.29803	0.254207	0.00436569	0
866	3.52441	4.88742	0.0234235		3.52441	4.88742	4.58875	4.88742		0.353319	0.137807	0.000791693	0
867	3.52441	4.88742	0.0234235		3.52441	4.88742	3.52441	5.80453		0.359141	0.308913	0.00428684	0
868	3.52441	4.88742	0.0234235		3.52441	4.88742	4.27705	4.88742		0.322448	0.187866	0.000526393	0
869	3.52441	4.88742	0.0234235		3.52441	4.88742	3.52441	3.69332		0.386786	0.264728	0.000955046	0
870	3.52441	4.88742	0.0234235		3.52441	4.88742	3.90173	4.88742		0.333373	0.126791	0.000808453	0
871	3.52441	4.88742	0.0234235		3.52441	4.88742	3.52441	5.38491		0.287674	0.228881	0.00346822	0
872	3.52441	4.88742	0.0234235		3.52441	4.88742	4.48486	4.88742		0.263566	0.16734	0.000750981	0
873	3.52441	4.88742	0.0234235		3.52441	4.88742	3.52441	4.5369		0.251879	0.131475	0.000574657	0
874	3.52441	4.88742	0.0234235		3.52441	4.88742	3.14436	4.88742		0.300943	0.155932	0.000588587	0
875	3.52441	4.88742	0.0234235		3.52441	4.88742	3.52441	5.03686		0.366183	0.15466	0.00073293	0
876	3.52441	4.88742	0.0234235		3.52441	4.88742	3.29629	4.88742		0.303492	0.23675	0.00312461	0
877	3.52441	4.88742	0.0234235		3.52441	4.88742	3.52441	4.6656		0.308035	0.155599	0.000604918	0
878	3.52441	4.88742	0.0234235		3.52441	4.88742	3.1628	4.88742		0.299674	0.141113	0.000647421	0
879	3.52441	4.88742	0.0234235		3.52441	4.88742	3.52441	7.27035		0.216007	0.115777	0.000550109	0
880	3.52441	4.88742	0.0234235		3.52441	4.88742	2.73933	4.88742		0.339057	0.188775	0.000552955	0
881	3.52441	4.88742	0.0234235		3.52441	4.88742	3.52441	5.22055		0.279688	0.111215	0.00076204	0
882	3.52441	4.88742	0.0234235		3.52441	4.88742	4.77135	4.88742		0.453618	0.180829	0.000786769	0
883	3.52441	4.88742	0.0234235		3.52441	4.88742	3.52441	4.75182		0.435553	0.106237	0.00128295	0
884	3.52441	4.88742	0.0234235		3.52441	4.88742	1.90851	4.88742		0.387225	0.193878	0.000620565	0
885	3.52441	4.88742	0.0234235		3.52441	4.88742	3.52441	4.26541		0.362691	0.101478	0.00110565	0
886	3.52441	4.88742	0.0234235		3.52441	4.88742	4.08827	4.88742		0.368611	0.153135	0.000745471	0
887	3.52441	4.88742	0.0234235		3.52441	4.88742	3.52441	3.92922		0.305811	0.16451	0.00056768	0
888	3.52441	4.88742	0.0234235		3.52441	4.88742	3.3008	4.88742		0.376036	0.198133	0.000588563	0
889	3.52441	4.88742	0.0234235		3.52441	4.88742	3.52441	5.98156		0.376218	0.173738	0.000671551	0
890	3.52441	4.88742	0.0234235		3.52441	4.88742	2.6087	4.88742		0.368249	0.210816	0.000540937	0
891	3.52441	4.88742	0.0234235		3.52441	4.88742	3.52441	5.73414		0.390028	0.209738	0.000578059	0
892	3.52441	4.88742	0.0234235		3.52441	4.88742	2.56353	4.88742		0.283438	0.155095	0.000554436	0
893	3.52441	4.88742	0.0234235		3.52441	4.88742	3.52441	5.93296		0.297815	0.137268	0.000661077	0
894	3.52441	4.88742	0.0234235		3.52441	4.88742	4.70465	4.88742		0.344809	0.164521	0.000646035	0
895	3.52441	4.88742	0.0234235		3.52441	4.88742	3.52441	6.10307		0.353861	0.145918	0.000748911	0
896	3.52441	4.88742	0.0234235		3.52441	4.88742	3.03176	4.88742		0.403284	0.161211	0.000779259	0
897	3.52441	4.88742	0.0234235		3.52441	4.88742	3.52441	6.60254		0.285123	0.164876	0.000524924	0
898	3.52441	4.88742	0.0234235		3.52441	4.88742	4.87039	4.88742		0.4145	0.21084	0.000613424	0
899	3.52441	4.88742	0.0234235		3.52441	4.88742	3.52441	5.86382		0.367	0.152773	0.000743751	0
900	3.52441	4.88742	0.0234235		3.52441	4.88742	4.07289	4.88742		0.252184	0.1488	0.000508427	0
901	3.52441	4.88742	0.0234235		3.52441	4.88742	3.52441	4.50351		0.338627	0.158618	0.00065719	0
902	3.52441	4.88742	0.0234235		3.52441	4.88742	3.32907	4.88742		0.365698	0.227269	0.00051912	0
903	3.52441	4.88742	0.0234235		3.52441	4.88742	3.52441	6.36383		0.315319	0.120311	0.00080237	0
904	3.52441	4.88742	0.0234235		3.52441	4.88742	4.14698	4.88742		0.314719	0.122149	0.000788668	0
905	3.52441	4.88742	0.0234235		3.52441	4.88742	3.52441	3.8063		0.305734	0.156107	0.000598076	0
906	3.52441	4.88742	0.0234235		3.52441	4.88742	4.63666	4.88742		0.420277	0.321548	0.00250578	0
907	3.52441	4.88742	0.0234235		3.52441	4.88742	3.52441	5.13092		0.268353	0.150998	0.00053644	0
908	3.52441	4.88742	0.0234235		3.52441	4.88742	3.22126	4.88742		0.267446	0.0953899	0.000846016	0
909	3.52441	4.88742	0.0234235		3.52441	4.88742	3.52441	4.1374		0.409694	0.185228	0.000689662	0
910	3.52441	4.88742	0.0234235		3.52441	4.88742	3.22407	4.88742		0.347301	0.148419	0.000721675	0
911	3.52441	4.88742	0.0234235		3.52441	4.88742	3.52441	5.44208		0.332157	0.174515	0.000585062	0
912	3.52441	4.88742	0.0234235		3.52441	4.88742	2.76002	4.88742		0.347568	0.194169	0.000552091	0
913	3.52441	4.88742	0.0234235		3.52441	4.88742	3.52441	5.18738		0.401507	0.187669	0.000666265	0
914	3.52441	4.88742	0.0234235		3.52441	4.88742	2.84164	4.88742		0.44346	0.206328	0.000673257	0
915	3.52441	4.88742	0.0234235		3.52441	4.88742	3.52441	4.74556		0.284586	0.182207	0.000756633	0
916	3.52441	4.88742	0.0234235		3.52441	4.88742	2.19173	4.88742		0.450385	0.20003	0.000705904	0
917	3.52441	4.88742	0.0234235		3.52441	4.88742	3.52441	6.86994		0.369826	0.252626	0.000959563	0
918	3.52441	4.88742	0.0234235		3.52441	4.88742	5.14055	4.88742		0.364972	0.142145	0.000794644	0
919	3.52441	4.88742	0.0234235		3.52441	4.88742	3.52441	6.33159		0.271905	0.176797	0.000847656	0
920	3.52441	4.88742	0.0234235		3.52441	4.88742	3.691	4.88742		0.381807	0.151042	0.000784694	0
921	3.52441	4.88742	0.0234235		3.52441	4.88742	3.52441	4.87684		0.370243	0.194519	0.000589647	0
922	3.52441	4.88742	0.0234235		3.52441	4.88742	4.30341	4.88742		0.374348	0.164497	0.000705516	0
923	3.52441	4.88742	0.0234235		3.52441	4.88742	3.52441	3.30902		0.265426	0.130838	0.000611701	0
924	3.52441	4.88742	0.0234235		3.52441	4.88742	4.04853	4.88742		0.352094	0.204772	0.000530814	0
925	3.52441	4.88742	0.0234235		3.52441	4.88742	3.52441	5.35021		0.336099	0.166377	0.000621513	0
926	3.52441	4.88742	0.0234235		3.52441	4.88742	4.82715	4.88742		0.281077	0.165425	0.000515094	0
927	3.52441	4.88742	0.0234235		3.52441	4.88742	3.52441	4.67224		0.344857	0.226184	0.000796526	0
928	3.52441	4.88742	0.0234235		3.52441	4.88742	4.76012	4.88742		0.354438	0.132251	0.000827747	0
929	3.52441	4.88742	0.0234235		3.52441	4.88742	3.52441	2.95801		0.317937	0.141212	0.000689741	0
930	3.52441	4.88742	0.0234235		3.52441	4.88742	4.26685	4.88742		0.315505	0.26308	0.00400332	0
931	3.52441	4.88742	0.0234235		3.52441	4.88742	3.52441	5.78356		0.342366	0.183996	0.000573264	0
932	3.52441	4.88742	0.0234235		3.52441	4.88742	4.38834	4.88742		0.347934	0.211373	0.000507728	0
933	3.52441	4.88742	0.0234235		3.52441	4.88742	3.52441	5.65358		0.414521	0.180176	0.00071786	0
934	3.52441	4.88742	0.0234235		3.52441	4.88742	2.73243	4.88742		0.483723	0.233875	0.000650892	0
935	3.52441	4.88742	0.0234235		3.52441	4.88742	3.52441	4.78164		0.384838	0.343463	0.0047037	0
936	3.52441	4.88742	0.0234235		3.52441	4.88742	5.07458	4.88742		0.264753	0.12752	0.000625871	0
937	3.52441	4.88742	0.0234235		3.52441	4.88742	3.52441	6.0102		0.261935	0.109649	0.000719373	0
938	3.52441	4.88742	0.0234235		3.52441	4.88742	3.66155	4.88742		0.346477	0.276456	0.00329879	0
939	3.52441	4.88742	0.0234235		3.52441	4.88742	3.52441	5.24036		0.40862	0.130275	0.000977849	0
940	3.52441	4.88742	0.0234235		3.52441	4.88742	2.92618	4.88742		0.440262	0.254378	0.000541925	0
941	3.52441	4.88742	0.0234235		3.52441	4.88742	3.52441	5.19004		0.265855	0.20529	0.00314939	0
942	3.52441	4.88742	0.0234235		3.52441	4.88742	3.85852	4.88742		0.318414	0.136536	0.000714518	0
943	3.52441	4.88742	0.0234235		3.52441	4.88742	3.52441	4.35038		0.379399	0.161972	0.000726828	0
944	3.52441	4.88742	0.0234235		3.52441	4.88742	4.03945	4.88742		0.37294	0.206399	0.000560029	0
945	3.52441	4.88742	0.0234235		3.52441	4.88742	3.52441	5.09206		0.284628	0.143152	0.000603442	0
946	3.52441	4.88742	0.0234235		3.52441	4.88742	4.7076	4.88742		0.318685	0.185307	0.000526948	0
947	3.52441	4.88742	0.0234235		3.52441	4.88742	3.52441	5.49856		0.409287	0.164939	0.000773681	0
948	3.52441	4.88742	0.0234235		3.52441	4.88742	2.34092	4.88742		0.380133	0.219281	0.000537979	0
949	3.52441	4.88742	0.0234235		3.52441	4.88742	3.52441	4.99513		0.35681	0.264103	0.00216576	0
950	3.52441	4.88742	0.0234235		3.52441	4.88742	3.63907	4.88742		0.340825	0.219052	0.000705501	0
951	3.52441	4.88742	0.0234235		3.52441	4.88742	3.52441	6.29616		0.217631	0.158132	0.00257897	0
952	3.52441	4.88742	0.0234235		3.52441	4.88742	6.67161	4.88742		0.343223	0.160434	0.000659224	0
953	3.52441	4.88742	0.0234235		3.52441	4.88742	3.52441	4.94129		0.40156	0.0908232	0.0013769	0
954	3.52441	4.88742	0.0234235		3.52441	4.88742	3.15997	4.88742		0.348928	0.155996	0.00069007	0
955	3.52441	4.88742	0.0234235		3.52441	4.88742	3.52441	5.05668		0.27409	0.211258	0.00308148	0
956	3.52441	4.88742	0.0234235		3.52441	4.88742	2.22408	4.88742		0.390274	0.248399	0.00061442	0
957	3.52441	4.88742	0.0234235		3.52441	4.88742	3.52441	6.11044		0.371479	0.201929	0.000570035	0
958	3.52441	4.88742	0.0234235		3.52441	4.88742	2.60744	4.88742		0.282304	0.158598	0.000539823	0
959	3.52441	4.88742	0.0234235		3.52441	4.88742	3.52441	7.05325		0.293212	0.166084	0.000537213	0
960	3.52441	4.88742	0.0234235		3.52441	4.88742	4.95793	4.88742		0.412479	0.270467	0.000739863	0
961	3.52441	4.88742	0.0234235		3.52441	4.88742	3.52441	5.03678		0.470271	0.347611	0.00188615	0
962	3.52441	4.88742	0.0234235		3.52441	4.88742	2.38364	4.88742		0.319683	0.172976	0.00056642	0
963	3.52441	4.88742	0.0234235		3.52441	4.88742	3.52441	4.34187		0.302767	0.128654	0.000718071	0
964	3.52441	4.88742	0.0234235		3.52441	4.88742	4.33175	4.88742		0.275002	0.0854475	0.000973699	0
965	3.52441	4.88742	0.0234235		3.52441	4.88742	3.52441	5.53467		0.403397	0.221588	0.000567099	0
966	3.52441	4.88742	0.0234235		3.52441	4.88742	3.58681	4.88742		0.373803	0.187422	0.000618257	0
967	3.52441	4.88742	0.0234235		3.52441	4.88742	3.52441	6.35173		0.331037	0.183105	0.000555593	0
968	3.52441	4.88742	0.0234235		3.52441	4.88742	3.57682	4.88742		0.289993	0.183697	0.000698439	0
969	3.52441	4.88742	0.0234235		3.52441	4.88742	3.52441	4.42389		0.43279	0.169411	0.000799135	0
970	3.52441	4.88742	0.0234235		3.52441	4.88742	4.3648	4.88742		0.42233	0.183088	0.000720547	0
971	3.52441	4.88742	0.0234235		3.52441	4.88742	3.52441	4.30623		0.40253	0.165735	0.000756482	0
972	3.52441	4.88742	0.0234235		3.52441	4.88742	4.5371	4.88742		0.330749	0.134055	0.000758173	0
973	3.52441	4.88742	0.0234235		3.52441	4.88742	3.52441	5.71196		0.35657	0.208685	0.000527954	0
974	3.52441	4.88742	0.0234235		3.52441	4.88742	3.03863	4.88742		0.357092	0.131769	0.00083744	0
975	3.52441	4.88742	0.0234235		3.52441	4.88742	3.52441	3.28542		0.398981	0.198304	0.000626319	0
976	3.52441	4.88742	0.0234235		3.52441	4.88742	1.65612	4.88742		0.326361	0.231332	0.00159554	0
977	3.52441	4.88742	0.0234235		3.52441	4.88742	3.52441	5.9163		0.369854	0.149912	0.000764244	0
978	3.52441	4.88742	0.0234235		3.52441	4.88742	3.11989	4.88742		0.295266	0.177241	0.00050723	0
979	3.52441	4.88742	0.0234235		3.52441	4.88742	3.52441	6.0733		0.269017	0.139448	0.000582448	0
980	3.52441	4.88742	0.0234235		3.52441	4.88742	3.08204	4.88742		0.379066	0.308973	0.00351028	0
981	3.52441	4.88742	0.0234235		3.52441	4.88742	3.52441	2.58614		0.40044	0.100801	0.00123693	0
982	3.52441	4.88742	0.0234235		3.52441	4.88742	4.06481	4.88742		0.425414	0.221392	0.00060049	0
983	3.52441	4.88742	0.0234235		3.52441	4.88742	3.52441	3.18009		0.330053	0.160039	0.000633634	0
984	3.52441	4.88742	0.0234235		3.52441	4.88742	4.47563	4.88742		0.450627	0.172721	0.000817976	0
985	3.52441	4.88742	0.0234235		3.52441	4.88742	3.52441	5.30749		0.363305	0.104046	0.00108032	0
986	3.52441	4.88742	0.0234235		3.52441	4.88742	4.80924	4.88742		0.382042	0.28512	0.00222081	0
987	3.52441	4.88742	0.0234235		3.52441	4.88742	3.52441	3.89271		0.386044	0.280147	0.00177848	0
988	3.52441	4.88742	0.0234235		3.52441	4.88742	3.26062	4.88742		0.328434	0.143806	0.000701437	0
989	3.52441	4.88742	0.0234235		3.52441	4.88742	3.52441	6.20506		0.552618	0.362767	0.000673505	0
990	3.52441	4.88742	0.0234235		3.52441	4.88742	3.44534	4.88742		0.398162	0.154766	0.000800763	0
991	3.52441	4.88742	0.0234235		3.52441	4.88742	3.52441	5.81944		0.298869	0.165486	0.000550459	0
992	3.52441	4.88742	0.0234235		3.52441	4.88742	2.63157	4.88742		0.374535	0.174509	0.000665393	0
993	3.52441	4.88742	0.0234235		3.52441	4.88742	3.52441	4.16727		0.341714	0.175915	0.000598371	0
994	3.52441	4.88742	0.0234235		3.52441	4.88742	3.16968	4.88742		0.364519	0.149796	0.000753055	0
995	3.52441	4.88742	0.0234235		3.52441	4.88742	3.52441	4.9638		0.346258	0.191074	0.000558765	0
996	3.52441	4.88742	0.0234235		3.52441	4.88742	1.54566	4.88742		0.368904	0.170257	0.000671075	0
997	3.52441	4.88742	0.0234235		3.52441	4.88742	3.52441	4.80875		0.332657	0.195875	0.000522105	0
998	3.52441	4.88742	0.0234235		3.52441	4.88742	5.04858	4.88742		0.350106	0.15631	0.000691177	0
999	3.52441	4.88742	0.0234235		3.52441	4.88742	3.52441	2.43999		0.346301	0.105348	0.00101359	0
