0	3.06701	3	0.170883		3	3	3.06701	3		0	0	4.63664e-310	1
1	3.06701	2.9761	0.165074		3.06701	3	3.06701	2.9761		0	0	1.55631e-321	1
2	3.06701	2.9761	0.165074		3.06701	2.9761	3.13588	2.9761		0.391141	0.213717	0.00463697	0
3	3.06701	2.9761	0.165074		3.06701	2.9761	3.06701	2.96928		0.437575	0.366619	0.0226263	0
4	3.20443	2.9761	0.151171		3.06701	2.9761	3.20443	2.9761		0	0	0	1
5	3.20443	2.9761	0.151171		3.20443	2.9761	3.20443	3.18907		0.420755	0.140035	0.000636664	0
6	3.3133	2.9761	0.108785		3.20443	2.9761	3.3133	2.9761		0	0	0	1
7	3.3133	2.9761	0.108785		3.3133	2.9761	3.3133	3.01026		0.444047	0.336127	0.00611728	0
8	3.3133	2.9761	0.108785		3.3133	2.9761	3.28759	2.9761		0.314388	0.0917706	0.000740931	0
9	3.3133	2.9761	0.108785		3.3133	2.9761	3.3133	2.96696		0.341739	0.148489	0.000518831	0
10	3.3133	2.9761	0.108785		3.3133	2.9761	3.27422	2.9761		0.303753	0.207985	0.00832908	0
11	3.3133	2.9761	0.108785		3.3133	2.9761	3.3133	3.0849		0.411676	0.204426	0.00059872	0
12	3.3133	2.9761	0.108785		3.3133	2.9761	3.19041	2.9761		0.259592	0.103406	0.00067473	0
13	3.3133	2.9761	0.108785		3.3133	2.9761	3.3133	3.0073		0.3257	0.277515	0.0193719	0
14	3.3133	2.9761	0.108785		3.3133	2.9761	3.44711	2.9761		0.303936	0.115716	0.000557732	0
15	3.3133	2.80785	0.0998689		3.3133	2.9761	3.3133	2.80785		0	0	0	1
16	3.3133	2.80785	0.0998689		3.3133	2.80785	3.31212	2.80785		0.352717	0.153663	0.000544181	0
17	3.3133	2.80785	0.0998689		3.3133	2.80785	3.3133	2.98469		0.287141	0.12918	0.000703168	0
18	3.3133	2.80785	0.0998689		3.3133	2.80785	3.35091	2.80785		0.336385	0.211806	0.0039257	0
19	3.3133	2.80785	0.0998689		3.3133	2.80785	3.3133	2.82167		0.295846	0.159585	0.00258011	0
20	3.3133	2.80785	0.0998689		3.3133	2.80785	3.28347	2.80785		0.338499	0.153453	0.00051428	0
21	3.3133	2.80785	0.0998689		3.3133	2.80785	3.3133	2.77932		0.396555	0.1735	0.000565522	0
22	3.3133	2.80785	0.0998689		3.3133	2.80785	3.30766	2.80785		0.481623	0.11103	0.00113709	0
23	3.3133	2.80785	0.0998689		3.3133	2.80785	3.3133	2.82151		0.265923	0.146575	0.00372957	0
24	3.3133	2.80785	0.0998689		3.3133	2.80785	3.20582	2.80785		0.414674	0.291017	0.0043476	0
25	3.3133	2.80785	0.0998689		3.3133	2.80785	3.3133	2.80872		0.316168	0.137298	0.000521004	0
26	3.3133	2.80785	0.0998689		3.3133	2.80785	3.31719	2.80785		0.373907	0.128453	0.000705534	0
27	3.3133	2.80785	0.0998689		3.3133	2.80785	3.3133	2.83782		0.387447	0.200999	0.000765062	0
28	3.3133	2.80785	0.0998689		3.3133	2.80785	3.3383	2.80785		0.404367	0.215282	0.000818415	0
29	3.3133	2.80785	0.0998689		3.3133	2.80785	3.3133	2.80648		0.36358	0.13112	0.000665134	0
30	3.3133	2.80785	0.0998689		3.3133	2.80785	3.31126	2.80785		0.384115	0.230975	0.00254874	0
31	3.3133	2.80785	0.0998689		3.3133	2.80785	3.3133	2.5949		0.405939	0.100282	0.00100937	0
32	3.3133	2.80785	0.0998689		3.3133	2.80785	3.32129	2.80785		0.344705	0.159657	0.000507153	0
33	3.3133	2.80785	0.0998689		3.3133	2.80785	3.3133	2.74994		0.405164	0.142455	0.000708751	0
34	3.3169	2.80785	0.0810947		3.3133	2.80785	3.3169	2.80785		0	0	0	1
35	3.3169	2.80785	0.0810947		3.3169	2.80785	3.3169	2.71041		0.285648	0.143841	0.000793376	0
36	3.3169	2.80785	0.0810947		3.3169	2.80785	3.38921	2.80785		0.38526	0.135571	0.000741984	0
37	3.3169	2.80785	0.0810947		3.3169	2.80785	3.3169	2.85128		0.323915	0.206327	0.00319832	0
38	3.3169	2.80785	0.0810947		3.3169	2.80785	3.19743	2.80785		0.365841	0.102362	0.000919969	0
39	3.3169	2.80785	0.0810947		3.3169	2.80785	3.3169	2.76213		0.390907	0.17061	0.000600546	0
40	3.3169	2.80785	0.0810947		3.3169	2.80785	3.43576	2.80785		0.312694	0.118493	0.000646391	0
41	3.3169	2.80785	0.0810947		3.3169	2.80785	3.3169	2.92113		0.369538	0.139567	0.000683486	0
42	3.3169	2.80785	0.0810947		3.3169	2.80785	3.40531	2.80785		0.301648	0.115116	0.000633618	0
43	3.3169	2.80785	0.0810947		3.3169	2.80785	3.3169	2.79213		0.323204	0.148488	0.000539226	0
44	3.3169	2.80785	0.0810947		3.3169	2.80785	3.29065	2.80785		0.299287	0.193382	0.00378519	0
45	3.3169	2.80785	0.0810947		3.3169	2.80785	3.3169	2.89104		0.340626	0.142243	0.000603406	0
46	3.3169	2.80785	0.0810947		3.3169	2.80785	3.32291	2.80785		0.418174	0.343394	0.00670007	0
47	3.3169	2.80785	0.0810947		3.3169	2.80785	3.3169	2.87762		0.457401	0.208686	0.000596347	0
48	3.3169	2.80785	0.0810947		3.3169	2.80785	3.25056	2.80785		0.37485	0.157164	0.000618133	0
49	3.3169	2.80785	0.0810947		3.3169	2.80785	3.3169	2.84666		0.327348	0.115191	0.000706992	0
50	3.3169	2.80785	0.0810947		3.3169	2.80785	3.26941	2.80785		0.412587	0.141731	0.000773498	0
51	3.3169	2.80785	0.0810947		3.3169	2.80785	3.3169	2.81408		0.308532	0.186422	0.00267709	0
52	3.3169	2.80785	0.0810947		3.3169	2.80785	3.34443	2.80785		0.397897	0.171633	0.000610435	0
53	3.3169	2.80785	0.0810947		3.3169	2.80785	3.3169	2.90581		0.314835	0.121346	0.000637029	0
54	3.3169	2.80785	0.0810947		3.3169	2.80785	3.15983	2.80785		0.385674	0.192319	0.000523756	0
55	3.3169	2.88668	0.07901		3.3169	2.80785	3.3169	2.88668		0	0	0	1
56	3.3169	2.88668	0.07901		3.3169	2.88668	3.22774	2.88668		0.37665	0.170482	0.000577383	0
57	3.3169	2.88668	0.07901		3.3169	2.88668	3.3169	2.89999		0.366953	0.155602	0.000611985	0
58	3.32706	2.88668	0.0571899		3.3169	2.88668	3.32706	2.88668		0	0	0	1
59	3.32706	2.88668	0.0571899		3.32706	2.88668	3.32706	2.88563		0.404252	0.229816	0.000505588	0
60	3.32706	2.88668	0.0571899		3.32706	2.88668	3.37314	2.88668		0.3725	0.181521	0.000574462	0
61	3.32706	2.88668	0.0571899		3.32706	2.88668	3.32706	2.88118		0.368393	0.181041	0.000568484	0
62	3.32706	2.88668	0.0571899		3.32706	2.88668	3.3711	2.88668		0.372233	0.214019	0.000630194	0
63	3.32706	2.88668	0.0571899		3.32706	2.88668	3.32706	2.93087		0.328138	0.0950322	0.000942902	0
64	3.32706	2.88668	0.0571899		3.32706	2.88668	3.40298	2.88668		0.408045	0.159222	0.000728747	0
65	3.32706	2.88668	0.0571899		3.32706	2.88668	3.32706	3.00328		0.409096	0.226869	0.000512983	0
66	3.32706	2.88668	0.0571899		3.32706	2.88668	3.17401	2.88668		0.2977	0.139299	0.000571	0
67	3.32706	2.88668	0.0571899		3.32706	2.88668	3.32706	2.97416		0.362402	0.175922	0.000573764	0
68	3.32706	2.88668	0.0571899		3.32706	2.88668	3.28287	2.88668		0.312147	0.186281	0.000967857	0
69	3.32706	2.88668	0.0571899		3.32706	2.88668	3.32706	2.8323		0.337913	0.170168	0.000545573	0
70	3.32706	2.88668	0.0571899		3.32706	2.88668	3.36781	2.88668		0.376058	0.165401	0.000637565	0
71	3.32706	2.88668	0.0571899		3.32706	2.88668	3.32706	2.7126		0.265064	0.20195	0.0049807	0
72	3.32706	2.88668	0.0571899		3.32706	2.88668	3.46878	2.88668		0.283526	0.180515	0.00226853	0
73	3.32706	2.88668	0.0571899		3.32706	2.88668	3.32706	2.86953		0.305968	0.136929	0.000600854	0
74	3.32706	2.88668	0.0571899		3.32706	2.88668	3.48184	2.88668		0.348391	0.149699	0.000643317	0
75	3.32706	2.88668	0.0571899		3.32706	2.88668	3.32706	2.92858		0.384354	0.251048	0.0016722	0
76	3.32706	2.88668	0.0571899		3.32706	2.88668	3.38397	2.88668		0.352113	0.19687	0.000545149	0
77	3.32706	2.88668	0.0571899		3.32706	2.88668	3.32706	2.90211		0.319455	0.205925	0.00202974	0
78	3.32706	2.88668	0.0571899		3.32706	2.88668	3.16527	2.88668		0.490943	0.360312	0.00287264	0
79	3.32706	2.88668	0.0571899		3.32706	2.88668	3.32706	2.88864		0.379015	0.255669	0.00220898	0
80	3.32706	2.88668	0.0571899		3.32706	2.88668	3.29658	2.88668		0.431393	0.295186	0.00210114	0
81	3.32706	2.88668	0.0571899		3.32706	2.88668	3.32706	2.9002		0.400277	0.223296	0.000508129	0
82	3.32706	2.88668	0.0571899		3.32706	2.88668	3.30468	2.88668		0.38438	0.162795	0.000664675	0
83	3.32706	2.88668	0.0571899		3.32706	2.88668	3.32706	2.83237		0.338567	0.143731	0.000647424	0
84	3.32706	2.88668	0.0571899		3.32706	2.88668	3.35414	2.88668		0.314706	0.117506	0.000724761	0
85	3.32706	2.88668	0.0571899		3.32706	2.88668	3.32706	2.86612		0.379539	0.165511	0.000644097	0
86	3.32706	2.88668	0.0571899		3.32706	2.88668	3.47953	2.88668		0.331687	0.115083	0.000788816	0
87	3.32706	2.88668	0.0571899		3.32706	2.88668	3.32706	2.95797		0.301424	0.176259	0.000912385	0
88	3.32706	2.88668	0.0571899		3.32706	2.88668	3.48595	2.88668		0.361152	0.136809	0.00073478	0
89	3.32706	2.88668	0.0571899		3.32706	2.88668	3.32706	2.89519		0.379886	0.147319	0.00072441	0
90	3.32706	2.88668	0.0571899		3.32706	2.88668	3.40265	2.88668		0.259161	0.145947	0.000918213	0
91	3.32706	2.88668	0.0571899		3.32706	2.88668	3.32706	3.01788		0.367822	0.103933	0.000988427	0
92	3.32706	2.88668	0.0571899		3.32706	2.88668	3.35538	2.88668		0.284514	0.224839	0.00561503	0
93	3.32706	2.88668	0.0571899		3.32706	2.88668	3.32706	2.9516		0.391814	0.149281	0.000741315	0
94	3.32706	2.88668	0.0571899		3.32706	2.88668	3.22364	2.88668		0.296947	0.122313	0.000648262	0
95	3.32706	2.88668	0.0571899		3.32706	2.88668	3.32706	2.8018		0.352675	0.103837	0.000941098	0
96	3.32706	2.88668	0.0571899		3.32706	2.88668	3.33952	2.88668		0.398615	0.171185	0.000659602	0
97	3.32706	2.88668	0.0571899		3.32706	2.88668	3.32706	2.82937		0.36534	0.142431	0.0007155	0
98	3.32706	2.88668	0.0571899		3.32706	2.88668	3.39624	2.88668		0.395883	0.121515	0.000921781	0
99	3.32706	2.88668	0.0571899		3.32706	2.88668	3.32706	2.95143		0.45361	0.327654	0.00279959	0
100	3.32706	2.88668	0.0571899		3.32706	2.88668	3.46815	2.88668		0.432595	0.186756	0.00066478	0
101	3.32706	2.88668	0.0571899		3.32706	2.88668	3.32706	2.94052		0.258331	0.152389	0.00147013	0
102	3.32706	2.88668	0.0571899		3.32706	2.88668	3.4392	2.88668		0.485059	0.2175	0.000650583	0
103	3.32706	2.88668	0.0571899		3.32706	2.88668	3.32706	2.80264		0.319736	0.164102	0.000529107	0
104	3.32706	2.88668	0.0571899		3.32706	2.88668	3.32795	2.88668		0.320399	0.115265	0.000755189	0
105	3.32706	2.88668	0.0571899		3.32706	2.88668	3.32706	2.80624		0.47421	0.100306	0.00137493	0
106	3.32706	2.88668	0.0571899		3.32706	2.88668	3.14966	2.88668		0.335406	0.140519	0.000654787	0
107	3.32706	2.88668	0.0571899		3.32706	2.88668	3.32706	2.93994		0.392461	0.162155	0.000683783	0
108	3.32706	2.88668	0.0571899		3.32706	2.88668	3.41086	2.88668		0.377155	0.150525	0.000702983	0
109	3.32706	2.88668	0.0571899		3.32706	2.88668	3.32706	2.92733		0.246161	0.140913	0.00121485	0
110	3.32706	2.88668	0.0571899		3.32706	2.88668	3.24657	2.88668		0.308271	0.126237	0.000657778	0
111	3.32706	2.88668	0.0571899		3.32706	2.88668	3.32706	2.68441		0.356772	0.240864	0.00238993	0
112	3.32706	2.88668	0.0571899		3.32706	2.88668	3.34347	2.88668		0.31925	0.164008	0.000528428	0
113	3.32706	2.88668	0.0571899		3.32706	2.88668	3.32706	2.86815		0.357607	0.11784	0.000843105	0
114	3.32706	2.88668	0.0571899		3.32706	2.88668	3.26456	2.88668		0.35925	0.137688	0.000725516	0
115	3.32706	2.88668	0.0571899		3.32706	2.88668	3.32706	2.82162		0.399791	0.168395	0.000672839	0
116	3.32706	2.88668	0.0571899		3.32706	2.88668	3.53864	2.88668		0.453462	0.232091	0.000564659	0
117	3.32706	2.88668	0.0571899		3.32706	2.88668	3.32706	3.07396		0.319873	0.15711	0.000552943	0
118	3.32706	2.88668	0.0571899		3.32706	2.88668	3.34857	2.88668		0.326408	0.153965	0.000578272	0
119	3.32706	2.88668	0.0571899		3.32706	2.88668	3.32706	2.96416		0.264731	0.173546	0.00296856	0
120	3.32706	2.88668	0.0571899		3.32706	2.88668	3.40848	2.88668		0.31147	0.138535	0.000607019	0
121	3.32706	2.88668	0.0571899		3.32706	2.88668	3.32706	2.88751		0.420517	0.131818	0.000911534	0
122	3.32706	2.88668	0.0571899		3.32706	2.88668	3.36542	2.88668		0.310803	0.213543	0.00306816	0
123	3.32706	2.88668	0.0571899		3.32706	2.88668	3.32706	2.93599		0.297538	0.143714	0.000553089	0
124	3.32706	2.88668	0.0571899		3.32706	2.88668	3.39612	2.88668		0.383455	0.127582	0.000845731	0
125	3.32706	2.88668	0.0571899		3.32706	2.88668	3.32706	2.89793		0.33104	0.209159	0.00159854	0
126	3.32706	2.88668	0.0571899		3.32706	2.88668	3.19735	2.88668		0.360365	0.134726	0.000744208	0
127	3.32706	2.88668	0.0571899		3.32706	2.88668	3.32706	2.80593		0.294941	0.202947	0.00326324	0
128	3.32706	2.88668	0.0571899		3.32706	2.88668	3.37915	2.88668		0.344044	0.146915	0.000645724	0
129	3.32706	2.88668	0.0571899		3.32706	2.88668	3.32706	2.57031		0.348441	0.235787	0.00249328	0
130	3.32706	2.88668	0.0571899		3.32706	2.88668	3.39302	2.88668		0.364733	0.205995	0.000561824	0
131	3.32706	2.88668	0.0571899		3.32706	2.88668	3.32706	2.92503		0.366021	0.199912	0.000510897	0
132	3.32706	2.88668	0.0571899		3.32706	2.88668	3.21573	2.88668		0.431851	0.161111	0.00076907	0
133	3.32706	2.88668	0.0571899		3.32706	2.88668	3.32706	2.86601		0.301718	0.169673	0.000730992	0
134	3.32706	2.88668	0.0571899		3.32706	2.88668	3.33094	2.88668		0.336896	0.158732	0.000582758	0
135	3.32706	2.88668	0.0571899		3.32706	2.88668	3.32706	2.83989		0.324059	0.187125	0.000780066	0
136	3.32706	2.88668	0.0571899		3.32706	2.88668	3.30898	2.88668		0.427754	0.297775	0.00238193	0
137	3.32706	2.88668	0.0571899		3.32706	2.88668	3.32706	2.94262		0.316884	0.201749	0.00186516	0
138	3.32706	2.88668	0.0571899		3.32706	2.88668	3.27651	2.88668		0.417866	0.103392	0.00115368	0
139	3.32706	2.88668	0.0571899		3.32706	2.88668	3.32706	2.98869		0.37915	0.253595	0.00207822	0
140	3.32706	2.88668	0.0571899		3.32706	2.88668	3.29028	2.88668		0.33492	0.115667	0.00079408	0
141	3.32706	2.88668	0.0571899		3.32706	2.88668	3.32706	2.76758		0.348627	0.141415	0.000681554	0
142	3.32706	2.88668	0.0571899		3.32706	2.88668	3.30992	2.88668		0.405669	0.208512	0.00055271	0
143	3.32706	2.88668	0.0571899		3.32706	2.88668	3.32706	2.75974		0.341405	0.158159	0.000594297	0
144	3.32706	2.88668	0.0571899		3.32706	2.88668	3.27755	2.88668		0.32097	0.288619	0.00919424	0
145	3.32706	2.88668	0.0571899		3.32706	2.88668	3.32706	2.90818		0.373751	0.177883	0.000588539	0
146	3.32706	2.88668	0.0571899		3.32706	2.88668	3.33889	2.88668		0.363575	0.155762	0.000650513	0
147	3.32706	2.88668	0.0571899		3.32706	2.88668	3.32706	2.8939		0.318637	0.147643	0.000585627	0
148	3.32706	2.88668	0.0571899		3.32706	2.88668	3.28644	2.88668		0.327605	0.249665	0.00433105	0
149	3.32706	2.88668	0.0571899		3.32706	2.88668	3.32706	2.93337		0.292578	0.0953179	0.000816697	0
150	3.32706	2.88668	0.0571899		3.32706	2.88668	3.29738	2.88668		0.310754	0.163863	0.000511751	0
151	3.32706	2.88668	0.0571899		3.32706	2.88668	3.32706	2.87727		0.284992	0.16692	0.000980701	0
152	3.32706	2.88668	0.0571899		3.32706	2.88668	3.30388	2.88668		0.300098	0.162479	0.000555096	0
153	3.32706	2.88668	0.0571899		3.32706	2.88668	3.32706	2.76177		0.371797	0.194374	0.00053528	0
154	3.32706	2.88668	0.0571899		3.32706	2.88668	3.29876	2.88668		0.366144	0.227344	0.000999539	0
155	3.32706	2.88668	0.0571899		3.32706	2.88668	3.32706	2.95843		0.337418	0.178012	0.000520612	0
156	3.32706	2.88668	0.0571899		3.32706	2.88668	3.29472	2.88668		0.283766	0.140988	0.000531477	0
157	3.32706	2.88668	0.0571899		3.32706	2.88668	3.32706	2.8791		0.392751	0.0969724	0.00114439	0
158	3.32706	2.88668	0.0571899		3.32706	2.88668	3.57004	2.88668		0.34572	0.161484	0.0005909	0
159	3.32706	2.88668	0.0571899		3.32706	2.88668	3.32706	2.88996		0.325091	0.159299	0.000556176	0
160	3.32706	2.88668	0.0571899		3.32706	2.88668	3.24174	2.88668		0.357307	0.185464	0.000535157	0
161	3.32706	2.88668	0.0571899		3.32706	2.88668	3.32706	2.98242		0.393464	0.176913	0.000628617	0
162	3.32706	2.88668	0.0571899		3.32706	2.88668	3.35325	2.88668		0.396198	0.17965	0.000624071	0
163	3.32706	2.88668	0.0571899		3.32706	2.88668	3.32706	2.90785		0.379969	0.141406	0.000754898	0
164	3.32706	2.88668	0.0571899		3.32706	2.88668	3.33466	2.88668		0.27738	0.144186	0.000505038	0
165	3.32706	2.88668	0.0571899		3.32706	2.88668	3.32706	2.82455		0.426905	0.279091	0.00141216	0
166	3.32706	2.88668	0.0571899		3.32706	2.88668	3.17224	2.88668		0.366268	0.132427	0.000771869	0
167	3.32706	2.88668	0.0571899		3.32706	2.88668	3.32706	3.04035		0.320355	0.163314	0.000532914	0
168	3.32706	2.88668	0.0571899		3.32706	2.88668	3.30642	2.88668		0.440509	0.251131	0.00050479	0
169	3.32706	2.88668	0.0571899		3.32706	2.88668	3.32706	2.87122		0.364548	0.205953	0.000563767	0
170	3.32706	2.88668	0.0571899		3.32706	2.88668	3.33095	2.88668		0.331257	0.173358	0.000522834	0
171	3.32706	2.88668	0.0571899		3.32706	2.88668	3.32706	2.91877		0.355661	0.251118	0.00305695	0
172	3.32706	2.88668	0.0571899		3.32706	2.88668	3.27866	2.88668		0.419272	0.233751	0.000512277	0
173	3.32706	2.88668	0.0571899		3.32706	2.88668	3.32706	2.94889		0.354286	0.207509	0.000761857	0
174	3.32706	2.88668	0.0571899		3.32706	2.88668	3.43944	2.88668		0.290332	0.172738	0.00111048	0
175	3.32706	2.88668	0.0571899		3.32706	2.88668	3.32706	2.88991		0.414245	0.312337	0.00360544	0
176	3.32706	2.88668	0.0571899		3.32706	2.88668	3.41427	2.88668		0.406441	0.181622	0.000635945	0
177	3.32706	2.88668	0.0571899		3.32706	2.88668	3.32706	2.65357		0.238899	0.140465	0.0017878	0
178	3.32706	2.88668	0.0571899		3.32706	2.88668	3.26378	2.88668		0.357744	0.186029	0.000534309	0
179	3.32706	2.88668	0.0571899		3.32706	2.88668	3.32706	2.85599		0.333744	0.22229	0.0023859	0
180	3.32706	2.88668	0.0571899		3.32706	2.88668	3.43467	2.88668		0.443492	0.212191	0.000602077	0
181	3.32706	2.88668	0.0571899		3.32706	2.88668	3.32706	2.8292		0.374347	0.207322	0.000505919	0
182	3.32706	2.88668	0.0571899		3.32706	2.88668	3.32708	2.88668		0.517988	0.293442	0.000519325	0
183	3.32706	2.88668	0.0571899		3.32706	2.88668	3.32706	2.6818		0.416833	0.154505	0.000769803	0
184	3.32706	2.88668	0.0571899		3.32706	2.88668	3.41552	2.88668		0.358574	0.155599	0.000640569	0
185	3.32706	2.88668	0.0571899		3.32706	2.88668	3.32706	2.94735		0.415681	0.12672	0.000935585	0
186	3.32706	2.88668	0.0571899		3.32706	2.88668	3.2683	2.88668		0.480681	0.184961	0.000757207	0
187	3.32706	2.88668	0.0571899		3.32706	2.88668	3.32706	2.80243		0.386742	0.100282	0.0010868	0
188	3.32706	2.88668	0.0571899		3.32706	2.88668	3.12926	2.88668		0.299215	0.19956	0.00276436	0
189	3.32706	2.88668	0.0571899		3.32706	2.88668	3.32706	2.78079		0.384827	0.195229	0.00055501	0
190	3.32706	2.88668	0.0571899		3.32706	2.88668	3.27019	2.88668		0.533242	0.120835	0.00130291	0
191	3.32706	2.88668	0.0571899		3.32706	2.88668	3.32706	2.96712		0.415069	0.20276	0.000583721	0
192	3.32706	2.88668	0.0571899		3.32706	2.88668	3.44704	2.88668		0.334952	0.105911	0.000867328	0
193	3.32706	2.88668	0.0571899		3.32706	2.88668	3.32706	2.69945		0.324645	0.110785	0.000798399	0
194	3.32706	2.88668	0.0571899		3.32706	2.88668	3.36802	2.88668		0.360814	0.143999	0.000697317	0
195	3.32706	2.88668	0.0571899		3.32706	2.88668	3.32706	2.86348		0.338408	0.113468	0.000819635	0
196	3.32706	2.88668	0.0571899		3.32706	2.88668	3.34207	2.88668		0.47497	0.174539	0.000791601	0
197	3.32706	2.88668	0.0571899		3.32706	2.88668	3.32706	2.86663		0.351063	0.115358	0.000842488	0
198	3.32706	2.88668	0.0571899		3.32706	2.88668	3.37034	2.88668		0.311521	0.156837	0.000536295	0
199	3.32706	2.88668	0.0571899		3.32706	2.88668	3.32706	2.94442		0.325897	0.200871	0.00125516	0
200	3.32706	2.88668	0.0571899		3.32706	2.88668	3.46059	2.88668		0.391572	0.163624	0.000675844	0
201	3.32706	2.88668	0.0571899		3.32706	2.88668	3.32706	2.88494		0.309396	0.174686	0.00072252	0
202	3.32706	2.88668	0.0571899		3.32706	2.88668	3.20341	2.88668		0.298184	0.12918	0.000616969	0
203	3.32706	2.88668	0.0571899		3.32706	2.88668	3.32706	2.73309		0.288489	0.189133	0.00264171	0
204	3.32706	2.88668	0.0571899		3.32706	2.88668	3.43366	2.88668		0.30038	0.146361	0.000549505	0
205	3.32706	2.88668	0.0571899		3.32706	2.88668	3.32706	2.76149		0.350483	0.13011	0.000745492	0
206	3.32706	2.88668	0.0571899		3.32706	2.88668	3.23071	2.88668		0.337644	0.111876	0.000829041	0
207	3.32706	2.88668	0.0571899		3.32706	2.88668	3.32706	2.93285		0.358093	0.147569	0.000674347	0
208	3.32706	2.88668	0.0571899		3.32706	2.88668	3.42103	2.88668		0.334894	0.0835148	0.00109969	0
209	3.32706	2.88668	0.0571899		3.32706	2.88668	3.32706	2.91754		0.412573	0.207921	0.000565261	0
210	3.32706	2.88668	0.0571899		3.32706	2.88668	3.27103	2.88668		0.332353	0.15988	0.000569176	0
211	3.32706	2.88668	0.0571899		3.32706	2.88668	3.32706	2.91111		0.280659	0.0968397	0.000763158	0
212	3.32706	2.88668	0.0571899		3.32706	2.88668	3.35368	2.88668		0.334535	0.195444	0.000803279	0
213	3.32706	2.88668	0.0571899		3.32706	2.88668	3.32706	2.91066		0.406971	0.148456	0.000779199	0
214	3.32706	2.88668	0.0571899		3.32706	2.88668	3.37459	2.88668		0.371477	0.147095	0.000706609	0
215	3.32706	2.88668	0.0571899		3.32706	2.88668	3.32706	2.9148		0.35539	0.21759	0.000961983	0
216	3.32706	2.88668	0.0571899		3.32706	2.88668	3.38851	2.88668		0.396359	0.177095	0.000633375	0
217	3.32706	2.88668	0.0571899		3.32706	2.88668	3.32706	2.88418		0.351707	0.266755	0.00407779	0
218	3.32706	2.88668	0.0571899		3.32706	2.88668	3.46252	2.88668		0.330209	0.131991	0.000684069	0
219	3.32706	2.88668	0.0571899		3.32706	2.88668	3.32706	2.89107		0.369176	0.134688	0.000766051	0
220	3.32706	2.88668	0.0571899		3.32706	2.88668	3.33495	2.88668		0.363781	0.206222	0.000582245	0
221	3.32706	2.88668	0.0571899		3.32706	2.88668	3.32706	2.85886		0.257908	0.141697	0.000811503	0
222	3.32706	2.88668	0.0571899		3.32706	2.88668	3.32916	2.88668		0.362096	0.103496	0.000974306	0
223	3.32706	2.88668	0.0571899		3.32706	2.88668	3.32706	2.72601		0.342976	0.168462	0.000561036	0
224	3.32706	2.88668	0.0571899		3.32706	2.88668	3.46611	2.88668		0.246701	0.109989	0.00056982	0
225	3.32706	2.88668	0.0571899		3.32706	2.88668	3.32706	2.98866		0.359364	0.10269	0.000973147	0
226	3.32706	2.88668	0.0571899		3.32706	2.88668	3.47198	2.88668		0.395731	0.159173	0.000703385	0
227	3.32706	2.88668	0.0571899		3.32706	2.88668	3.32706	3.00081		0.587464	0.406234	0.00164621	0
228	3.32706	2.88668	0.0571899		3.32706	2.88668	3.22018	2.88668		0.337572	0.15737	0.000589224	0
229	3.32706	3.02227	0.268498		3.32706	2.88668	3.32706	3.02227		0.453227	0.344498	0.0035277	1
230	3.38908	3.02227	0.211971		3.32706	3.02227	3.38908	3.02227		0	0	0	1
231	3.38908	3.02227	0.211971		3.38908	3.02227	3.38908	2.96457		0.29788	0.143958	0.0468446	0
232	3.38908	3.02227	0.211971		3.38908	3.02227	3.19876	3.02227		0.394613	0.178088	0.00508004	0
233	3.38908	3.02227	0.211971		3.38908	3.02227	3.38908	3.16881		0.285116	0.124387	0.0484518	0
234	3.29729	3.02227	0.181715		3.38908	3.02227	3.29729	3.02227		0	0	0	1
235	3.29729	3.02227	0.181715		3.29729	3.02227	3.29729	3.07487		0.439311	0.244404	0.00468303	0
236	3.31817	3.02227	0.154145		3.29729	3.02227	3.31817	3.02227		0	0	0	1
237	3.31817	3.02227	0.154145		3.31817	3.02227	3.31817	2.87743		0.408947	0.208299	0.002638	0
238	3.31817	3.02227	0.154145		3.31817	3.02227	3.33789	3.02227		0.326087	0.179103	0.00749601	0
239	3.31817	3.02227	0.154145		3.31817	3.02227	3.31817	2.96309		0.511861	0.241357	0.000597278	0
240	3.31817	3.02227	0.154145		3.31817	3.02227	3.49782	3.02227		0.427057	0.176307	0.000511923	0
241	3.31817	3.02227	0.154145		3.31817	3.02227	3.31817	3.18562		0.334572	0.152953	0.0031651	0
242	3.31817	3.02227	0.154145		3.31817	3.02227	3.44583	3.02227		0.310218	0.166449	0.00831992	0
243	3.31817	3.02227	0.154145		3.31817	3.02227	3.31817	2.89992		0.36287	0.163009	0.001947	0
244	3.31817	3.02227	0.154145		3.31817	3.02227	3.31791	3.02227		0.267961	0.155945	0.023766	0
245	3.31817	3.02227	0.154145		3.31817	3.02227	3.31817	3.02973		0.357474	0.174778	0.00336164	0
246	3.32926	3.02227	0.0766862		3.31817	3.02227	3.32926	3.02227		0	0	0	1
247	3.32926	3.02227	0.0766862		3.32926	3.02227	3.32926	2.96715		0.309268	0.146898	0.000523613	0
248	3.32926	3.02227	0.0766862		3.32926	3.02227	3.3086	3.02227		0.342637	0.117085	0.000751193	0
249	3.32926	3.02227	0.0766862		3.32926	3.02227	3.32926	3.32801		0.370366	0.135519	0.00071668	0
250	3.32926	3.02227	0.0766862		3.32926	3.02227	3.29834	3.02227		0.28552	0.184263	0.00372418	0
251	3.32926	3.02227	0.0766862		3.32926	3.02227	3.32926	2.97838		0.293232	0.158354	0.000971757	0
252	3.32926	3.02227	0.0766862		3.32926	3.02227	3.34407	3.02227		0.392281	0.223854	0.000833398	0
253	3.32926	3.02227	0.0766862		3.32926	3.02227	3.32926	3.00393		0.335834	0.13157	0.00065139	0
254	3.32926	3.02227	0.0766862		3.32926	3.02227	3.30616	3.02227		0.367853	0.132094	0.000728968	0
255	3.32926	3.02227	0.0766862		3.32926	3.02227	3.32926	3.06523		0.269194	0.115787	0.000549845	0
256	3.32926	3.02227	0.0766862		3.32926	3.02227	3.29492	3.02227		0.336736	0.119107	0.000722056	0
257	3.32926	3.02227	0.0766862		3.32926	3.02227	3.32926	2.9564		0.353948	0.171969	0.000533201	0
258	3.32926	3.02227	0.0766862		3.32926	3.02227	3.33909	3.02227		0.506353	0.215569	0.00065917	0
259	3.32926	3.02227	0.0766862		3.32926	3.02227	3.32926	2.89464		0.387379	0.263671	0.00318065	0
260	3.32926	3.02227	0.0766862		3.32926	3.02227	3.27058	3.02227		0.456146	0.282471	0.00118695	0
261	3.32926	3.02227	0.0766862		3.32926	3.02227	3.32926	2.91141		0.386987	0.18052	0.00056847	0
262	3.32926	3.02227	0.0766862		3.32926	3.02227	3.413	3.02227		0.280241	0.152795	0.00132159	0
263	3.32926	3.02227	0.0766862		3.32926	3.02227	3.32926	3.03545		0.359728	0.1614	0.000579962	0
264	3.32926	3.02227	0.0766862		3.32926	3.02227	3.30187	3.02227		0.310955	0.188013	0.00236285	0
265	3.32926	3.02227	0.0766862		3.32926	3.02227	3.32926	3.02417		0.368242	0.204676	0.000785557	0
266	3.32926	3.02227	0.0766862		3.32926	3.02227	3.2624	3.02227		0.34283	0.184314	0.000721872	0
267	3.32926	3.02227	0.0766862		3.32926	3.02227	3.32926	3.00914		0.323623	0.179121	0.000935404	0
268	3.32926	3.02227	0.0766862		3.32926	3.02227	3.28538	3.02227		0.381428	0.196763	0.0005122	0
269	3.32926	3.02227	0.0766862		3.32926	3.02227	3.32926	3.0656		0.284829	0.11536	0.000596704	0
270	3.32926	3.02227	0.0766862		3.32926	3.02227	3.39242	3.02227		0.377686	0.263335	0.00360719	0
271	3.32926	3.02227	0.0766862		3.32926	3.02227	3.32926	3.0499		0.28568	0.129818	0.000532415	0
272	3.32926	3.02227	0.0766862		3.32926	3.02227	3.18963	3.02227		0.382613	0.20136	0.000502455	0
273	3.32926	3.02227	0.0766862		3.32926	3.02227	3.32926	2.91458		0.220094	0.116051	0.00248723	0
274	3.32926	3.02227	0.0766862		3.32926	3.02227	3.1378	3.02227		0.327736	0.136786	0.000606974	0
275	3.32926	3.02227	0.0766862		3.32926	3.02227	3.32926	2.86514		0.347819	0.139127	0.000644499	0
276	3.32926	3.02227	0.0766862		3.32926	3.02227	3.32744	3.02227		0.332294	0.128129	0.00065975	0
277	3.32926	3.02227	0.0766862		3.32926	3.02227	3.32926	3.0988		0.279039	0.150886	0.00121432	0
278	3.32926	3.02227	0.0766862		3.32926	3.02227	3.31218	3.02227		0.309382	0.135228	0.000569079	0
279	3.32926	3.02227	0.0766862		3.32926	3.02227	3.32926	2.92918		0.407576	0.20685	0.000529028	0
280	3.32926	3.02227	0.0766862		3.32926	3.02227	3.48578	3.02227		0.407074	0.183859	0.00059428	0
281	3.32926	3.02227	0.0766862		3.32926	3.02227	3.32926	3.06418		0.344389	0.184208	0.000691488	0
282	3.32926	3.02227	0.0766862		3.32926	3.02227	3.34781	3.02227		0.398161	0.162498	0.000654261	0
283	3.32926	3.02227	0.0766862		3.32926	3.02227	3.32926	2.92138		0.414947	0.166887	0.000670317	0
284	3.32926	3.02227	0.0766862		3.32926	3.02227	3.43177	3.02227		0.347532	0.194952	0.000900467	0
285	3.32926	3.02227	0.0766862		3.32926	3.02227	3.32926	3.01443		0.352943	0.13912	0.00065671	0
286	3.32926	3.02227	0.0766862		3.32926	3.02227	3.41339	3.02227		0.369121	0.1555	0.000621942	0
287	3.32926	3.02227	0.0766862		3.32926	3.02227	3.32926	3.16861		0.330744	0.187119	0.0010132	0
288	3.32926	3.02227	0.0766862		3.32926	3.02227	3.16654	3.02227		0.411589	0.128203	0.000863914	0
289	3.32926	3.02227	0.0766862		3.32926	3.02227	3.32926	2.90936		0.285213	0.122003	0.000565252	0
290	3.32926	3.02227	0.0766862		3.32926	3.02227	3.20381	3.02227		0.431894	0.221657	0.000529971	0
291	3.32926	3.02227	0.0766862		3.32926	3.02227	3.32926	3.03162		0.353217	0.162067	0.000564287	0
292	3.32926	3.02227	0.0766862		3.32926	3.02227	3.13892	3.02227		0.336977	0.169678	0.000507324	0
293	3.32926	3.02227	0.0766862		3.32926	3.02227	3.32926	3.02418		0.33211	0.121629	0.000694506	0
294	3.32926	3.02227	0.0766862		3.32926	3.02227	3.35524	3.02227		0.349594	0.0792654	0.00113863	0
295	3.32926	3.02227	0.0766862		3.32926	3.02227	3.32926	3.00509		0.254393	0.117482	0.000500244	0
296	3.32926	3.02227	0.0766862		3.32926	3.02227	3.41827	3.02227		0.396914	0.250684	0.00198358	0
297	3.32926	3.02227	0.0766862		3.32926	3.02227	3.32926	2.95944		0.439964	0.263754	0.000939541	0
298	3.32926	3.02227	0.0766862		3.32926	3.02227	3.51825	3.02227		0.334742	0.112831	0.000756373	0
299	3.32926	3.02227	0.0766862		3.32926	3.02227	3.32926	3.02941		0.342944	0.149642	0.000588438	0
300	3.32926	3.02227	0.0766862		3.32926	3.02227	3.2924	3.02227		0.364692	0.151139	0.000630195	0
301	3.32926	3.02227	0.0766862		3.32926	3.02227	3.32926	2.99213		0.280749	0.117249	0.000575582	0
302	3.32926	3.02227	0.0766862		3.32926	3.02227	3.29534	3.02227		0.432613	0.127261	0.000924949	0
303	3.32926	3.02227	0.0766862		3.32926	3.02227	3.32926	3.00975		0.237156	0.158463	0.00555577	0
304	3.32926	3.02227	0.0766862		3.32926	3.02227	3.27645	3.02227		0.337148	0.162978	0.000528525	0
305	3.32926	3.02227	0.0766862		3.32926	3.02227	3.32926	3.13351		0.352086	0.166602	0.000546681	0
306	3.32926	3.02227	0.0766862		3.32926	3.02227	3.31419	3.02227		0.317992	0.157293	0.000507351	0
307	3.32926	3.02227	0.0766862		3.32926	3.02227	3.32926	2.95388		0.403288	0.137009	0.000788353	0
308	3.32926	3.02227	0.0766862		3.32926	3.02227	3.38102	3.02227		0.337145	0.170442	0.000505377	0
309	3.32926	3.02227	0.0766862		3.32926	3.02227	3.32926	2.91369		0.298424	0.16375	0.00105688	0
310	3.32926	3.02227	0.0766862		3.32926	3.02227	3.12676	3.02227		0.321579	0.156673	0.000516933	0
311	3.32926	3.02227	0.0766862		3.32926	3.02227	3.32926	3.03729		0.316112	0.19294	0.00242431	0
312	3.32926	3.02227	0.0766862		3.32926	3.02227	3.31941	3.02227		0.380941	0.15728	0.00063976	0
313	3.32926	3.02227	0.0766862		3.32926	3.02227	3.32926	3.14676		0.458903	0.154391	0.000818727	0
314	3.32926	3.02227	0.0766862		3.32926	3.02227	3.36245	3.02227		0.337404	0.116481	0.00074023	0
315	3.32926	3.02227	0.0766862		3.32926	3.02227	3.32926	3.1247		0.424883	0.206693	0.000557121	0
316	3.32926	3.02227	0.0766862		3.32926	3.02227	3.29902	3.02227		0.436249	0.179192	0.000663603	0
317	3.32926	3.02227	0.0766862		3.32926	3.02227	3.32926	3.08625		0.257775	0.113149	0.000529288	0
318	3.32926	3.02227	0.0766862		3.32926	3.02227	3.29672	3.02227		0.38473	0.216148	0.000783327	0
319	3.32926	3.02227	0.0766862		3.32926	3.02227	3.32926	2.87957		0.416141	0.179062	0.000626947	0
320	3.32926	3.02227	0.0766862		3.32926	3.02227	3.45884	3.02227		0.388514	0.223197	0.000875	0
321	3.32926	3.02227	0.0766862		3.32926	3.02227	3.32926	3.07061		0.305485	0.191378	0.00297283	0
322	3.32926	3.02227	0.0766862		3.32926	3.02227	3.44858	3.02227		0.284898	0.171756	0.00277079	0
323	3.32926	3.02227	0.0766862		3.32926	3.02227	3.32926	2.82819		0.294615	0.154921	0.000843589	0
324	3.32926	3.02227	0.0766862		3.32926	3.02227	3.41906	3.02227		0.337413	0.146765	0.00058751	0
325	3.32926	3.02227	0.0766862		3.32926	3.02227	3.32926	3.05895		0.373295	0.141028	0.000695554	0
326	3.32926	3.02227	0.0766862		3.32926	3.02227	3.2971	3.02227		0.29199	0.146933	0.00065211	0
327	3.32926	3.02227	0.0766862		3.32926	3.02227	3.32926	2.88938		0.394891	0.16509	0.000637437	0
328	3.32926	3.02227	0.0766862		3.32926	3.02227	3.37302	3.02227		0.372813	0.153284	0.000638901	0
329	3.32926	3.02227	0.0766862		3.32926	3.02227	3.32926	3.0346		0.371456	0.14474	0.000673511	0
330	3.32926	3.02227	0.0766862		3.32926	3.02227	3.35745	3.02227		0.341005	0.108203	0.000807872	0
331	3.32926	3.02227	0.0766862		3.32926	3.02227	3.32926	2.89757		0.291303	0.190243	0.00378731	0
332	3.32926	3.02227	0.0766862		3.32926	3.02227	3.36512	3.02227		0.324686	0.135279	0.000606276	0
333	3.32926	3.02227	0.0766862		3.32926	3.02227	3.32926	2.91572		0.353144	0.192086	0.000737331	0
334	3.32926	3.02227	0.0766862		3.32926	3.02227	3.37385	3.02227		0.272656	0.197211	0.00625431	0
335	3.32926	3.02227	0.0766862		3.32926	3.02227	3.32926	3.19578		0.300621	0.15257	0.000644197	0
336	3.32926	3.02227	0.0766862		3.32926	3.02227	3.3801	3.02227		0.382589	0.110467	0.000915804	0
337	3.32926	3.02227	0.0766862		3.32926	3.02227	3.32926	3.1049		0.362157	0.141514	0.000667134	0
338	3.32926	3.02227	0.0766862		3.32926	3.02227	3.39826	3.02227		0.376216	0.176659	0.000560733	0
339	3.32926	3.02227	0.0766862		3.32926	3.02227	3.32926	3.04736		0.3185	0.259275	0.00850451	0
340	3.32926	3.02227	0.0766862		3.32926	3.02227	3.33983	3.02227		0.37815	0.117826	0.000846149	0
341	3.32926	3.02227	0.0766862		3.32926	3.02227	3.32926	2.89958		0.508657	0.282165	0.000506295	0
342	3.32926	3.02227	0.0766862		3.32926	3.02227	3.42576	3.02227		0.436372	0.121429	0.000979604	0
343	3.32926	3.02227	0.0766862		3.32926	3.02227	3.32926	3.06126		0.38484	0.16812	0.000606176	0
344	3.32926	3.02227	0.0766862		3.32926	3.02227	3.30243	3.02227		0.333165	0.143017	0.000593084	0
345	3.32926	3.02227	0.0766862		3.32926	3.02227	3.32926	3.06698		0.301369	0.196796	0.00362318	0
346	3.32926	3.02227	0.0766862		3.32926	3.02227	3.48337	3.02227		0.344935	0.2547	0.00469248	0
347	3.32926	3.02227	0.0766862		3.32926	3.02227	3.32926	3.03883		0.37185	0.243853	0.00279306	0
348	3.32926	3.02227	0.0766862		3.32926	3.02227	3.19895	3.02227		0.306433	0.139529	0.000544549	0
349	3.32926	3.02227	0.0766862		3.32926	3.02227	3.32926	3.22389		0.343657	0.115155	0.00076671	0
350	3.27015	3.02227	0.0754241		3.32926	3.02227	3.27015	3.02227		0	0	0	1
351	3.27015	3.02227	0.0754241		3.27015	3.02227	3.27015	2.97029		0.394786	0.182692	0.000578115	0
352	3.27015	3.02227	0.0754241		3.27015	3.02227	3.29664	3.02227		0.321091	0.119503	0.000679859	0
353	3.27015	3.02227	0.0754241		3.27015	3.02227	3.27015	3.02398		0.26946	0.17599	0.0040963	0
354	3.27015	3.02227	0.0754241		3.27015	3.02227	3.38085	3.02227		0.363714	0.145862	0.000653641	0
355	3.27015	3.02227	0.0754241		3.27015	3.02227	3.27015	2.98316		0.320641	0.247837	0.00641216	0
356	3.27015	3.02227	0.0754241		3.27015	3.02227	3.34271	3.02227		0.290164	0.143282	0.000542978	0
357	3.27015	3.02227	0.0754241		3.27015	3.02227	3.27015	3.01417		0.376983	0.24971	0.00282662	0
358	3.27015	3.02227	0.0754241		3.27015	3.02227	3.3179	3.02227		0.411251	0.189073	0.000587403	0
359	3.27015	3.02227	0.0754241		3.27015	3.02227	3.27015	3.16965		0.423671	0.0419112	0.00274795	0
360	3.27015	3.02227	0.0754241		3.27015	3.02227	3.29665	3.02227		0.295686	0.178922	0.0025437	0
361	3.27015	3.02227	0.0754241		3.27015	3.02227	3.27015	3.04428		0.325476	0.181155	0.000929809	0
362	3.27015	3.02227	0.0754241		3.27015	3.02227	3.52453	3.02227		0.457367	0.169974	0.000743134	0
363	3.27015	3.02227	0.0754241		3.27015	3.02227	3.27015	3.01844		0.263582	0.128247	0.000646118	0
364	3.27015	3.02227	0.0754241		3.27015	3.02227	3.20699	3.02227		0.486501	0.245613	0.000553507	0
365	3.27015	3.02227	0.0754241		3.27015	3.02227	3.27015	2.92893		0.373931	0.0776461	0.00127141	0
366	3.27015	3.02227	0.0754241		3.27015	3.02227	3.3581	3.02227		0.423838	0.248317	0.000855382	0
367	3.27015	3.02227	0.0754241		3.27015	3.02227	3.27015	2.9674		0.352584	0.132794	0.000690248	0
368	3.27015	3.02227	0.0754241		3.27015	3.02227	3.27282	3.02227		0.390328	0.21721	0.000702931	0
369	3.27015	3.02227	0.0754241		3.27015	3.02227	3.27015	3.02171		0.292822	0.158967	0.00097146	0
370	3.27015	3.02227	0.0754241		3.27015	3.02227	3.40344	3.02227		0.435209	0.170475	0.000697963	0
371	3.27015	3.02227	0.0754241		3.27015	3.02227	3.27015	3.22419		0.392669	0.138385	0.000758153	0
372	3.27015	3.02227	0.0754241		3.27015	3.02227	3.52093	3.02227		0.358487	0.0932838	0.00100353	0
373	3.27015	3.02548	0.0612688		3.27015	3.02227	3.27015	3.02548		0	0	0	1
374	3.27015	3.02548	0.0612688		3.27015	3.02548	3.26167	3.02548		0.301622	0.155128	0.000512403	0
375	3.27015	3.02548	0.0612688		3.27015	3.02548	3.27015	3.00597		0.38633	0.0636075	0.00169008	0
376	3.27015	3.02548	0.0612688		3.27015	3.02548	3.21787	3.02548		0.327237	0.121576	0.00072349	0
377	3.27015	3.02548	0.0612688		3.27015	3.02548	3.27015	3.05947		0.458815	0.198283	0.000663062	0
378	3.27015	3.02548	0.0612688		3.27015	3.02548	3.24135	3.02548		0.261787	0.104128	0.000636849	0
379	3.27015	3.02548	0.0612688		3.27015	3.02548	3.27015	2.97731		0.371905	0.179262	0.000573079	0
380	3.27015	3.02548	0.0612688		3.27015	3.02548	3.3406	3.02548		0.375704	0.228116	0.000936059	0
381	3.27015	3.02548	0.0612688		3.27015	3.02548	3.27015	3.131		0.329607	0.232886	0.00349602	0
382	3.27015	3.02548	0.0612688		3.27015	3.02548	3.17791	3.02548		0.296977	0.149668	0.000520829	0
383	3.27015	3.02548	0.0612688		3.27015	3.02548	3.27015	3.06274		0.372114	0.140272	0.000732864	0
384	3.27015	3.02548	0.0612688		3.27015	3.02548	3.30207	3.02548		0.492224	0.218059	0.000653595	0
385	3.27015	3.02548	0.0612688		3.27015	3.02548	3.27015	3.11649		0.420218	0.279615	0.00190735	0
386	3.27015	3.02548	0.0612688		3.27015	3.02548	3.05034	3.02548		0.379618	0.157461	0.000668626	0
387	3.27015	3.02548	0.0612688		3.27015	3.02548	3.27015	2.97025		0.380642	0.187928	0.000562028	0
388	3.27015	3.02548	0.0612688		3.27015	3.02548	3.20555	3.02548		0.351006	0.167038	0.000573643	0
389	3.27015	3.02548	0.0612688		3.27015	3.02548	3.27015	3.15604		0.329827	0.207532	0.00178259	0
390	3.27015	3.02548	0.0612688		3.27015	3.02548	3.33922	3.02548		0.305759	0.175718	0.000893662	0
391	3.27015	3.02548	0.0612688		3.27015	3.02548	3.27015	2.95211		0.465097	0.377362	0.0044878	0
392	3.27015	3.02548	0.0612688		3.27015	3.02548	3.23384	3.02548		0.41162	0.17802	0.000650859	0
393	3.27015	3.02548	0.0612688		3.27015	3.02548	3.27015	3.07934		0.326806	0.129886	0.000676105	0
394	3.27015	3.02548	0.0612688		3.27015	3.02548	3.29445	3.02548		0.422434	0.2355	0.000507185	0
395	3.27015	3.02548	0.0612688		3.27015	3.02548	3.27015	3.08575		0.327081	0.201314	0.00146446	0
396	3.27015	3.02548	0.0612688		3.27015	3.02548	3.32891	3.02548		0.314605	0.120111	0.000697533	0
397	3.27015	3.02548	0.0612688		3.27015	3.02548	3.27015	2.95021		0.273205	0.171623	0.00249731	0
398	3.27015	3.02548	0.0612688		3.27015	3.02548	3.21776	3.02548		0.388453	0.340476	0.00746125	0
399	3.27015	3.02548	0.0612688		3.27015	3.02548	3.27015	2.96667		0.369629	0.154	0.000662199	0
400	3.27015	3.02548	0.0612688		3.27015	3.02548	3.34804	3.02548		0.357168	0.175298	0.000558236	0
401	3.27015	3.02548	0.0612688		3.27015	3.02548	3.27015	3.00345		0.271039	0.10501	0.000660639	0
402	3.27015	3.02548	0.0612688		3.27015	3.02548	3.19782	3.02548		0.273628	0.160452	0.0014268	0
403	3.27015	3.02548	0.0612688		3.27015	3.02548	3.27015	3.10481		0.251264	0.134431	0.000821971	0
404	3.27015	3.02548	0.0612688		3.27015	3.02548	3.315	3.02548		0.320673	0.155388	0.00055209	0
405	3.27015	3.02548	0.0612688		3.27015	3.02548	3.27015	3.01067		0.358496	0.223789	0.00137058	0
406	3.27015	3.02548	0.0612688		3.27015	3.02548	3.13984	3.02548		0.357498	0.142701	0.000686516	0
407	3.27015	3.18766	0.0493797		3.27015	3.02548	3.27015	3.18766		0	0	0	1
408	3.27015	3.18766	0.0493797		3.27015	3.18766	3.20274	3.18766		0.307229	0.21088	0.00264432	0
409	3.27015	3.18766	0.0493797		3.27015	3.18766	3.27015	3.07686		0.35553	0.0515204	0.0019652	0
410	3.27015	3.18766	0.0493797		3.27015	3.18766	3.38169	3.18766		0.312628	0.190598	0.000927032	0
411	3.27015	3.18766	0.0493797		3.27015	3.18766	3.27015	3.08111		0.361603	0.121288	0.000851331	0
412	3.27015	3.18766	0.0493797		3.27015	3.18766	3.24455	3.18766		0.327345	0.176052	0.000522156	0
413	3.27015	3.18766	0.0493797		3.27015	3.18766	3.27015	3.10303		0.37212	0.158738	0.000672391	0
414	3.27015	3.18766	0.0493797		3.27015	3.18766	3.4819	3.18766		0.345397	0.164582	0.000594821	0
415	3.27015	3.18766	0.0493797		3.27015	3.18766	3.27015	3.11793		0.273932	0.104554	0.000710277	0
416	3.27015	3.18766	0.0493797		3.27015	3.18766	3.3258	3.18766		0.319541	0.184325	0.000650952	0
417	3.27015	3.18766	0.0493797		3.27015	3.18766	3.27015	3.42126		0.439501	0.140756	0.00091661	0
418	3.27015	3.18766	0.0493797		3.27015	3.18766	3.1266	3.18766		0.352095	0.181712	0.000550938	0
419	3.27015	3.18766	0.0493797		3.27015	3.18766	3.27015	2.95452		0.363084	0.154203	0.000672789	0
420	3.27015	3.18766	0.0493797		3.27015	3.18766	3.13727	3.18766		0.415665	0.173208	0.000699362	0
421	3.27015	3.18766	0.0493797		3.27015	3.18766	3.27015	3.31067		0.332265	0.143175	0.000653424	0
422	3.27015	3.18766	0.0493797		3.27015	3.18766	3.12241	3.18766		0.346611	0.256217	0.00340118	0
423	3.27015	3.18766	0.0493797		3.27015	3.18766	3.27015	3.23855		0.345564	0.149902	0.000653441	0
424	3.27015	3.18766	0.0493797		3.27015	3.18766	3.22636	3.18766		0.317422	0.150393	0.000589424	0
425	3.27015	3.18766	0.0493797		3.27015	3.18766	3.27015	3.14306		0.32421	0.116751	0.000778496	0
426	3.27015	3.18766	0.0493797		3.27015	3.18766	3.16293	3.18766		0.306631	0.126756	0.000671185	0
427	3.27015	3.18766	0.0493797		3.27015	3.18766	3.27015	3.16014		0.38244	0.229289	0.000693737	0
428	3.27015	3.18766	0.0493797		3.27015	3.18766	3.28286	3.18766		0.402824	0.218765	0.000534312	0
429	3.27015	3.18766	0.0493797		3.27015	3.18766	3.27015	3.15869		0.357195	0.241663	0.00202803	0
430	3.27015	3.18766	0.0493797		3.27015	3.18766	3.3628	3.18766		0.496207	0.36933	0.00280008	0
431	3.27015	3.18766	0.0493797		3.27015	3.18766	3.27015	3.21254		0.365535	0.16952	0.000616783	0
432	3.27015	3.18766	0.0493797		3.27015	3.18766	3.45208	3.18766		0.281232	0.123539	0.000620665	0
433	3.27015	3.18766	0.0493797		3.27015	3.18766	3.27015	3.23465		0.303799	0.127495	0.000659942	0
434	3.27015	3.18766	0.0493797		3.27015	3.18766	3.23635	3.18766		0.372661	0.112845	0.00094744	0
435	3.27015	3.18766	0.0493797		3.27015	3.18766	3.27015	3.1848		0.315601	0.178146	0.000557134	0
436	3.27015	3.18766	0.0493797		3.27015	3.18766	3.35586	3.18766		0.37021	0.195939	0.00054151	0
437	3.27015	3.18766	0.0493797		3.27015	3.18766	3.27015	3.02876		0.296113	0.14318	0.000569896	0
438	3.27015	3.18766	0.0493797		3.27015	3.18766	3.27653	3.18766		0.295849	0.162386	0.000501956	0
439	3.27015	3.18766	0.0493797		3.27015	3.18766	3.27015	3.38538		0.369941	0.229401	0.000874041	0
440	3.27015	3.18766	0.0493797		3.27015	3.18766	3.44827	3.18766		0.480302	0.188904	0.000754415	0
441	3.27015	3.18766	0.0493797		3.27015	3.18766	3.27015	3.05712		0.309884	0.0651259	0.00132286	0
442	3.27015	3.18766	0.0493797		3.27015	3.18766	3.29593	3.18766		0.416538	0.172369	0.000704441	0
443	3.27015	3.18766	0.0493797		3.27015	3.18766	3.27015	2.98839		0.313645	0.181231	0.000675488	0
444	3.27015	3.18766	0.0493797		3.27015	3.18766	3.22237	3.18766		0.359558	0.146537	0.000700027	0
445	3.27015	3.18766	0.0493797		3.27015	3.18766	3.27015	3.19199		0.355401	0.185162	0.000546577	0
446	3.27015	3.18766	0.0493797		3.27015	3.18766	3.22235	3.18766		0.356283	0.172149	0.000589586	0
447	3.27015	3.18766	0.0493797		3.27015	3.18766	3.27015	3.22401		0.347487	0.107177	0.000919864	0
448	3.27015	3.18766	0.0493797		3.27015	3.18766	3.32037	3.18766		0.369662	0.183319	0.000577798	0
449	3.27015	3.18766	0.0493797		3.27015	3.18766	3.27015	3.18883		0.311646	0.0892501	0.000971819	0
450	3.27015	3.18766	0.0493797		3.27015	3.18766	3.39089	3.18766		0.401331	0.181666	0.000640707	0
451	3.27015	3.18766	0.0493797		3.27015	3.18766	3.27015	3.13642		0.365853	0.281747	0.0038461	0
452	3.27015	3.18766	0.0493797		3.27015	3.18766	3.14009	3.18766		0.395697	0.208738	0.000548685	0
453	3.27015	3.18766	0.0493797		3.27015	3.18766	3.27015	3.15127		0.293405	0.171091	0.000779637	0
454	3.27015	3.18766	0.0493797		3.27015	3.18766	3.35436	3.18766		0.406861	0.160933	0.000734613	0
455	3.27015	3.18766	0.0493797		3.27015	3.18766	3.27015	3.30041		0.492552	0.196576	0.000745577	0
456	3.27015	3.18766	0.0493797		3.27015	3.18766	3.43403	3.18766		0.308545	0.209743	0.00248839	0
457	3.27015	3.18766	0.0493797		3.27015	3.18766	3.27015	3.1664		0.371223	0.165938	0.000641432	0
458	3.27015	3.18766	0.0493797		3.27015	3.18766	3.33126	3.18766		0.386243	0.214529	0.000519301	0
459	3.27015	3.18766	0.0493797		3.27015	3.18766	3.27015	3.31348		0.343406	0.147477	0.000659344	0
460	3.27015	3.18766	0.0493797		3.27015	3.18766	3.18827	3.18766		0.323769	0.15937	0.000569393	0
461	3.27015	3.18766	0.0493797		3.27015	3.18766	3.27015	3.21953		0.352608	0.171612	0.000584353	0
462	3.27015	3.18766	0.0493797		3.27015	3.18766	3.20815	3.18766		0.389599	0.158809	0.00070849	0
463	3.27015	3.18766	0.0493797		3.27015	3.18766	3.27015	3.16286		0.330333	0.166813	0.000556999	0
464	3.27015	3.18766	0.0493797		3.27015	3.18766	3.28613	3.18766		0.370827	0.131709	0.000807133	0
465	3.27015	3.18766	0.0493797		3.27015	3.18766	3.27015	3.30301		0.442168	0.327411	0.00292275	0
466	3.27015	3.18766	0.0493797		3.27015	3.18766	3.31171	3.18766		0.343695	0.163649	0.000594772	0
467	3.27015	3.18766	0.0493797		3.27015	3.18766	3.27015	3.19928		0.400791	0.178764	0.000650111	0
468	3.27015	3.18766	0.0493797		3.27015	3.18766	3.24102	3.18766		0.365885	0.189599	0.000552073	0
469	3.27015	3.18766	0.0493797		3.27015	3.18766	3.27015	3.24922		0.420404	0.236014	0.000519896	0
470	3.27015	3.18766	0.0493797		3.27015	3.18766	3.36025	3.18766		0.339573	0.13727	0.000699137	0
471	3.27015	3.18766	0.0493797		3.27015	3.18766	3.27015	3.20564		0.356426	0.160837	0.000631347	0
472	3.27015	3.18766	0.0493797		3.27015	3.18766	3.299	3.18766		0.254969	0.155088	0.00140111	0
473	3.27015	3.18766	0.0493797		3.27015	3.18766	3.27015	3.11175		0.2528	0.0903868	0.000744287	0
474	3.27015	3.18766	0.0493797		3.27015	3.18766	3.24578	3.18766		0.42768	0.269511	0.000853572	0
475	3.27015	3.18766	0.0493797		3.27015	3.18766	3.27015	3.16419		0.323874	0.20355	0.00112439	0
476	3.27015	3.18766	0.0493797		3.27015	3.18766	3.36088	3.18766		0.377639	0.172506	0.00062931	0
477	3.27015	3.18766	0.0493797		3.27015	3.18766	3.27015	3.36452		0.289213	0.127826	0.000620499	0
478	3.27015	3.18766	0.0493797		3.27015	3.18766	3.10861	3.18766		0.371862	0.112854	0.000945014	0
479	3.27015	3.18766	0.0493797		3.27015	3.18766	3.27015	3.1192		0.382466	0.132885	0.000828959	0
480	3.27015	3.18766	0.0493797		3.27015	3.18766	3.42429	3.18766		0.281848	0.166308	0.000872637	0
481	3.27015	3.18766	0.0493797		3.27015	3.18766	3.27015	3.05526		0.36742	0.158586	0.000663236	0
482	3.27015	3.18766	0.0493797		3.27015	3.18766	3.40426	3.18766		0.362941	0.190144	0.000545369	0
483	3.27015	3.18766	0.0493797		3.27015	3.18766	3.27015	3.21058		0.375761	0.160049	0.000674409	0
484	3.27015	3.18766	0.0493797		3.27015	3.18766	3.36894	3.18766		0.353787	0.177323	0.000567727	0
485	3.27015	3.18766	0.0493797		3.27015	3.18766	3.27015	3.3541		0.236774	0.175564	0.00452106	0
486	3.27015	3.18766	0.0493797		3.27015	3.18766	3.27141	3.18766		0.307329	0.150375	0.000567298	0
487	3.27015	3.18766	0.0493797		3.27015	3.18766	3.27015	3.08868		0.370855	0.15333	0.000693379	0
488	3.27015	3.18766	0.0493797		3.27015	3.18766	3.37062	3.18766		0.405237	0.0852011	0.00138128	0
489	3.27015	3.18766	0.0493797		3.27015	3.18766	3.27015	3.31887		0.448189	0.214754	0.00061415	0
490	3.27015	3.18766	0.0493797		3.27015	3.18766	3.14577	3.18766		0.30251	0.128945	0.000649217	0
491	3.27015	3.18766	0.0493797		3.27015	3.18766	3.27015	3.21546		0.289124	0.118319	0.000670108	0
492	3.27015	3.18766	0.0493797		3.27015	3.18766	3.20963	3.18766		0.403898	0.143711	0.000815828	0
493	3.27015	3.18766	0.0493797		3.27015	3.18766	3.27015	3.15421		0.449627	0.214953	0.000615796	0
494	3.27015	3.18766	0.0493797		3.27015	3.18766	3.22444	3.18766		0.310707	0.174456	0.000545489	0
495	3.27015	3.18766	0.0493797		3.27015	3.18766	3.27015	3.11023		0.321824	0.187647	0.000695984	0
496	3.27015	3.18766	0.0493797		3.27015	3.18766	3.40924	3.18766		0.273152	0.155727	0.000744775	0
497	3.27015	3.18766	0.0493797		3.27015	3.18766	3.27015	3.18095		0.281601	0.1552	0.000551013	0
498	3.27015	3.18766	0.0493797		3.27015	3.18766	3.32234	3.18766		0.284664	0.136032	0.000572011	0
499	3.27015	3.18766	0.0493797		3.27015	3.18766	3.27015	3.28448		0.335381	0.148621	0.000636413	0
500	3.27015	3.18766	0.0493797		3.27015	3.18766	3.23695	3.18766		0.341672	0.165938	0.000582537	0
501	3.27015	3.18766	0.0493797		3.27015	3.18766	3.27015	3.13301		0.348037	0.171817	0.000574855	0
502	3.27015	3.18766	0.0493797		3.27015	3.18766	3.17368	3.18766		0.285531	0.161023	0.000648033	0
503	3.27015	3.18766	0.0493797		3.27015	3.18766	3.27015	3.26483		0.345204	0.16307	0.000599944	0
504	3.27015	3.18766	0.0493797		3.27015	3.18766	3.25988	3.18766		0.279435	0.126448	0.00060169	0
505	3.27015	3.18766	0.0493797		3.27015	3.18766	3.27015	3.17972		0.270232	0.139898	0.000522084	0
506	3.27015	3.18766	0.0493797		3.27015	3.18766	3.16303	3.18766		0.333392	0.190137	0.000559324	0
507	3.27015	3.18766	0.0493797		3.27015	3.18766	3.27015	3.13243		0.321857	0.152271	0.000591787	0
508	3.27015	3.18766	0.0493797		3.27015	3.18766	3.19492	3.18766		0.382887	0.196564	0.000561116	0
509	3.27015	3.18766	0.0493797		3.27015	3.18766	3.27015	3.00382		0.352829	0.15355	0.000653563	0
510	3.27015	3.18766	0.0493797		3.27015	3.18766	3.34204	3.18766		0.463652	0.330915	0.00229189	0
511	3.27015	3.18766	0.0493797		3.27015	3.18766	3.27015	3.16177		0.468472	0.126199	0.00109826	0
512	3.27015	3.18766	0.0493797		3.27015	3.18766	3.23059	3.18766		0.365406	0.166821	0.000626504	0
513	3.27015	3.18766	0.0493797		3.27015	3.18766	3.27015	3.07613		0.424986	0.161421	0.000769529	0
514	3.27015	3.18766	0.0493797		3.27015	3.18766	3.32941	3.18766		0.413045	0.176428	0.000681688	0
515	3.27015	3.18766	0.0493797		3.27015	3.18766	3.27015	3.29373		0.411267	0.227981	0.00052496	0
516	3.27015	3.18766	0.0493797		3.27015	3.18766	3.15474	3.18766		0.297246	0.190294	0.00168003	0
517	3.27015	3.18766	0.0493797		3.27015	3.18766	3.27015	3.10026		0.309988	0.166895	0.00051641	0
518	3.27015	3.18766	0.0493797		3.27015	3.18766	3.07976	3.18766		0.404563	0.271252	0.00159695	0
519	3.27015	3.18766	0.0493797		3.27015	3.18766	3.27015	3.21382		0.405548	0.176459	0.000667519	0
520	3.27015	3.18766	0.0493797		3.27015	3.18766	3.23604	3.18766		0.411825	0.13094	0.000915425	0
521	3.27015	3.18766	0.0493797		3.27015	3.18766	3.27015	3.09657		0.325419	0.159092	0.000573819	0
522	3.27015	3.18766	0.0493797		3.27015	3.18766	3.22098	3.18766		0.324931	0.187323	0.000633585	0
523	3.27015	3.18766	0.0493797		3.27015	3.18766	3.27015	3.19411		0.292766	0.160609	0.000501162	0
524	3.27015	3.18766	0.0493797		3.27015	3.18766	3.21954	3.18766		0.392929	0.190923	0.000595089	0
525	3.27015	3.18766	0.0493797		3.27015	3.18766	3.27015	3.23886		0.352745	0.20143	0.000519041	0
526	3.27015	3.18766	0.0493797		3.27015	3.18766	3.33574	3.18766		0.307856	0.136354	0.000626905	0
527	3.27015	3.18766	0.0493797		3.27015	3.18766	3.27015	3.23004		0.294748	0.128816	0.000629944	0
528	3.27015	3.18766	0.0493797		3.27015	3.18766	3.41743	3.18766		0.338629	0.0887939	0.00107731	0
529	3.27015	3.18766	0.0493797		3.27015	3.18766	3.27015	3.27001		0.337339	0.21007	0.000960966	0
530	3.27015	3.18766	0.0493797		3.27015	3.18766	3.30681	3.18766		0.436427	0.16186	0.000790817	0
531	3.27015	3.18766	0.0493797		3.27015	3.18766	3.27015	3.28822		0.406545	0.35969	0.00628107	0
532	3.27015	3.18766	0.0493797		3.27015	3.18766	3.17998	3.18766		0.369819	0.214936	0.000568691	0
533	3.27015	3.18766	0.0493797		3.27015	3.18766	3.27015	3.23345		0.336641	0.172168	0.000551792	0
534	3.27015	3.18766	0.0493797		3.27015	3.18766	3.08298	3.18766		0.383982	0.209205	0.000528942	0
535	3.27015	3.18766	0.0493797		3.27015	3.18766	3.27015	3.24342		0.391153	0.106337	0.00106293	0
536	3.27015	3.18766	0.0493797		3.27015	3.18766	3.28808	3.18766		0.250531	0.157702	0.00200659	0
537	3.27015	3.18766	0.0493797		3.27015	3.18766	3.27015	3.1914		0.289758	0.170849	0.000842763	0
538	3.27015	3.18766	0.0493797		3.27015	3.18766	3.46829	3.18766		0.337487	0.139918	0.000680974	0
539	3.27015	3.18766	0.0493797		3.27015	3.18766	3.27015	3.04097		0.349075	0.114551	0.000865233	0
540	3.27015	3.18766	0.0493797		3.27015	3.18766	3.32578	3.18766		0.386179	0.141161	0.000789057	0
541	3.27015	3.18766	0.0493797		3.27015	3.18766	3.27015	3.25326		0.400223	0.173828	0.000667489	0
542	3.27015	3.18766	0.0493797		3.27015	3.18766	3.3976	3.18766		0.353131	0.185681	0.000541006	0
543	3.27015	3.18766	0.0493797		3.27015	3.18766	3.27015	3.44484		0.245121	0.203244	0.00738298	0
544	3.27015	3.18766	0.0493797		3.27015	3.18766	3.28663	3.18766		0.267788	0.15549	0.000850321	0
545	3.27015	3.18766	0.0493797		3.27015	3.18766	3.27015	3.14259		0.395225	0.199072	0.000574545	0
546	3.27015	3.18766	0.0493797		3.27015	3.18766	3.18404	3.18766		0.372008	0.20782	0.000513411	0
547	3.27015	3.18766	0.0493797		3.27015	3.18766	3.27015	3.26741		0.32719	0.219687	0.00213875	0
548	3.27015	3.18766	0.0493797		3.27015	3.18766	3.23635	3.18766		0.294967	0.133877	0.000606668	0
549	3.27015	3.18766	0.0493797		3.27015	3.18766	3.27015	3.30394		0.361523	0.121668	0.000848452	0
550	3.27015	3.18766	0.0493797		3.27015	3.18766	3.24168	3.18766		0.478669	0.183184	0.000775021	0
551	3.27015	3.18766	0.0493797		3.27015	3.18766	3.27015	3.12708		0.363931	0.278966	0.00379402	0
552	3.27015	3.18766	0.0493797		3.27015	3.18766	3.30177	3.18766		0.405265	0.231092	0.000509302	0
553	3.27015	3.18766	0.0493797		3.27015	3.18766	3.27015	3.15982		0.330783	0.139433	0.000667442	0
554	3.27015	3.18766	0.0493797		3.27015	3.18766	3.20476	3.18766		0.393801	0.161191	0.000706643	0
555	3.27015	3.18766	0.0493797		3.27015	3.18766	3.27015	3.29421		0.337778	0.190211	0.000501427	0
556	3.27015	3.18766	0.0493797		3.27015	3.18766	3.34352	3.18766		0.290857	0.15633	0.000510839	0
557	3.27015	3.18766	0.0493797		3.27015	3.18766	3.27015	3.12478		0.313927	0.121696	0.000718912	0
558	3.27015	3.18766	0.0493797		3.27015	3.18766	3.12071	3.18766		0.367313	0.118345	0.00088846	0
559	3.27015	3.18766	0.0493797		3.27015	3.18766	3.27015	3.21205		0.336527	0.203052	0.000819261	0
560	3.27015	3.18766	0.0493797		3.27015	3.18766	3.22765	3.18766		0.411079	0.157351	0.000760204	0
561	3.27015	3.18766	0.0493797		3.27015	3.18766	3.27015	3.31178		0.230118	0.131204	0.000938906	0
562	3.27015	3.18766	0.0493797		3.27015	3.18766	3.36547	3.18766		0.38396	0.245377	0.000984627	0
563	3.27015	3.18766	0.0493797		3.27015	3.18766	3.27015	3.2647		0.38933	0.382369	0.0102559	0
564	3.27015	3.18766	0.0493797		3.27015	3.18766	3.29171	3.18766		0.319324	0.145152	0.00061504	0
565	3.27015	3.18766	0.0493797		3.27015	3.18766	3.27015	2.98886		0.357485	0.106855	0.000953576	0
566	3.27015	3.18766	0.0493797		3.27015	3.18766	3.22508	3.18766		0.454739	0.208951	0.000641576	0
567	3.27015	3.18766	0.0493797		3.27015	3.18766	3.27015	3.02034		0.40921	0.19141	0.000621705	0
568	3.27015	3.18766	0.0493797		3.27015	3.18766	3.42283	3.18766		0.399283	0.126174	0.000917122	0
569	3.27015	3.18766	0.0493797		3.27015	3.18766	3.27015	3.23374		0.377371	0.281121	0.00332089	0
570	3.27015	3.18766	0.0493797		3.27015	3.18766	3.24262	3.18766		0.48112	0.15215	0.000938432	0
571	3.27015	3.18766	0.0493797		3.27015	3.18766	3.27015	2.97467		0.334556	0.186956	0.000504458	0
572	3.27015	3.18766	0.0493797		3.27015	3.18766	3.30649	3.18766		0.255872	0.115835	0.000589542	0
573	3.27015	3.18766	0.0493797		3.27015	3.18766	3.27015	3.16259		0.43843	0.240326	0.000535374	0
574	3.27015	3.18766	0.0493797		3.27015	3.18766	3.2011	3.18766		0.20048	0.117105	0.00182801	0
575	3.27015	3.18766	0.0493797		3.27015	3.18766	3.27015	3.20709		0.368608	0.177037	0.000596335	0
576	3.27015	3.18766	0.0493797		3.27015	3.18766	3.29818	3.18766		0.311803	0.174642	0.000530235	0
577	3.27015	3.18766	0.0493797		3.27015	3.18766	3.27015	3.17202		0.324679	0.120187	0.000757526	0
578	3.27015	3.18766	0.0493797		3.27015	3.18766	3.39477	3.18766		0.330715	0.1923	0.00065971	0
579	3.27015	3.18766	0.0493797		3.27015	3.18766	3.27015	3.23961		0.320882	0.122624	0.000732232	0
580	3.27015	3.18766	0.0493797		3.27015	3.18766	3.412	3.18766		0.406596	0.183522	0.000643714	0
581	3.27015	3.18766	0.0493797		3.27015	3.18766	3.27015	3.14085		0.353712	0.145998	0.000689369	0
582	3.27015	3.18766	0.0493797		3.27015	3.18766	3.18487	3.18766		0.305482	0.128954	0.000656795	0
583	3.27015	3.18766	0.0493797		3.27015	3.18766	3.27015	3.27028		0.314145	0.178882	0.000603792	0
584	3.27015	3.18766	0.0493797		3.27015	3.18766	3.2111	3.18766		0.315594	0.171631	0.000512964	0
585	3.27015	3.18766	0.0493797		3.27015	3.18766	3.27015	3.36896		0.489927	0.307827	0.000763736	0
586	3.27015	3.18766	0.0493797		3.27015	3.18766	3.07863	3.18766		0.377566	0.107486	0.00100977	0
587	3.27015	3.18766	0.0493797		3.27015	3.18766	3.27015	3.37318		0.444389	0.223776	0.000583774	0
588	3.27015	3.18766	0.0493797		3.27015	3.18766	3.18295	3.18766		0.359937	0.165049	0.000622272	0
589	3.27015	3.18766	0.0493797		3.27015	3.18766	3.27015	2.91467		0.302593	0.147045	0.00056949	0
590	3.27015	3.18766	0.0493797		3.27015	3.18766	3.40714	3.18766		0.335172	0.213941	0.00127769	0
591	3.27015	3.20836	0.166572		3.27015	3.18766	3.27015	3.20836		0.381538	0.160388	0.000684898	1
592	3.27015	3.20836	0.166572		3.27015	3.20836	3.24367	3.20836		0.315837	0.146075	0.00521758	0
593	3.27015	3.3645	0.118651		3.27015	3.20836	3.27015	3.3645		0	0	0	1
594	3.27015	3.3645	0.118651		3.27015	3.3645	3.10909	3.3645		0.314063	0.180979	0.0043717	0
595	3.27015	3.3645	0.118651		3.27015	3.3645	3.27015	3.32441		0.382928	0.127778	0.000683997	0
596	3.27015	3.3645	0.118651		3.27015	3.3645	3.12062	3.3645		0.383431	0.166274	0.000526636	0
597	3.27015	3.3645	0.118651		3.27015	3.3645	3.27015	3.22327		0.2731	0.162386	0.00782396	0
598	3.27015	3.3645	0.118651		3.27015	3.3645	3.31865	3.3645		0.29236	0.114011	0.000503878	0
599	3.27015	3.3645	0.118651		3.27015	3.3645	3.27015	3.48653		0.339952	0.137044	0.000534037	0
600	3.17188	3.3645	0.0908289		3.27015	3.3645	3.17188	3.3645		0	0	0	1
601	3.17188	3.3645	0.0908289		3.17188	3.3645	3.17188	3.58209		0.378831	0.159623	0.000596692	0
602	3.13511	3.3645	0.0845213		3.17188	3.3645	3.13511	3.3645		0	0	0	1
603	3.13511	3.3645	0.0845213		3.13511	3.3645	3.13511	3.51688		0.374361	0.216296	0.00122732	0
604	3.13511	3.3645	0.0845213		3.13511	3.3645	3.22699	3.3645		0.310102	0.213442	0.00464806	0
605	3.13511	3.3645	0.0845213		3.13511	3.3645	3.13511	3.33577		0.290009	0.120103	0.000565824	0
606	3.13511	3.3645	0.0845213		3.13511	3.3645	3.23284	3.3645		0.284391	0.16144	0.00245934	0
607	3.13511	3.3645	0.0845213		3.13511	3.3645	3.13511	3.22274		0.279509	0.177489	0.00414405	0
608	3.13511	3.3645	0.0845213		3.13511	3.3645	3.22245	3.3645		0.372004	0.206461	0.000890235	0
609	3.13511	3.3645	0.0845213		3.13511	3.3645	3.13511	3.50103		0.436844	0.183265	0.000635787	0
610	3.13511	3.3645	0.0845213		3.13511	3.3645	3.16279	3.3645		0.34506	0.196974	0.00143648	0
611	3.13511	3.3645	0.0845213		3.13511	3.3645	3.13511	3.50121		0.38996	0.231514	0.00147752	0
612	3.13511	3.3645	0.0845213		3.13511	3.3645	3.01393	3.3645		0.292971	0.127939	0.000538828	0
613	3.13511	3.3645	0.0845213		3.13511	3.3645	3.13511	3.19355		0.224338	0.0652063	0.000709122	0
614	3.13511	3.3645	0.0845213		3.13511	3.3645	2.96998	3.3645		0.311949	0.123041	0.000611289	0
615	3.13511	3.3645	0.0845213		3.13511	3.3645	3.13511	3.42466		0.303362	0.124158	0.000582916	0
616	3.13511	3.3645	0.0845213		3.13511	3.3645	3.06923	3.3645		0.433467	0.290305	0.00289477	0
617	3.13511	3.3645	0.0845213		3.13511	3.3645	3.13511	3.34199		0.457395	0.115431	0.0010683	0
618	3.13511	3.3645	0.0845213		3.13511	3.3645	3.18429	3.3645		0.407798	0.174577	0.000612407	0
619	3.13511	3.3645	0.0845213		3.13511	3.3645	3.13511	3.28115		0.360001	0.119329	0.000763474	0
620	3.13511	3.3645	0.0845213		3.13511	3.3645	3.14747	3.3645		0.354972	0.157429	0.00056814	0
621	3.13511	3.3645	0.0845213		3.13511	3.3645	3.13511	3.55537		0.421694	0.210485	0.000529763	0
622	3.13511	3.3645	0.0845213		3.13511	3.3645	3.09588	3.3645		0.267832	0.1367	0.00121577	0
623	3.13511	3.3645	0.0845213		3.13511	3.3645	3.13511	3.29274		0.447851	0.171151	0.000702059	0
624	3.13511	3.3645	0.0845213		3.13511	3.3645	3.11238	3.3645		0.348282	0.140495	0.000620868	0
625	3.13511	3.3645	0.0845213		3.13511	3.3645	3.13511	3.36823		0.304308	0.161188	0.00098461	0
626	3.13511	3.3645	0.0845213		3.13511	3.3645	3.2207	3.3645		0.405648	0.242171	0.0013962	0
627	3.13511	3.3645	0.0845213		3.13511	3.3645	3.13511	3.49034		0.423945	0.118415	0.000947954	0
628	3.13511	3.3645	0.0845213		3.13511	3.3645	3.27366	3.3645		0.450842	0.168934	0.000717125	0
629	3.13511	3.3645	0.0845213		3.13511	3.3645	3.13511	3.29053		0.32743	0.0941866	0.000852913	0
630	3.13511	3.3645	0.0845213		3.13511	3.3645	3.0891	3.3645		0.406342	0.13255	0.000802945	0
631	3.13511	3.3645	0.0845213		3.13511	3.3645	3.13511	3.27336		0.296748	0.146941	0.000720808	0
632	3.13511	3.3645	0.0845213		3.13511	3.3645	3.22694	3.3645		0.462047	0.231528	0.000539255	0
633	3.13511	3.3645	0.0845213		3.13511	3.3645	3.13511	3.38467		0.427386	0.297319	0.00348442	0
634	3.13511	3.3645	0.0845213		3.13511	3.3645	3.28948	3.3645		0.356841	0.104908	0.000858469	0
635	3.13511	3.3645	0.0845213		3.13511	3.3645	3.13511	3.22653		0.408461	0.126375	0.000847725	0
636	3.13511	3.3645	0.0845213		3.13511	3.3645	3.17559	3.3645		0.27168	0.160994	0.00337172	0
637	3.13511	3.3645	0.0845213		3.13511	3.3645	3.13511	3.41137		0.245842	0.162071	0.00619285	0
638	3.13511	3.3645	0.0845213		3.13511	3.3645	3.09218	3.3645		0.324453	0.224816	0.00452284	0
639	3.13511	3.3645	0.0845213		3.13511	3.3645	3.13511	3.29618		0.361519	0.0631869	0.00144977	0
640	3.13511	3.3645	0.0845213		3.13511	3.3645	3.17452	3.3645		0.491518	0.231266	0.00058201	0
641	3.13511	3.3645	0.0845213		3.13511	3.3645	3.13511	3.30264		0.430918	0.186603	0.000613912	0
642	3.13511	3.3645	0.0845213		3.13511	3.3645	3.13566	3.3645		0.440964	0.229983	0.000512561	0
643	3.13511	3.3645	0.0845213		3.13511	3.3645	3.13511	3.3377		0.361757	0.228395	0.00275158	0
644	3.13511	3.3645	0.0845213		3.13511	3.3645	3.1381	3.3645		0.298766	0.17149	0.00232311	0
645	3.13511	3.3645	0.0845213		3.13511	3.3645	3.13511	3.32067		0.288645	0.109787	0.000614884	0
646	3.13511	3.3645	0.0845213		3.13511	3.3645	3.22569	3.3645		0.330014	0.199839	0.00257516	0
647	3.13511	3.3645	0.0845213		3.13511	3.3645	3.13511	3.37533		0.325783	0.202517	0.00302379	0
648	3.13511	3.3645	0.0845213		3.13511	3.3645	3.11155	3.3645		0.341445	0.125272	0.000678271	0
649	3.13511	3.3645	0.0845213		3.13511	3.3645	3.13511	3.26379		0.420724	0.231942	0.000703751	0
650	3.13511	3.3645	0.0845213		3.13511	3.3645	3.07646	3.3645		0.409501	0.140278	0.000766159	0
651	3.13511	3.3645	0.0845213		3.13511	3.3645	3.13511	3.37121		0.355097	0.220823	0.00261317	0
652	3.13511	3.3645	0.0845213		3.13511	3.3645	3.13235	3.3645		0.277064	0.156423	0.00254539	0
653	3.13511	3.3645	0.0845213		3.13511	3.3645	3.13511	3.36335		0.288425	0.0797111	0.000845974	0
654	3.13511	3.3645	0.0845213		3.13511	3.3645	3.21776	3.3645		0.410704	0.195362	0.000552169	0
655	3.13511	3.3645	0.0845213		3.13511	3.3645	3.13511	3.41884		0.476912	0.0983403	0.00131959	0
656	3.13511	3.3645	0.0845213		3.13511	3.3645	2.88589	3.3645		0.468232	0.199768	0.000635228	0
657	3.13511	3.3645	0.0845213		3.13511	3.3645	3.13511	3.43354		0.364847	0.311545	0.00971571	0
658	3.13511	3.3645	0.0845213		3.13511	3.3645	3.16893	3.3645		0.450809	0.169403	0.000715077	0
659	3.13511	3.3645	0.0845213		3.13511	3.3645	3.13511	3.37941		0.24512	0.141033	0.00365912	0
660	3.13511	3.3645	0.0845213		3.13511	3.3645	3.24307	3.3645		0.490157	0.187126	0.00071689	0
661	3.13511	3.3645	0.0845213		3.13511	3.3645	3.13511	3.53792		0.422524	0.155642	0.000718201	0
662	3.13511	3.3645	0.0845213		3.13511	3.3645	3.14885	3.3645		0.424411	0.179243	0.000627114	0
663	3.13511	3.3645	0.0845213		3.13511	3.3645	3.13511	3.45117		0.342386	0.124918	0.000682682	0
664	3.13511	3.3645	0.0845213		3.13511	3.3645	3.03279	3.3645		0.313107	0.164562	0.00090127	0
665	3.13511	3.3645	0.0845213		3.13511	3.3645	3.13511	3.41909		0.319674	0.213523	0.00411131	0
666	3.13511	3.3645	0.0845213		3.13511	3.3645	3.0178	3.3645		0.424055	0.267715	0.0020941	0
667	3.13511	3.3645	0.0845213		3.13511	3.3645	3.13511	3.29814		0.294178	0.127446	0.000544042	0
668	3.13511	3.3645	0.0845213		3.13511	3.3645	3.24964	3.3645		0.290133	0.170513	0.00284834	0
669	3.13511	3.3645	0.0845213		3.13511	3.3645	3.13511	3.42214		0.362834	0.132836	0.000692898	0
670	3.13511	3.3645	0.0845213		3.13511	3.3645	3.21231	3.3645		0.31913	0.179518	0.00162759	0
671	3.13511	3.3645	0.0845213		3.13511	3.3645	3.13511	3.25653		0.26226	0.150831	0.0031799	0
672	3.13511	3.3645	0.0845213		3.13511	3.3645	3.29038	3.3645		0.354597	0.1844	0.000654405	0
673	3.13511	3.3645	0.0845213		3.13511	3.3645	3.13511	3.33389		0.375608	0.259156	0.00384663	0
674	3.29194	3.3645	0.0754555		3.13511	3.3645	3.29194	3.3645		0	0	0	1
675	3.29194	3.3645	0.0754555		3.29194	3.3645	3.29194	3.24675		0.305139	0.172467	0.00132718	0
676	3.29194	3.3645	0.0754555		3.29194	3.3645	3.35808	3.3645		0.401468	0.22973	0.000803064	0
677	3.29194	3.3645	0.0754555		3.29194	3.3645	3.29194	3.27185		0.271476	0.180863	0.00432264	0
678	3.29194	3.3645	0.0754555		3.29194	3.3645	3.30415	3.3645		0.280775	0.103365	0.000656912	0
679	3.29194	3.3645	0.0754555		3.29194	3.3645	3.29194	3.41141		0.433934	0.209632	0.000565532	0
680	3.29194	3.3645	0.0754555		3.29194	3.3645	3.15587	3.3645		0.383581	0.187641	0.000543064	0
681	3.29194	3.3645	0.0754555		3.29194	3.3645	3.29194	3.3884		0.399163	0.0890213	0.00120257	0
682	3.29194	3.3645	0.0754555		3.29194	3.3645	3.26207	3.3645		0.344404	0.140849	0.000631489	0
683	3.29194	3.38371	0.0677495		3.29194	3.3645	3.29194	3.38371		0	0	0	1
684	3.29194	3.38371	0.0677495		3.29194	3.38371	3.2633	3.38371		0.437793	0.223897	0.000546582	0
685	3.29194	3.38371	0.0677495		3.29194	3.38371	3.29194	3.184		0.249867	0.149339	0.00268336	0
686	3.29194	3.38371	0.0677495		3.29194	3.38371	3.37481	3.38371		0.298818	0.13896	0.000549925	0
687	3.29194	3.38371	0.0677495		3.29194	3.38371	3.29194	3.5376		0.533498	0.211873	0.000726987	0
688	3.29194	3.38371	0.0677495		3.29194	3.38371	3.25512	3.38371		0.355505	0.171135	0.000556078	0
689	3.29194	3.38371	0.0677495		3.29194	3.38371	3.29194	3.5448		0.363325	0.236797	0.00233624	0
690	3.29194	3.38371	0.0677495		3.29194	3.38371	3.18339	3.38371		0.393756	0.218515	0.000565231	0
691	3.29194	3.38371	0.0677495		3.29194	3.38371	3.29194	3.39689		0.399796	0.0954381	0.00115061	0
692	3.29194	3.38371	0.0677495		3.29194	3.38371	3.02504	3.38371		0.275701	0.169454	0.00259048	0
693	3.29194	3.38371	0.0677495		3.29194	3.38371	3.29194	3.35163		0.375304	0.121781	0.000835206	0
694	3.29194	3.38371	0.0677495		3.29194	3.38371	3.42243	3.38371		0.294366	0.147284	0.000508849	0
695	3.29194	3.38371	0.0677495		3.29194	3.38371	3.29194	3.52699		0.336501	0.125183	0.000709999	0
696	3.29194	3.38371	0.0677495		3.29194	3.38371	3.33298	3.38371		0.236029	0.126348	0.00132562	0
697	3.29194	3.38371	0.0677495		3.29194	3.38371	3.29194	3.1825		0.353674	0.121844	0.000776067	0
698	3.29194	3.38371	0.0677495		3.29194	3.38371	3.29434	3.38371		0.320614	0.181555	0.000889129	0
699	3.29194	3.38371	0.0677495		3.29194	3.38371	3.29194	3.52106		0.298542	0.162786	0.000807477	0
700	3.29194	3.38371	0.0677495		3.29194	3.38371	3.2819	3.38371		0.271104	0.170786	0.00303124	0
701	3.29194	3.38371	0.0677495		3.29194	3.38371	3.29194	3.49402		0.333726	0.240105	0.00403338	0
702	3.29194	3.38371	0.0677495		3.29194	3.38371	3.21488	3.38371		0.321439	0.12317	0.000681159	0
703	3.29194	3.38371	0.0677495		3.29194	3.38371	3.29194	3.39374		0.356243	0.160135	0.0005958	0
704	3.29194	3.38371	0.0677495		3.29194	3.38371	3.37127	3.38371		0.262539	0.125653	0.000512678	0
705	3.29194	3.38371	0.0677495		3.29194	3.38371	3.29194	3.41388		0.385109	0.128809	0.000814811	0
706	3.29194	3.38371	0.0677495		3.29194	3.38371	3.28624	3.38371		0.311937	0.188712	0.00178366	0
707	3.29194	3.38371	0.0677495		3.29194	3.38371	3.29194	3.4255		0.565046	0.217938	0.000754628	0
708	3.29194	3.38371	0.0677495		3.29194	3.38371	3.14804	3.38371		0.338066	0.132971	0.000672306	0
709	3.29194	3.38371	0.0677495		3.29194	3.38371	3.29194	3.29546		0.41004	0.23437	0.000667966	0
710	3.29194	3.38371	0.0677495		3.29194	3.38371	3.30394	3.38371		0.273804	0.169154	0.00269965	0
711	3.29194	3.38371	0.0677495		3.29194	3.38371	3.29194	3.55115		0.417042	0.22839	0.000505781	0
712	3.29194	3.38371	0.0677495		3.29194	3.38371	3.42836	3.38371		0.317296	0.168631	0.000604703	0
713	3.29194	3.38371	0.0677495		3.29194	3.38371	3.29194	3.31029		0.448335	0.196167	0.000641618	0
714	3.29194	3.38371	0.0677495		3.29194	3.38371	3.33429	3.38371		0.23279	0.147113	0.00386283	0
715	3.29194	3.38371	0.0677495		3.29194	3.38371	3.29194	3.46703		0.331137	0.269529	0.00686224	0
716	3.29194	3.38371	0.0677495		3.29194	3.38371	3.23339	3.38371		0.33222	0.147643	0.000592401	0
717	3.29194	3.38371	0.0677495		3.29194	3.38371	3.29194	3.40264		0.255649	0.201531	0.00851544	0
718	3.29194	3.38371	0.0677495		3.29194	3.38371	3.36488	3.38371		0.322488	0.171087	0.000574953	0
719	3.29194	3.38371	0.0677495		3.29194	3.38371	3.29194	3.47736		0.412613	0.219725	0.000519062	0
720	3.29194	3.38371	0.0677495		3.29194	3.38371	3.3458	3.38371		0.429559	0.108682	0.00110097	0
721	3.29194	3.38371	0.0677495		3.29194	3.38371	3.29194	3.32663		0.382773	0.143568	0.000725664	0
722	3.29194	3.38371	0.0677495		3.29194	3.38371	3.14223	3.38371		0.315473	0.173151	0.000765272	0
723	3.29194	3.38371	0.0677495		3.29194	3.38371	3.29194	3.33976		0.269662	0.172728	0.00329386	0
724	3.29194	3.38371	0.0677495		3.29194	3.38371	3.00627	3.38371		0.287831	0.133842	0.000543803	0
725	3.29194	3.38371	0.0677495		3.29194	3.38371	3.29194	3.46883		0.391208	0.186575	0.000573345	0
726	3.29194	3.38371	0.0677495		3.29194	3.38371	3.31433	3.38371		0.470625	0.306974	0.00156081	0
727	3.29194	3.38371	0.0677495		3.29194	3.38371	3.29194	3.34722		0.389397	0.1721	0.000618088	0
728	3.29194	3.38371	0.0677495		3.29194	3.38371	3.24564	3.38371		0.240147	0.123816	0.000890451	0
729	3.29194	3.38371	0.0677495		3.29194	3.38371	3.29194	3.36754		0.434768	0.189571	0.000640277	0
730	3.29194	3.38371	0.0677495		3.29194	3.38371	3.1721	3.38371		0.296904	0.188592	0.00273671	0
731	3.29194	3.38371	0.0677495		3.29194	3.38371	3.29194	3.24365		0.350456	0.216823	0.00166417	0
732	3.29194	3.38371	0.0677495		3.29194	3.38371	3.31658	3.38371		0.391845	0.124354	0.000861913	0
733	3.29194	3.38371	0.0677495		3.29194	3.38371	3.29194	3.56474		0.313608	0.191957	0.00194268	0
734	3.29194	3.38371	0.0677495		3.29194	3.38371	3.33116	3.38371		0.383541	0.144687	0.000721809	0
735	3.29194	3.38371	0.0677495		3.29194	3.38371	3.29194	3.47319		0.39955	0.198261	0.000553467	0
736	3.29194	3.38371	0.0677495		3.29194	3.38371	3.23707	3.38371		0.391649	0.231479	0.000867923	0
737	3.29194	3.38371	0.0677495		3.29194	3.38371	3.29194	3.3484		0.373345	0.205093	0.000571388	0
738	3.29194	3.38371	0.0677495		3.29194	3.38371	3.24069	3.38371		0.238824	0.117024	0.000663366	0
739	3.29194	3.38371	0.0677495		3.29194	3.38371	3.29194	3.25862		0.384858	0.365442	0.0120653	0
740	3.29194	3.38371	0.0677495		3.29194	3.38371	3.37986	3.38371		0.335767	0.152994	0.000579349	0
741	3.29194	3.38371	0.0677495		3.29194	3.38371	3.29194	3.37807		0.314325	0.0654876	0.00124521	0
742	3.29194	3.38371	0.0677495		3.29194	3.38371	3.32057	3.38371		0.347664	0.204071	0.000958129	0
743	3.29194	3.38371	0.0677495		3.29194	3.38371	3.29194	3.45428		0.304537	0.148615	0.000526921	0
744	3.29194	3.38371	0.0677495		3.29194	3.38371	3.30511	3.38371		0.317594	0.214762	0.00336159	0
745	3.29194	3.38371	0.0677495		3.29194	3.38371	3.29194	3.3315		0.254168	0.16813	0.00402098	0
746	3.29194	3.38371	0.0677495		3.29194	3.38371	3.57884	3.38371		0.290854	0.161821	0.000935055	0
747	3.29194	3.38371	0.0677495		3.29194	3.38371	3.29194	3.3957		0.312104	0.189429	0.00183213	0
748	3.29194	3.38371	0.0677495		3.29194	3.38371	3.34346	3.38371		0.441705	0.177901	0.000695173	0
749	3.29194	3.38371	0.0677495		3.29194	3.38371	3.29194	3.4093		0.323704	0.112599	0.00075176	0
750	3.29194	3.38371	0.0677495		3.29194	3.38371	3.41157	3.38371		0.330251	0.194677	0.00112607	0
751	3.29194	3.38371	0.0677495		3.29194	3.38371	3.29194	3.49227		0.314055	0.146905	0.000554485	0
752	3.29194	3.38371	0.0677495		3.29194	3.38371	3.47048	3.38371		0.27109	0.122963	0.000546889	0
753	3.29194	3.38371	0.0677495		3.29194	3.38371	3.29194	3.32541		0.343738	0.18933	0.00067697	0
754	3.29194	3.38371	0.0677495		3.29194	3.38371	3.36227	3.38371		0.463227	0.158095	0.000827287	0
755	3.29194	3.38371	0.0677495		3.29194	3.38371	3.29194	3.33107		0.384033	0.105807	0.000988586	0
756	3.29194	3.38371	0.0677495		3.29194	3.38371	3.2209	3.38371		0.387332	0.165159	0.000639927	0
757	3.29194	3.38371	0.0677495		3.29194	3.38371	3.29194	3.29084		0.271316	0.168035	0.00278052	0
758	3.29194	3.38371	0.0677495		3.29194	3.38371	3.38089	3.38371		0.483695	0.290403	0.00075997	0
759	3.29194	3.38371	0.0677495		3.29194	3.38371	3.29194	3.32848		0.242266	0.156062	0.00390656	0
760	3.29194	3.38371	0.0677495		3.29194	3.38371	3.39157	3.38371		0.315857	0.13867	0.000591711	0
761	3.29194	3.38371	0.0677495		3.29194	3.38371	3.29194	3.65954		0.305034	0.218241	0.00428094	0
762	3.29194	3.38371	0.0677495		3.29194	3.38371	3.29928	3.38371		0.333952	0.175475	0.000501705	0
763	3.29194	3.38371	0.0677495		3.29194	3.38371	3.29194	3.41622		0.323314	0.176136	0.000699067	0
764	3.29194	3.38371	0.0677495		3.29194	3.38371	3.27413	3.38371		0.3215	0.168583	0.000521864	0
765	3.29194	3.38371	0.0677495		3.29194	3.38371	3.29194	3.34845		0.331176	0.142507	0.000611329	0
766	3.29194	3.38371	0.0677495		3.29194	3.38371	3.36679	3.38371		0.251184	0.139387	0.00151734	0
767	3.29194	3.38371	0.0677495		3.29194	3.38371	3.29194	3.57635		0.381404	0.135789	0.000763903	0
768	3.29194	3.38371	0.0677495		3.29194	3.38371	3.24919	3.38371		0.259954	0.125821	0.000505196	0
769	3.29194	3.38371	0.0677495		3.29194	3.38371	3.29194	3.40574		0.421444	0.172934	0.000676391	0
770	3.29194	3.38371	0.0677495		3.29194	3.38371	3.0883	3.38371		0.210852	0.146916	0.00697907	0
771	3.29194	3.38371	0.0677495		3.29194	3.38371	3.29194	3.32363		0.37005	0.270811	0.00393037	0
772	3.29194	3.38371	0.0677495		3.29194	3.38371	3.3357	3.38371		0.479407	0.233573	0.00058286	0
773	3.29194	3.38371	0.0677495		3.29194	3.38371	3.29194	3.29353		0.332268	0.217664	0.00273446	0
774	3.29194	3.38371	0.0677495		3.29194	3.38371	3.2116	3.38371		0.350601	0.209352	0.00109367	0
775	3.29194	3.38371	0.0677495		3.29194	3.38371	3.29194	3.40627		0.428281	0.187079	0.000637337	0
776	3.29194	3.38371	0.0677495		3.29194	3.38371	3.22954	3.38371		0.318161	0.134535	0.000615561	0
777	3.29194	3.38371	0.0677495		3.29194	3.38371	3.29194	3.43623		0.303475	0.195923	0.00288078	0
778	3.29194	3.38371	0.0677495		3.29194	3.38371	3.39998	3.38371		0.323626	0.157666	0.000536714	0
779	3.29194	3.38371	0.0677495		3.29194	3.38371	3.29194	3.33951		0.357947	0.107148	0.000895694	0
780	3.29194	3.38371	0.0677495		3.29194	3.38371	3.22705	3.38371		0.312522	0.164292	0.000571951	0
781	3.29194	3.38371	0.0677495		3.29194	3.38371	3.29194	3.52425		0.337936	0.111892	0.000798574	0
782	3.29194	3.38371	0.0677495		3.29194	3.38371	3.16051	3.38371		0.281674	0.118006	0.000599526	0
783	3.29194	3.38371	0.0677495		3.29194	3.38371	3.29194	3.39627		0.286853	0.0965268	0.000750677	0
784	3.29194	3.38371	0.0677495		3.29194	3.38371	3.29603	3.38371		0.292636	0.110578	0.000672582	0
785	3.29194	3.38371	0.0677495		3.29194	3.38371	3.29194	3.24072		0.28625	0.16975	0.00186557	0
786	3.29194	3.38371	0.0677495		3.29194	3.38371	3.28061	3.38371		0.513868	0.389363	0.00357413	0
787	3.29194	3.38371	0.0677495		3.29194	3.38371	3.29194	3.39343		0.344558	0.113052	0.000809755	0
788	3.17762	3.38371	0.0473875		3.29194	3.38371	3.17762	3.38371		0	0	0	1
789	3.17762	3.38371	0.0473875		3.17762	3.38371	3.17762	3.55428		0.331211	0.154162	0.000608866	0
790	3.17762	3.38371	0.0473875		3.17762	3.38371	3.07463	3.38371		0.342637	0.166427	0.000586703	0
791	3.17762	3.38371	0.0473875		3.17762	3.38371	3.17762	3.29772		0.279506	0.144866	0.000529898	0
792	3.17762	3.38371	0.0473875		3.17762	3.38371	3.33566	3.38371		0.376331	0.152584	0.000712956	0
793	3.17762	3.38371	0.0473875		3.17762	3.38371	3.17762	3.34385		0.337966	0.180024	0.000533807	0
794	3.17762	3.38371	0.0473875		3.17762	3.38371	3.06268	3.38371		0.437218	0.188895	0.000682506	0
795	3.17762	3.38371	0.0473875		3.17762	3.38371	3.17762	3.40436		0.4261	0.106637	0.0011745	0
796	3.17762	3.38371	0.0473875		3.17762	3.38371	3.17214	3.38371		0.311249	0.145009	0.000601774	0
797	3.17762	3.38371	0.0473875		3.17762	3.38371	3.17762	3.3058		0.31851	0.23573	0.00352126	0
798	3.17762	3.38371	0.0473875		3.17762	3.38371	3.03112	3.38371		0.340553	0.351999	0.015025	0
799	3.17762	3.38371	0.0473875		3.17762	3.38371	3.17762	3.12149		0.292466	0.107222	0.000755912	0
800	3.17762	3.38371	0.0473875		3.17762	3.38371	2.99831	3.38371		0.460866	0.171669	0.000796547	0
801	3.17762	3.38371	0.0473875		3.17762	3.38371	3.17762	3.42716		0.416089	0.189945	0.000641944	0
802	3.17762	3.38371	0.0473875		3.17762	3.38371	3.16366	3.38371		0.296683	0.0964711	0.000854611	0
803	3.17762	3.38371	0.0473875		3.17762	3.38371	3.17762	3.41317		0.307036	0.265542	0.00684049	0
804	3.17762	3.38371	0.0473875		3.17762	3.38371	3.29965	3.38371		0.499517	0.210031	0.000711921	0
805	3.17762	3.38371	0.0473875		3.17762	3.38371	3.17762	3.28736		0.44011	0.22526	0.000576571	0
806	3.17762	3.38371	0.0473875		3.17762	3.38371	3.0969	3.38371		0.360297	0.171093	0.000604834	0
807	3.17762	3.38371	0.0473875		3.17762	3.38371	3.17762	3.32631		0.301518	0.142469	0.000589913	0
808	3.17762	3.38371	0.0473875		3.17762	3.38371	3.31617	3.38371		0.322138	0.168339	0.000539767	0
809	3.17762	3.38371	0.0473875		3.17762	3.38371	3.17762	3.45517		0.387608	0.278845	0.00267597	0
810	3.17762	3.38371	0.0473875		3.17762	3.38371	3.24947	3.38371		0.325378	0.225243	0.00250597	0
811	3.17762	3.38371	0.0473875		3.17762	3.38371	3.17762	3.25325		0.243451	0.130453	0.00052924	0
812	3.17762	3.38371	0.0473875		3.17762	3.38371	3.04568	3.38371		0.331677	0.225072	0.00215652	0
813	3.17762	3.38371	0.0473875		3.17762	3.38371	3.17762	3.39887		0.394092	0.193	0.000594091	0
814	3.17762	3.38371	0.0473875		3.17762	3.38371	3.07308	3.38371		0.473484	0.238941	0.00058975	0
815	3.17762	3.38371	0.0473875		3.17762	3.38371	3.17762	3.55268		0.394398	0.154125	0.000744596	0
816	3.17762	3.38371	0.0473875		3.17762	3.38371	3.28842	3.38371		0.311111	0.233822	0.00379014	0
817	3.17762	3.38371	0.0473875		3.17762	3.38371	3.17762	3.32405		0.21704	0.12186	0.000891011	0
818	3.17762	3.38371	0.0473875		3.17762	3.38371	3.10363	3.38371		0.279281	0.223062	0.00485681	0
819	3.17762	3.38371	0.0473875		3.17762	3.38371	3.17762	3.30375		0.36032	0.147504	0.000701614	0
820	3.17762	3.38371	0.0473875		3.17762	3.38371	3.04737	3.38371		0.306563	0.202393	0.00194566	0
821	3.17762	3.38371	0.0473875		3.17762	3.38371	3.17762	3.35562		0.399905	0.139826	0.000833764	0
822	3.17762	3.38371	0.0473875		3.17762	3.38371	3.20948	3.38371		0.280026	0.10564	0.000728287	0
823	3.17762	3.38371	0.0473875		3.17762	3.38371	3.17762	3.47494		0.445178	0.184922	0.000711405	0
824	3.17762	3.38371	0.0473875		3.17762	3.38371	3.153	3.38371		0.28537	0.0686495	0.00114646	0
825	3.17762	3.38371	0.0473875		3.17762	3.38371	3.17762	3.28824		0.249614	0.109575	0.000610348	0
826	3.17762	3.38371	0.0473875		3.17762	3.38371	3.10018	3.38371		0.430048	0.261737	0.000662958	0
827	3.17762	3.38371	0.0473875		3.17762	3.38371	3.17762	3.24388		0.374839	0.19488	0.000555687	0
828	3.17762	3.38371	0.0473875		3.17762	3.38371	3.2374	3.38371		0.418338	0.227939	0.000538205	0
829	3.17762	3.38371	0.0473875		3.17762	3.38371	3.17762	3.47122		0.321979	0.127601	0.000711677	0
830	3.17762	3.38371	0.0473875		3.17762	3.38371	3.25462	3.38371		0.453977	0.215665	0.000623487	0
831	3.17762	3.38371	0.0473875		3.17762	3.38371	3.17762	3.27908		0.498031	0.244641	0.000609194	0
832	3.17762	3.38371	0.0473875		3.17762	3.38371	3.29677	3.38371		0.362917	0.159332	0.000654922	0
833	3.17762	3.38371	0.0473875		3.17762	3.38371	3.17762	3.32681		0.329683	0.116565	0.000800918	0
834	3.17762	3.38371	0.0473875		3.17762	3.38371	3.10033	3.38371		0.313291	0.133822	0.000657124	0
835	3.17762	3.38371	0.0473875		3.17762	3.38371	3.17762	3.38497		0.422509	0.239804	0.000517329	0
836	3.17762	3.38371	0.0473875		3.17762	3.38371	3.06704	3.38371		0.401719	0.218338	0.000536701	0
837	3.17762	3.38371	0.0473875		3.17762	3.38371	3.17762	3.38303		0.292115	0.13629	0.000593839	0
838	3.17762	3.38371	0.0473875		3.17762	3.38371	3.14588	3.38371		0.308868	0.133341	0.000648526	0
839	3.17762	3.38371	0.0473875		3.17762	3.38371	3.17762	3.33583		0.307576	0.210749	0.00250105	0
840	3.17762	3.38371	0.0473875		3.17762	3.38371	3.17772	3.38371		0.320814	0.140943	0.000641577	0
841	3.17762	3.38371	0.0473875		3.17762	3.38371	3.17762	3.56163		0.357038	0.189579	0.000540173	0
842	3.17762	3.38371	0.0473875		3.17762	3.38371	3.09411	3.38371		0.357747	0.261756	0.00309186	0
843	3.17762	3.38371	0.0473875		3.17762	3.38371	3.17762	3.38268		0.372698	0.218987	0.000586111	0
844	3.17762	3.38371	0.0473875		3.17762	3.38371	3.32346	3.38371		0.376955	0.193585	0.000563019	0
845	3.17762	3.38371	0.0473875		3.17762	3.38371	3.17762	3.33438		0.343666	0.191463	0.000511761	0
846	3.17762	3.38371	0.0473875		3.17762	3.38371	3.13597	3.38371		0.388915	0.164488	0.000686662	0
847	3.17762	3.38371	0.0473875		3.17762	3.38371	3.17762	3.26828		0.442729	0.217056	0.000602354	0
848	3.17762	3.38371	0.0473875		3.17762	3.38371	3.21872	3.38371		0.363759	0.280846	0.0038069	0
849	3.17762	3.38371	0.0473875		3.17762	3.38371	3.17762	3.46831		0.348583	0.135911	0.0007329	0
850	3.17762	3.38371	0.0473875		3.17762	3.38371	3.30851	3.38371		0.407682	0.288975	0.00235347	0
851	3.17762	3.38371	0.0473875		3.17762	3.38371	3.17762	3.39695		0.315296	0.134754	0.000657499	0
852	3.17762	3.38371	0.0473875		3.17762	3.38371	3.12417	3.38371		0.353804	0.123034	0.000823642	0
853	3.17762	3.38371	0.0473875		3.17762	3.38371	3.17762	3.34176		0.313858	0.170056	0.000518212	0
854	3.17762	3.38371	0.0473875		3.17762	3.38371	3.14365	3.38371		0.40052	0.209797	0.000556661	0
855	3.17762	3.38371	0.0473875		3.17762	3.38371	3.17762	3.28003		0.405047	0.218458	0.000541442	0
856	3.17762	3.38371	0.0473875		3.17762	3.38371	3.18501	3.38371		0.373176	0.110446	0.000975526	0
857	3.17762	3.38371	0.0473875		3.17762	3.38371	3.17762	3.30217		0.424028	0.104953	0.00118682	0
858	3.17762	3.38371	0.0473875		3.17762	3.38371	3.03814	3.38371		0.340994	0.16196	0.000599527	0
859	3.17762	3.38371	0.0473875		3.17762	3.38371	3.17762	3.35699		0.297735	0.146132	0.000566566	0
860	3.17762	3.38371	0.0473875		3.17762	3.38371	3.11949	3.38371		0.311234	0.151168	0.000577223	0
861	3.17762	3.38371	0.0473875		3.17762	3.38371	3.17762	3.39748		0.255615	0.0923697	0.000745522	0
862	3.17762	3.38371	0.0473875		3.17762	3.38371	3.14541	3.38371		0.369871	0.177882	0.000599551	0
863	3.17762	3.38371	0.0473875		3.17762	3.38371	3.17762	3.36722		0.259008	0.201457	0.00472568	0
864	3.17762	3.38371	0.0473875		3.17762	3.38371	2.99252	3.38371		0.264111	0.134043	0.000534706	0
865	3.17762	3.38371	0.0473875		3.17762	3.38371	3.17762	3.29862		0.321927	0.177302	0.000512086	0
866	3.17762	3.38371	0.0473875		3.17762	3.38371	2.93462	3.38371		0.364906	0.118201	0.000888381	0
867	3.17762	3.38371	0.0473875		3.17762	3.38371	3.17762	3.40222		0.224968	0.119841	0.000598265	0
868	3.17762	3.38371	0.0473875		3.17762	3.38371	3.12035	3.38371		0.326699	0.176585	0.000523101	0
869	3.17762	3.38371	0.0473875		3.17762	3.38371	3.17762	3.55452		0.332577	0.153164	0.000615782	0
870	3.17762	3.38371	0.0473875		3.17762	3.38371	3.09791	3.38371		0.261374	0.134174	0.000527438	0
871	3.17762	3.38371	0.0473875		3.17762	3.38371	3.17762	3.61025		0.348239	0.120589	0.00082508	0
872	3.17762	3.38371	0.0473875		3.17762	3.38371	3.34598	3.38371		0.370666	0.127688	0.000837291	0
873	3.17762	3.38371	0.0473875		3.17762	3.38371	3.17762	3.43333		0.312778	0.172351	0.00050924	0
874	3.17762	3.38371	0.0473875		3.17762	3.38371	3.34935	3.38371		0.328392	0.16973	0.000547528	0
875	3.17762	3.38371	0.0473875		3.17762	3.38371	3.17762	3.35789		0.2881	0.168132	0.000762001	0
876	3.17762	3.38371	0.0473875		3.17762	3.38371	3.25829	3.38371		0.312218	0.156078	0.000561146	0
877	3.17762	3.38371	0.0473875		3.17762	3.38371	3.17762	3.38243		0.386777	0.24959	0.000996861	0
878	3.17762	3.38371	0.0473875		3.17762	3.38371	3.0695	3.38371		0.31629	0.181861	0.000608673	0
879	3.17762	3.38371	0.0473875		3.17762	3.38371	3.17762	3.25341		0.49569	0.360698	0.0024009	0
880	3.17762	3.38371	0.0473875		3.17762	3.38371	3.32697	3.38371		0.436621	0.216926	0.000593404	0
881	3.17762	3.38371	0.0473875		3.17762	3.38371	3.17762	3.49768		0.370263	0.137495	0.000776602	0
882	3.17762	3.38371	0.0473875		3.17762	3.38371	3.30472	3.38371		0.338769	0.192629	0.000500256	0
883	3.17762	3.38371	0.0473875		3.17762	3.38371	3.17762	3.42902		0.406166	0.184058	0.000644647	0
884	3.17762	3.38371	0.0473875		3.17762	3.38371	3.22241	3.38371		0.316847	0.127916	0.000696657	0
885	3.17762	3.38371	0.0473875		3.17762	3.38371	3.17762	3.34406		0.292976	0.11343	0.000716029	0
886	3.17762	3.38371	0.0473875		3.17762	3.38371	3.10458	3.38371		0.380577	0.196827	0.000559832	0
887	3.17762	3.38371	0.0473875		3.17762	3.38371	3.17762	3.21822		0.410207	0.4715	0.0204013	0
888	3.17762	3.38371	0.0473875		3.17762	3.38371	3.0627	3.38371		0.38426	0.143679	0.000775395	0
889	3.17762	3.38371	0.0473875		3.17762	3.38371	3.17762	3.54091		0.408294	0.175621	0.000679624	0
890	3.17762	3.38371	0.0473875		3.17762	3.38371	3.27266	3.38371		0.431036	0.171495	0.000739833	0
891	3.17762	3.38371	0.0473875		3.17762	3.38371	3.17762	3.30055		0.383569	0.214716	0.000517799	0
892	3.17762	3.38371	0.0473875		3.17762	3.38371	3.11962	3.38371		0.271689	0.160627	0.00087723	0
893	3.17762	3.38371	0.0473875		3.17762	3.38371	3.17762	3.38848		0.349167	0.20419	0.000610907	0
894	3.17762	3.38371	0.0473875		3.17762	3.38371	3.20408	3.38371		0.428682	0.182547	0.000690778	0
895	3.17762	3.38371	0.0473875		3.17762	3.38371	3.17762	3.41585		0.39585	0.171668	0.000671301	0
896	3.17762	3.38371	0.0473875		3.17762	3.38371	3.43645	3.38371		0.294357	0.218265	0.00374626	0
897	3.17762	3.38371	0.0473875		3.17762	3.38371	3.17762	3.42543		0.252915	0.11265	0.000603378	0
898	3.17762	3.38371	0.0473875		3.17762	3.38371	3.14559	3.38371		0.399281	0.143547	0.000810715	0
899	3.17762	3.38371	0.0473875		3.17762	3.38371	3.17762	3.3701		0.24668	0.116081	0.00056778	0
900	3.17762	3.38371	0.0473875		3.17762	3.38371	3.1482	3.38371		0.24078	0.0953892	0.00067049	0
901	3.17762	3.38371	0.0473875		3.17762	3.38371	3.17762	3.21718		0.340892	0.145805	0.000665722	0
902	3.17762	3.38371	0.0473875		3.17762	3.38371	3.33775	3.38371		0.328861	0.115506	0.000805906	0
903	3.17762	3.38371	0.0473875		3.17762	3.38371	3.17762	3.41721		0.250431	0.117028	0.000573786	0
904	3.17762	3.38371	0.0473875		3.17762	3.38371	3.04377	3.38371		0.324182	0.154302	0.000593249	0
905	3.17762	3.38371	0.0473875		3.17762	3.38371	3.17762	3.37454		0.352517	0.213777	0.000776234	0
906	3.17762	3.38371	0.0473875		3.17762	3.38371	3.17615	3.38371		0.420676	0.152341	0.000810362	0
907	3.17762	3.38371	0.0473875		3.17762	3.38371	3.17762	3.4339		0.354322	0.183848	0.000552126	0
908	3.17762	3.38371	0.0473875		3.17762	3.38371	3.16745	3.38371		0.259451	0.111687	0.000627936	0
909	3.17762	3.38371	0.0473875		3.17762	3.38371	3.17762	3.52822		0.309676	0.11967	0.000724844	0
910	3.17762	3.38371	0.0473875		3.17762	3.38371	3.25948	3.38371		0.326937	0.16001	0.000577782	0
911	3.17762	3.38371	0.0473875		3.17762	3.38371	3.17762	3.33069		0.249565	0.116178	0.000575517	0
912	3.17762	3.38371	0.0473875		3.17762	3.38371	3.26107	3.38371		0.447171	0.165547	0.000798649	0
913	3.17762	3.38371	0.0473875		3.17762	3.38371	3.17762	3.33495		0.35799	0.184359	0.000557175	0
914	3.17762	3.38371	0.0473875		3.17762	3.38371	3.14977	3.38371		0.405774	0.156601	0.000756845	0
915	3.17762	3.38371	0.0473875		3.17762	3.38371	3.17762	3.60937		0.421381	0.171248	0.000722255	0
916	3.17762	3.38371	0.0473875		3.17762	3.38371	3.32964	3.38371		0.287405	0.133054	0.000596578	0
917	3.17762	3.38371	0.0473875		3.17762	3.38371	3.17762	3.37446		0.379256	0.12268	0.00089463	0
918	3.17762	3.38371	0.0473875		3.17762	3.38371	3.1194	3.38371		0.438094	0.148154	0.000872143	0
919	3.17762	3.38371	0.0473875		3.17762	3.38371	3.17762	3.28359		0.334875	0.115595	0.000822488	0
920	3.17762	3.38371	0.0473875		3.17762	3.38371	3.22855	3.38371		0.267439	0.157976	0.000888553	0
921	3.17762	3.38371	0.0473875		3.17762	3.38371	3.17762	3.27227		0.238781	0.135185	0.000813936	0
922	3.17762	3.38371	0.0473875		3.17762	3.38371	3.07701	3.38371		0.285831	0.151019	0.000522162	0
923	3.17762	3.38371	0.0473875		3.17762	3.38371	3.17762	3.27573		0.283897	0.148594	0.00052638	0
924	3.17762	3.38371	0.0473875		3.17762	3.38371	3.27895	3.38371		0.325003	0.155393	0.000590831	0
925	3.17762	3.38371	0.0473875		3.17762	3.38371	3.17762	3.55789		0.355921	0.14376	0.000709765	0
926	3.17762	3.38371	0.0473875		3.17762	3.38371	3.0227	3.38371		0.375865	0.257953	0.00203212	0
927	3.17762	3.38371	0.0473875		3.17762	3.38371	3.17762	3.36465		0.403269	0.231089	0.000509304	0
928	3.17762	3.38371	0.0473875		3.17762	3.38371	3.06396	3.38371		0.453157	0.100552	0.00133456	0
929	3.17762	3.38371	0.0473875		3.17762	3.38371	3.17762	3.49465		0.371184	0.149886	0.000714432	0
930	3.17762	3.38371	0.0473875		3.17762	3.38371	3.25763	3.38371		0.404998	0.124505	0.000949893	0
931	3.17762	3.38371	0.0473875		3.17762	3.38371	3.17762	3.22299		0.32308	0.151852	0.000600422	0
932	3.17762	3.38371	0.0473875		3.17762	3.38371	3.13194	3.38371		0.305398	0.213643	0.00282621	0
933	3.17762	3.38371	0.0473875		3.17762	3.38371	3.17762	3.31152		0.25242	0.193149	0.00459182	0
934	3.17762	3.38371	0.0473875		3.17762	3.38371	3.22988	3.38371		0.270489	0.125428	0.000588247	0
935	3.17762	3.38371	0.0473875		3.17762	3.38371	3.17762	3.30105		0.258458	0.122801	0.00056843	0
936	3.17762	3.38371	0.0473875		3.17762	3.38371	3.16246	3.38371		0.401379	0.198791	0.000588908	0
937	3.17762	3.38371	0.0473875		3.17762	3.38371	3.17762	3.29887		0.388205	0.223951	0.000503292	0
938	3.17762	3.38371	0.0473875		3.17762	3.38371	3.20245	3.38371		0.283753	0.155119	0.000503929	0
939	3.17762	3.38371	0.0473875		3.17762	3.38371	3.17762	3.33659		0.413183	0.138794	0.000871602	0
940	3.17762	3.38371	0.0473875		3.17762	3.38371	3.28831	3.38371		0.301345	0.187144	0.0010219	0
941	3.17762	3.38371	0.0473875		3.17762	3.38371	3.17762	3.33649		0.33802	0.180439	0.000532679	0
942	3.17762	3.38371	0.0473875		3.17762	3.38371	3.02561	3.38371		0.484473	0.144649	0.000999314	0
943	3.17762	3.38371	0.0473875		3.17762	3.38371	3.17762	3.39847		0.397109	0.181901	0.000635827	0
944	3.17762	3.38371	0.0473875		3.17762	3.38371	3.18197	3.38371		0.430359	0.272587	0.000849333	0
945	3.17762	3.38371	0.0473875		3.17762	3.38371	3.17762	3.38871		0.378976	0.244015	0.000999816	0
946	3.17762	3.38371	0.0473875		3.17762	3.38371	3.07393	3.38371		0.318876	0.208982	0.00172167	0
947	3.17762	3.38371	0.0473875		3.17762	3.38371	3.17762	3.35113		0.294922	0.157064	0.000521207	0
948	3.17762	3.38371	0.0473875		3.17762	3.38371	3.11754	3.38371		0.392861	0.202093	0.000565347	0
949	3.17762	3.38371	0.0473875		3.17762	3.38371	3.17762	3.37829		0.389636	0.160876	0.000703558	0
950	3.17762	3.38371	0.0473875		3.17762	3.38371	3.10304	3.38371		0.392757	0.185064	0.000617183	0
951	3.17762	3.38371	0.0473875		3.17762	3.38371	3.17762	3.53582		0.311968	0.18791	0.000839312	0
952	3.17762	3.38371	0.0473875		3.17762	3.38371	3.19449	3.38371		0.43535	0.240094	0.000534393	0
953	3.17762	3.38371	0.0473875		3.17762	3.38371	3.17762	3.34939		0.284854	0.185956	0.0019886	0
954	3.17762	3.38371	0.0473875		3.17762	3.38371	3.24632	3.38371		0.407786	0.199834	0.000596439	0
955	3.17762	3.38371	0.0473875		3.17762	3.38371	3.17762	3.48596		0.349942	0.330708	0.00916	0
956	3.17762	3.38371	0.0473875		3.17762	3.38371	3.14011	3.38371		0.345625	0.12581	0.000783966	0
957	3.17762	3.38371	0.0473875		3.17762	3.38371	3.17762	3.43326		0.347339	0.191185	0.000518858	0
958	3.17762	3.38371	0.0473875		3.17762	3.38371	3.17613	3.38371		0.46051	0.34521	0.00295843	0
959	3.17762	3.38371	0.0473875		3.17762	3.38371	3.17762	3.55109		0.377984	0.145825	0.000749755	0
960	3.17762	3.38371	0.0473875		3.17762	3.38371	3.08618	3.38371		0.360796	0.313096	0.00598564	0
961	3.17762	3.38371	0.0473875		3.17762	3.38371	3.17762	3.33189		0.322151	0.123677	0.000734717	0
962	3.17762	3.38371	0.0473875		3.17762	3.38371	3.12291	3.38371		0.326265	0.156084	0.00059089	0
963	3.17762	3.38371	0.0473875		3.17762	3.38371	3.17762	3.30738		0.310948	0.213295	0.00248805	0
964	3.17762	3.38371	0.0473875		3.17762	3.38371	3.23306	3.38371		0.409289	0.249079	0.000692498	0
965	3.17762	3.38371	0.0473875		3.17762	3.38371	3.17762	3.49637		0.366259	0.135491	0.00077832	0
966	3.17762	3.38371	0.0473875		3.17762	3.38371	2.99009	3.38371		0.262331	0.195492	0.004133	0
967	3.17762	3.38371	0.0473875		3.17762	3.38371	3.17762	3.47322		0.283012	0.172421	0.000974721	0
968	3.17762	3.38371	0.0473875		3.17762	3.38371	3.06022	3.38371		0.302729	0.123698	0.000682666	0
969	3.17762	3.38371	0.0473875		3.17762	3.38371	3.17762	3.32735		0.43335	0.226733	0.000562964	0
970	3.17762	3.38371	0.0473875		3.17762	3.38371	3.03559	3.38371		0.397315	0.161915	0.00071473	0
971	3.17762	3.38371	0.0473875		3.17762	3.38371	3.17762	3.34723		0.35413	0.194559	0.000521404	0
972	3.17762	3.38371	0.0473875		3.17762	3.38371	3.23832	3.38371		0.327495	0.224884	0.00236841	0
973	3.17762	3.38371	0.0473875		3.17762	3.38371	3.17762	3.34931		0.292864	0.234731	0.00478212	0
974	3.17762	3.38371	0.0473875		3.17762	3.38371	3.10917	3.38371		0.298168	0.213881	0.00325081	0
975	3.17762	3.38371	0.0473875		3.17762	3.38371	3.17762	3.57747		0.329557	0.21857	0.00181976	0
976	3.17762	3.38371	0.0473875		3.17762	3.38371	3.11361	3.38371		0.335574	0.141648	0.000672843	0
977	3.17762	3.38371	0.0473875		3.17762	3.38371	3.17762	3.41791		0.352963	0.141703	0.000713164	0
978	3.17762	3.38371	0.0473875		3.17762	3.38371	3.21464	3.38371		0.336464	0.223074	0.00176058	0
979	3.17762	3.38371	0.0473875		3.17762	3.38371	3.17762	3.39157		0.345491	0.125895	0.000783088	0
980	3.17762	3.38371	0.0473875		3.17762	3.38371	3.31139	3.38371		0.28704	0.187688	0.00199018	0
981	3.17762	3.38371	0.0473875		3.17762	3.38371	3.17762	3.36473		0.255798	0.133018	0.000518154	0
982	3.17762	3.38371	0.0473875		3.17762	3.38371	3.23658	3.38371		0.315938	0.203213	0.00145071	0
983	3.17762	3.38371	0.0473875		3.17762	3.38371	3.17762	3.44447		0.340724	0.131886	0.000735562	0
984	3.17762	3.38371	0.0473875		3.17762	3.38371	3.3317	3.38371		0.410347	0.214548	0.00055948	0
985	3.17762	3.51345	0.02955		3.17762	3.38371	3.17762	3.51345		0	0	0	1
986	3.17762	3.51345	0.02955		3.17762	3.51345	3.27099	3.51345		0.456132	0.145859	0.00096721	0
987	3.17762	3.51345	0.02955		3.17762	3.51345	3.17762	3.45606		0.328756	0.193745	0.000510731	0
988	3.17762	3.51345	0.02955		3.17762	3.51345	3.17297	3.51345		0.450757	0.217602	0.000640153	0
989	3.17762	3.51345	0.02955		3.17762	3.51345	3.17762	3.43293		0.400769	0.285134	0.00168763	0
990	3.17762	3.51345	0.02955		3.17762	3.51345	3.29859	3.51345		0.220693	0.140254	0.000986943	0
991	3.17762	3.51345	0.02955		3.17762	3.51345	3.17762	3.41842		0.385772	0.186741	0.000630859	0
992	3.17762	3.51345	0.02955		3.17762	3.51345	3.26947	3.51345		0.381256	0.197267	0.000589626	0
993	3.17762	3.51345	0.02955		3.17762	3.51345	3.17762	3.69108		0.362305	0.189697	0.000580116	0
994	3.17762	3.51345	0.02955		3.17762	3.51345	3.10304	3.51345		0.275831	0.142855	0.000570147	0
995	3.17762	3.51345	0.02955		3.17762	3.51345	3.17762	3.45902		0.33095	0.207687	0.000698179	0
996	3.17762	3.51345	0.02955		3.17762	3.51345	3.17414	3.51345		0.313582	0.124533	0.00075428	0
997	3.17762	3.51345	0.02955		3.17762	3.51345	3.17762	3.61338		0.348378	0.262929	0.00276664	0
998	3.17762	3.51345	0.02955		3.17762	3.51345	3.10987	3.51345		0.389905	0.162682	0.000732559	0
999	3.17762	3.51345	0.02955		3.17762	3.51345	3.17762	3.46846		0.397749	0.280213	0.00154167	0
