0		10	1	0.348614	406	0	0	4.26515
0		10	1	0.348753	402	0	0	4.2652
0		10	1	0.348692	403	0	0	4.29292
0		10	1	0.349483	396	0	0	4.27663
0		10	1	0.348831	401	0	0	4.28771
0		10	1	0.348622	405	0	0	4.27197
0		10	1	0.348753	410	0	0	4.28327
0		10	1	0.350315	420	0	0	4.28786
0		10	1	0.35537	434	0	0	4.26969
0		10	1	0.353187	429	0	0	4.28841
0		10	1	0.350834	422	0	0	4.2826
0		10	1	0.350081	419	0	0	4.28626
0		10	1	0.350315	420	0	0	4.26909
0		10	1	0.351422	424	0	0	4.25768
0		10	1	0.35401	431	0	0	4.26682
0		10	1	0.35537	434	0	0	4.26463
0		10	1	0.356878	437	0	0	4.25996
0		10	1	0.35401	431	0	0	4.27435
0		10	1	0.356359	436	0	0	4.27482
0		10	1	0.357413	438	0	0	4.25955
0		10	1	0.35401	431	0	0	4.27865
0		10	1	0.349864	418	0	0	4.2751
0		10	1	0.349864	418	0	0	4.28263
0		10	1	0.349864	418	0	0	4.27795
0		10	1	0.349318	415	0	0	4.28841
0		10	1	0.34917	414	0	0	4.30363
0		10	1	0.349483	416	0	0	4.27777
0		10	1	0.348649	408	0	0	4.27621
0		10	1	0.348692	403	0	0	4.26944
0		10	1	0.349483	396	0	0	4.29611
0		10	1	0.349665	395	0	0	4.28741
0		10	1	0.350315	392	0	0	4.2864
0		10	1	0.348692	403	0	0	4.28683
0		10	1	0.348753	410	0	0	4.29254
0		10	1	0.349483	416	0	0	4.29283
0		10	1	0.349318	415	0	0	4.27362
0		10	1	0.348927	412	0	0	4.28303
0		10	1	0.348649	404	0	0	4.26318
0		10	1	0.348649	408	0	0	4.28138
0		10	1	0.348614	406	0	0	4.28549
0		10	1	0.348831	401	0	0	4.28943
0		10	1	0.350081	393	0	0	4.28812
0		10	1	0.351119	389	0	0	4.29027
0		10	1	0.3528	384	0	0	4.28416
0		10	1	0.3528	384	0	0	4.26826
0		10	1	0.351741	387	0	0	4.2735
0		10	1	0.351422	388	0	0	4.28831
0		10	1	0.35243	385	0	0	4.27788
0		10	1	0.35401	381	0	0	4.28418
0		10	1	0.353187	383	0	0	4.29525
0		10	1	0.351741	387	0	0	4.29527
0		10	1	0.350315	392	0	0	4.29183
0		10	1	0.350081	393	0	0	4.29785
0		10	1	0.351422	388	0	0	4.28506
0		10	1	0.35401	381	0	0	4.27199
0		10	1	0.35537	378	0	0	4.29018
0		10	1	0.3528	384	0	0	4.28009
0		10	1	0.35359	382	0	0	4.29004
0		10	1	0.351119	389	0	0	4.26498
0		10	1	0.351741	387	0	0	4.24805
0		10	1	0.351119	389	0	0	4.25132
0		10	1	0.350315	392	0	0	4.27215
0		10	1	0.350834	390	0	0	4.28169
0		10	1	0.352077	386	0	0	4.2605
0		10	1	0.354447	380	0	0	4.2816
0		10	1	0.352077	386	0	0	4.30228
0		10	1	0.350834	390	0	0	4.29274
0		10	1	0.350081	393	0	0	4.29181
0		10	1	0.349665	395	0	0	4.29383
0		10	1	0.349318	397	0	0	4.29817
0		10	1	0.348692	403	0	0	4.28518
0		10	1	0.349318	397	0	0	4.29004
0		10	1	0.350315	392	0	0	4.29186
0		10	1	0.350081	393	0	0	4.29824
0		10	1	0.351119	389	0	0	4.29961
0		10	1	0.350315	392	0	0	4.28989
0		10	1	0.351741	387	0	0	4.27641
0		10	1	0.351741	387	0	0	4.27549
0		10	1	0.35359	382	0	0	4.29388
0		10	1	0.351422	388	0	0	4.28986
0		10	1	0.350566	391	0	0	4.29831
0		10	1	0.35243	385	0	0	4.27246
0		10	1	0.351422	388	0	0	4.28045
0		10	1	0.35359	382	0	0	4.28506
0		10	1	0.35537	378	0	0	4.29369
0		10	1	0.35401	381	0	0	4.2894
0		10	1	0.35243	385	0	0	4.26098
0		10	1	0.353187	383	0	0	4.29639
0		10	1	0.356359	376	0	0	4.27709
0		10	1	0.356878	375	0	0	4.28677
0		10	1	0.36096	368	0	0	4.2688
0		10	1	0.360329	369	0	0	4.29495
0		10	1	0.361606	367	0	0	4.28148
0		10	1	0.365809	361	0	0	4.27669
0		10	1	0.36096	368	0	0	4.28973
0		10	1	0.362946	365	0	0	4.27738
0		10	1	0.360329	369	0	0	4.27326
0		10	1	0.362268	366	0	0	4.26526
0		10	1	0.375822	349	0	0	4.28038
0		10	1	0.37401	351	0	0	4.28776
0		10	1	0.380594	344	0	0	4.28987
0		10	1	0.3857	339	0	0	4.29179
0		10	1	0.382597	342	0	0	4.29784
0		10	1	0.372254	353	0	0	4.28314
0		10	1	0.373124	352	0	0	4.26316
0		10	1	0.373124	352	0	0	4.26967
0		10	1	0.367332	359	0	0	4.28243
0		10	1	0.368914	357	0	0	4.28105
0		10	1	0.369727	356	0	0	4.26965
0		10	1	0.370555	355	0	0	4.26303
0		10	1	0.374909	350	0	0	4.28138
0		10	1	0.38676	338	0	0	4.27808
0		10	1	0.391128	334	0	0	4.26795
0		10	1	0.393386	332	0	0	4.24575
0		10	1	0.396864	329	0	0	4.2899
0		10	1	0.405386	322	0	0	4.28496
0		10	1	0.404134	323	0	0	4.28597
0		10	1	0.407922	320	0	0	4.26508
0		10	1	0.413124	316	0	0	4.26417
0		10	1	0.415788	314	0	0	4.28709
0		10	1	0.402894	324	0	0	4.28728
0		10	1	0.402894	324	0	0	4.28371
0		10	1	0.404134	323	0	0	4.29922
0		10	1	0.405386	322	0	0	4.2936
0		10	1	0.402894	324	0	0	4.28422
0		10	1	0.405386	322	0	0	4.28297
0		10	1	0.409206	319	0	0	4.26187
0		10	1	0.410502	318	0	0	4.28624
0		10	1	0.410502	318	0	0	4.27441
0		10	1	0.413124	316	0	0	4.26876
0		10	1	0.414451	315	0	0	4.28853
0		10	1	0.411807	317	0	0	4.29307
0		10	1	0.409206	319	0	0	4.28541
0		10	1	0.398046	328	0	0	4.26147
0		10	1	0.399241	327	0	0	4.25278
0		10	1	0.398046	328	0	0	4.22209
0		10	1	0.392251	333	0	0	4.25276
0		10	1	0.387833	337	0	0	4.26256
0		10	1	0.390017	335	0	0	4.28386
0		10	1	0.395692	330	0	0	4.25548
0		10	1	0.394533	331	0	0	4.261
0		10	1	0.395692	330	0	0	4.28083
0		10	1	0.400447	326	0	0	4.28341
0		10	1	0.399241	327	0	0	4.28942
0		10	1	0.402894	324	0	0	4.27956
0		10	1	0.398046	328	0	0	4.27085
0		10	1	0.402894	324	0	0	4.26306
0		10	1	0.402894	324	0	0	4.27898
0		10	1	0.409206	319	0	0	4.27978
0		10	1	0.405386	322	0	0	4.30691
0		10	1	0.401665	325	0	0	4.29785
0		10	1	0.395692	330	0	0	4.29287
0		10	1	0.393386	332	0	0	4.29213
0		10	1	0.38676	338	0	0	4.28996
0		10	1	0.399241	327	0	0	4.28923
0		10	1	0.392251	333	0	0	4.2925
0		10	1	0.394533	331	0	0	4.28787
0		10	1	0.401665	325	0	0	4.30459
0		10	1	0.402894	324	0	0	4.29692
0		10	1	0.404134	323	0	0	4.28385
0		10	1	0.400447	326	0	0	4.2797
0		10	1	0.396864	329	0	0	4.29795
0		10	1	0.395692	330	0	0	4.29235
0		10	1	0.390017	335	0	0	4.30036
0		10	1	0.392251	333	0	0	4.29919
0		10	1	0.381589	343	0	0	4.2734
0		10	1	0.3857	339	0	0	4.26821
0		10	1	0.381589	343	0	0	4.26465
0		10	1	0.378644	346	0	0	4.24501
0		10	1	0.379612	345	0	0	4.24953
0		10	1	0.388919	336	0	0	4.25677
0		10	1	0.388919	336	0	0	4.25124
0		10	1	0.393386	332	0	0	4.25453
0		10	1	0.391128	334	0	0	4.25811
0		10	1	0.391128	334	0	0	4.27952
0		10	1	0.393386	332	0	0	4.29579
0		10	1	0.399241	327	0	0	4.28937
0		10	1	0.401665	325	0	0	4.27025
0		10	1	0.398046	328	0	0	4.2926
0		10	1	0.392251	333	0	0	4.28027
0		10	1	0.390017	335	0	0	4.27653
0		10	1	0.384653	340	0	0	4.28455
0		10	1	0.384653	340	0	0	4.27156
0		10	1	0.37769	347	0	0	4.26546
0		10	1	0.376749	348	0	0	4.29172
0		10	1	0.370555	355	0	0	4.30636
0		10	1	0.365809	361	0	0	4.29989
0		10	1	0.367332	359	0	0	4.29901
0		10	1	0.370555	355	0	0	4.29429
0		10	1	0.372254	353	0	0	4.29097
0		10	1	0.366563	360	0	0	4.2919
0		10	1	0.364347	363	0	0	4.28391
0		10	1	0.365809	361	0	0	4.29353
0		10	1	0.367332	359	0	0	4.29163
0		10	1	0.370555	355	0	0	4.2963
0		10	1	0.37769	347	0	0	4.29203
0		10	1	0.374909	350	0	0	4.27194
0		10	1	0.367332	359	0	0	4.28595
0		10	1	0.366563	360	0	0	4.27263
0		10	1	0.362268	366	0	0	4.25277
0		10	1	0.363639	364	0	0	4.27672
0		10	1	0.366563	360	0	0	4.28855
0		10	1	0.369727	356	0	0	4.28535
0		10	1	0.372254	353	0	0	4.2914
0		10	1	0.363639	364	0	0	4.29472
0		10	1	0.365809	361	0	0	4.27682
0		10	1	0.369727	356	0	0	4.28596
0		10	1	0.371397	354	0	0	4.28073
0		10	1	0.370555	355	0	0	4.26642
0		10	1	0.370555	355	0	0	4.25637
0		10	1	0.368116	358	0	0	4.27827
0		10	1	0.365809	361	0	0	4.26555
0		10	1	0.36096	368	0	0	4.29914
0		10	1	0.361606	367	0	0	4.28615
0		10	1	0.359714	370	0	0	4.29175
0		10	1	0.359714	370	0	0	4.29556
0		10	1	0.356878	375	0	0	4.30283
0		10	1	0.35537	378	0	0	4.29724
0		10	1	0.35359	382	0	0	4.28032
0		10	1	0.353187	383	0	0	4.29182
0		10	1	0.35359	382	0	0	4.2848
0		10	1	0.357413	374	0	0	4.28972
0		10	1	0.356878	375	0	0	4.28383
0		10	1	0.359714	370	0	0	4.29127
0		10	1	0.361606	367	0	0	4.30109
0		10	1	0.362946	365	0	0	4.2827
0		10	1	0.368914	357	0	0	4.28161
0		10	1	0.364347	363	0	0	4.28451
0		10	1	0.361606	367	0	0	4.28779
0		10	1	0.364347	363	0	0	4.27466
0		10	1	0.360329	369	0	0	4.24879
0		10	1	0.361606	367	0	0	4.27099
0		10	1	0.369727	356	0	0	4.29277
0		10	1	0.376749	348	0	0	4.29916
0		10	1	0.380594	344	0	0	4.28154
0		10	1	0.379612	345	0	0	4.28896
0		10	1	0.384653	340	0	0	4.27721
0		10	1	0.383618	341	0	0	4.25975
0		10	1	0.38676	338	0	0	4.27476
0		10	1	0.381589	343	0	0	4.28549
0		10	1	0.384653	340	0	0	4.29098
0		10	1	0.383618	341	0	0	4.2954
0		10	1	0.382597	342	0	0	4.25804
0		10	1	0.387833	337	0	0	4.28041
0		10	1	0.3857	339	0	0	4.29308
0		10	1	0.388919	336	0	0	4.28779
0		10	1	0.391128	334	0	0	4.30218
0		10	1	0.394533	331	0	0	4.29396
0		10	1	0.395692	330	0	0	4.29014
0		10	1	0.404134	323	0	0	4.29964
0		10	1	0.393386	332	0	0	4.30263
0		10	1	0.393386	332	0	0	4.29678
0		10	1	0.396864	329	0	0	4.26052
0		10	1	0.404134	323	0	0	4.2626
0		10	1	0.405386	322	0	0	4.25614
0		10	1	0.407922	320	0	0	4.25875
0		10	1	0.413124	316	0	0	4.2762
0		10	1	0.411807	317	0	0	4.24451
0		10	1	0.415788	314	0	0	4.24618
0		10	1	0.415788	314	0	0	4.24603
0		10	1	0.418493	312	0	0	4.24753
0		10	1	0.418493	312	0	0	4.26753
0		10	1	0.419861	311	0	0	4.2575
0		10	1	0.431153	303	0	0	4.26678
0		10	1	0.438512	298	0	0	4.27017
0		10	1	0.429708	304	0	0	4.29554
0		10	1	0.434069	301	0	0	4.29671
0		10	1	0.434069	301	0	0	4.29771
0		10	1	0.431153	303	0	0	4.28858
0		10	1	0.429708	304	0	0	4.29835
0		10	1	0.432606	302	0	0	4.27128
0		10	1	0.431153	303	0	0	4.27151
0		10	1	0.432606	302	0	0	4.27063
0		10	1	0.434069	301	0	0	4.25732
0		10	1	0.434069	301	0	0	4.26578
0		10	1	0.437022	299	0	0	4.24512
0		10	1	0.435541	300	0	0	4.27277
0		10	1	0.44609	293	0	0	4.28809
0		10	1	0.447631	292	0	0	4.25374
0		10	1	0.457046	286	0	0	4.24151
0		10	1	0.457046	286	0	0	4.24794
0		10	1	0.447631	292	0	0	4.26763
0		10	1	0.452303	289	0	0	4.2738
0		10	1	0.452303	289	0	0	4.262
0		10	1	0.447631	292	0	0	4.27729
0		10	1	0.44609	293	0	0	4.26225
0		10	1	0.450737	290	0	0	4.25251
0		10	1	0.450737	290	0	0	4.27653
0		10	1	0.450737	290	0	0	4.28055
0		10	1	0.457046	286	0	0	4.24187
0		10	1	0.455457	287	0	0	4.27505
0		10	1	0.463478	282	0	0	4.27268
0		10	1	0.473347	276	0	0	4.2831
0		10	1	0.465105	281	0	0	4.26462
0		10	1	0.470029	278	0	0	4.24335
0		10	1	0.471685	277	0	0	4.26907
0		10	1	0.471685	277	0	0	4.28527
0		10	1	0.466739	280	0	0	4.28014
0		10	1	0.468381	279	0	0	4.27036
0		10	1	0.463478	282	0	0	4.26674
0		10	1	0.471685	277	0	0	4.23043
0		10	1	0.473347	276	0	0	4.25362
0		10	1	0.468381	279	0	0	4.2961
0		10	1	0.483467	270	0	0	4.28818
0		10	1	0.49208	265	0	0	4.26565
0		10	1	0.493821	264	0	0	4.28345
0		10	1	0.495569	263	0	0	4.2511
0		10	1	0.497322	262	0	0	4.27841
0		10	1	0.506179	257	0	0	4.2751
0		10	1	0.526153	246	0	0	4.26442
0		10	1	0.520642	249	0	0	4.28091
0		10	1	0.524311	247	0	0	4.2708
0		10	1	0.526153	246	0	0	4.2796
0		10	1	0.522474	248	0	0	4.28282
0		10	1	0.509762	255	0	0	4.27135
0		10	1	0.504396	258	0	0	4.26512
0		10	1	0.504396	258	0	0	4.2826
0		10	1	0.493821	264	0	0	4.26636
0		10	1	0.499082	261	0	0	4.26067
0		10	1	0.493821	264	0	0	4.26969
0		10	1	0.488615	267	0	0	4.25955
0		10	1	0.490344	266	0	0	4.26222
0		10	1	0.499082	261	0	0	4.24998
0		10	1	0.500847	260	0	0	4.25115
0		10	1	0.506179	257	0	0	4.27147
0		10	1	0.499082	261	0	0	4.26425
0		10	1	0.490344	266	0	0	4.22576
0		10	1	0.497322	262	0	0	4.27167
0		10	1	0.495569	263	0	0	4.27143
0		10	1	0.495569	263	0	0	4.28958
0		10	1	0.495569	263	0	0	4.26729
0		10	1	0.493821	264	0	0	4.25293
0		10	1	0.495569	263	0	0	4.24978
0		10	1	0.49208	265	0	0	4.26193
0		10	1	0.507967	256	0	0	4.26992
0		10	1	0.509762	255	0	0	4.27059
0		10	1	0.509762	255	0	0	4.26976
0		10	1	0.507967	256	0	0	4.26414
0		10	1	0.504396	258	0	0	4.24694
0		10	1	0.497322	262	0	0	4.26455
0		10	1	0.499082	261	0	0	4.25696
0		10	1	0.500847	260	0	0	4.22791
0		10	1	0.495569	263	0	0	4.23346
0		10	1	0.499082	261	0	0	4.24269
0		10	1	0.500847	260	0	0	4.24879
0		10	1	0.502619	259	0	0	4.26408
0		10	1	0.490344	266	0	0	4.26763
0		10	1	0.495569	263	0	0	4.26635
0		10	1	0.513367	253	0	0	4.24542
0		10	1	0.520642	249	0	0	4.24692
0		10	1	0.520642	249	0	0	4.2476
0		10	1	0.522474	248	0	0	4.26969
0		10	1	0.520642	249	0	0	4.26724
0		10	1	0.520642	249	0	0	4.25807
0		10	1	0.518815	250	0	0	4.24262
0		10	1	0.513367	253	0	0	4.29011
0		10	1	0.518815	250	0	0	4.29162
0		10	1	0.511561	254	0	0	4.27766
0		10	1	0.509762	255	0	0	4.2855
0		10	1	0.522474	248	0	0	4.28216
0		10	1	0.520642	249	0	0	4.27252
0		10	1	0.509762	255	0	0	4.26062
0		10	1	0.513367	253	0	0	4.23488
0		10	1	0.515178	252	0	0	4.23052
0		10	1	0.520642	249	0	0	4.27761
0		10	1	0.53171	243	0	0	4.27855
0		10	1	0.548641	234	0	0	4.28214
0		10	1	0.54107	238	0	0	4.25979
0		10	1	0.539188	239	0	0	4.23071
0		10	1	0.544846	236	0	0	4.23685
0		10	1	0.546741	235	0	0	4.25137
0		10	1	0.550545	233	0	0	4.26368
0		10	1	0.550545	233	0	0	4.28203
0		10	1	0.560131	228	0	0	4.25203
0		10	1	0.562061	227	0	0	4.25542
0		10	1	0.562061	227	0	0	4.26768
0		10	1	0.556284	230	0	0	4.26445
0		10	1	0.562061	227	0	0	4.2923
0		10	1	0.560131	228	0	0	4.2917
0		10	1	0.558205	229	0	0	4.25392
0		10	1	0.560131	228	0	0	4.26641
0		10	1	0.556284	230	0	0	4.27953
0		10	1	0.563995	226	0	0	4.27739
0		10	1	0.556284	230	0	0	4.27881
0		10	1	0.556284	230	0	0	4.28209
0		10	1	0.556284	230	0	0	4.29
0		10	1	0.571772	222	0	0	4.27854
0		10	1	0.571772	222	0	0	4.29011
0		10	1	0.577647	219	0	0	4.23318
0		10	1	0.569822	223	0	0	4.24655
0		10	1	0.563995	226	0	0	4.23659
0		10	1	0.569822	223	0	0	4.2373
0		10	1	0.583556	216	0	0	4.23964
0		10	1	0.575685	220	0	0	4.26821
0		10	1	0.583556	216	0	0	4.24176
0		10	1	0.593477	211	0	0	4.25292
0		10	1	0.587513	214	0	0	4.28172
0		10	1	0.583556	216	0	0	4.26147
0		10	1	0.585533	215	0	0	4.25395
0		10	1	0.583556	216	0	0	4.24704
0		10	1	0.575685	220	0	0	4.26526
0		10	1	0.577647	219	0	0	4.23938
0		10	1	0.581582	217	0	0	4.22825
0		10	1	0.575685	220	0	0	4.27771
0		10	1	0.575685	220	0	0	4.26824
0		10	1	0.583556	216	0	0	4.25978
0		10	1	0.579613	218	0	0	4.25496
0		10	1	0.581582	217	0	0	4.25025
0		10	1	0.569822	223	0	0	4.20174
0		10	1	0.563995	226	0	0	4.22139
0		10	1	0.573727	221	0	0	4.21491
0		10	1	0.577647	219	0	0	4.25174
0		10	1	0.591486	212	0	0	4.26998
0		10	1	0.593477	211	0	0	4.25296
0		10	1	0.583556	216	0	0	4.22095
0		10	1	0.571772	222	0	0	4.24946
0		10	1	0.573727	221	0	0	4.27761
0		10	1	0.565933	225	0	0	4.26709
0		10	1	0.565933	225	0	0	4.25498
0		10	1	0.569822	223	0	0	4.24942
0		10	1	0.571772	222	0	0	4.24186
0		10	1	0.573727	221	0	0	4.27887
0		10	1	0.560131	228	0	0	4.26654
0		10	1	0.567876	224	0	0	4.26469
0		10	1	0.575685	220	0	0	4.25343
0		10	1	0.563995	226	0	0	4.24097
0		10	1	0.556284	230	0	0	4.23654
0		10	1	0.554367	231	0	0	4.23092
0		10	1	0.53544	241	0	0	4.27359
0		10	1	0.539188	239	0	0	4.27152
0		10	1	0.537312	240	0	0	4.2397
0		10	1	0.544846	236	0	0	4.2383
0		10	1	0.558205	229	0	0	4.23092
0		10	1	0.562061	227	0	0	4.27762
0		10	1	0.567876	224	0	0	4.25661
0		10	1	0.567876	224	0	0	4.27519
0		10	1	0.558205	229	0	0	4.28112
0		10	1	0.554367	231	0	0	4.28188
0		10	1	0.554367	231	0	0	4.25239
0		10	1	0.556284	230	0	0	4.25604
0		10	1	0.560131	228	0	0	4.24716
0		10	1	0.562061	227	0	0	4.28415
0		10	1	0.556284	230	0	0	4.27838
0		10	1	0.552454	232	0	0	4.25128
0		10	1	0.546741	235	0	0	4.24941
0		10	1	0.552454	232	0	0	4.25979
0		10	1	0.552454	232	0	0	4.27537
0		10	1	0.542956	237	0	0	4.25025
0		10	1	0.54107	238	0	0	4.25934
0		10	1	0.529853	244	0	0	4.2085
0		10	1	0.529853	244	0	0	4.25646
0		10	1	0.544846	236	0	0	4.23649
0		10	1	0.533573	242	0	0	4.23163
0		10	1	0.513367	253	0	0	4.26248
0		10	1	0.522474	248	0	0	4.27225
0		10	1	0.526153	246	0	0	4.24889
0		10	1	0.524311	247	0	0	4.27128
0		10	1	0.522474	248	0	0	4.29436
0		10	1	0.524311	247	0	0	4.27904
0		10	1	0.53544	241	0	0	4.26977
0		10	1	0.539188	239	0	0	4.27068
0		10	1	0.537312	240	0	0	4.29571
0		10	1	0.554367	231	0	0	4.2751
0		10	1	0.562061	227	0	0	4.25547
0		10	1	0.558205	229	0	0	4.23847
0		10	1	0.565933	225	0	0	4.26453
0		10	1	0.585533	215	0	0	4.24291
0		10	1	0.579613	218	0	0	4.2415
0		10	1	0.583556	216	0	0	4.22775
0		10	1	0.575685	220	0	0	4.26512
0		10	1	0.573727	221	0	0	4.2831
0		10	1	0.565933	225	0	0	4.24534
0		10	1	0.569822	223	0	0	4.22548
0		10	1	0.556284	230	0	0	4.24999
0		10	1	0.556284	230	0	0	4.2777
0		10	1	0.562061	227	0	0	4.26843
0		10	1	0.552454	232	0	0	4.26057
0		10	1	0.552454	232	0	0	4.23897
0		10	1	0.552454	232	0	0	4.26591
0		10	1	0.548641	234	0	0	4.27329
0		10	1	0.544846	236	0	0	4.26732
0		10	1	0.539188	239	0	0	4.29445
0		10	1	0.53171	243	0	0	4.29038
0		10	1	0.54107	238	0	0	4.29648
0		10	1	0.544846	236	0	0	4.28452
0		10	1	0.537312	240	0	0	4.27476
0		10	1	0.537312	240	0	0	4.27853
0		10	1	0.53171	243	0	0	4.29044
0		10	1	0.526153	246	0	0	4.27591
0		10	1	0.526153	246	0	0	4.24205
0		10	1	0.522474	248	0	0	4.27183
0		10	1	0.537312	240	0	0	4.27845
0		10	1	0.542956	237	0	0	4.25747
0		10	1	0.537312	240	0	0	4.2859
0		10	1	0.539188	239	0	0	4.30068
0		10	1	0.533573	242	0	0	4.28678
0		10	1	0.53544	241	0	0	4.26375
0		10	1	0.537312	240	0	0	4.2899
0		10	1	0.533573	242	0	0	4.2792
0		10	1	0.544846	236	0	0	4.24394
0		10	1	0.539188	239	0	0	4.26101
0		10	1	0.539188	239	0	0	4.27049
0		10	1	0.533573	242	0	0	4.24206
0		10	1	0.520556	248	1	0	4.26317
0		10	1	0.520642	249	0	0	4.27019
0		10	1	0.528001	245	0	0	4.27366
0		10	1	0.53171	243	0	0	4.27735
0		10	1	0.526153	246	0	0	4.26553
0		10	1	0.53544	241	0	0	4.23657
0		10	1	0.53171	243	0	0	4.26479
0		10	1	0.546741	235	0	0	4.29172
0		10	1	0.546741	235	0	0	4.26026
0		10	1	0.537312	240	0	0	4.26502
0		10	1	0.539188	239	0	0	4.23714
0		10	1	0.560131	228	0	0	4.25156
0		10	1	0.550545	233	0	0	4.24913
0		10	1	0.539188	239	0	0	4.26422
0		10	1	0.53544	241	0	0	4.26822
0		10	1	0.539188	239	0	0	4.25754
0		10	1	0.54107	238	0	0	4.26364
0		10	1	0.544846	236	0	0	4.25339
0		10	1	0.554367	231	0	0	4.24022
0		10	1	0.563995	226	0	0	4.23466
0		10	1	0.563995	226	0	0	4.2337
0		10	1	0.552454	232	0	0	4.23633
0		10	1	0.552454	232	0	0	4.28485
0		10	1	0.562061	227	0	0	4.26925
0		10	1	0.563995	226	0	0	4.28653
0		10	1	0.569822	223	0	0	4.26546
0		10	1	0.571772	222	0	0	4.27827
0		10	1	0.581582	217	0	0	4.25465
0		10	1	0.571772	222	0	0	4.2574
0		10	1	0.563995	226	0	0	4.25612
0		10	1	0.554367	231	0	0	4.26593
0		10	1	0.544846	236	0	0	4.23951
0		10	1	0.548641	234	0	0	4.25278
0		10	1	0.548641	234	0	0	4.27909
0		10	1	0.554367	231	0	0	4.25238
0		10	1	0.560131	228	0	0	4.24692
0		10	1	0.562061	227	0	0	4.24726
0		10	1	0.558205	229	0	0	4.22973
0		10	1	0.556284	230	0	0	4.266
0		10	1	0.550545	233	0	0	4.24439
0		10	1	0.558205	229	0	0	4.24474
0		10	1	0.554367	231	0	0	4.24943
0		10	1	0.558205	229	0	0	4.25745
0		10	1	0.556284	230	0	0	4.26684
0		10	1	0.54107	238	0	0	4.28536
0		10	1	0.546741	235	0	0	4.28705
0		10	1	0.556284	230	0	0	4.2443
0		10	1	0.563995	226	0	0	4.25209
0		10	1	0.565933	225	0	0	4.24886
0		10	1	0.563995	226	0	0	4.25092
0		10	1	0.577647	219	0	0	4.27136
0		10	1	0.583556	216	0	0	4.26423
0		10	1	0.593477	211	0	0	4.25401
0		10	1	0.601479	207	0	0	4.254
0		10	1	0.601479	207	0	0	4.27721
0		10	1	0.593477	211	0	0	4.2712
0		10	1	0.599473	208	0	0	4.27863
0		10	1	0.599473	208	0	0	4.26002
0		10	1	0.607515	204	0	0	4.23889
0		10	1	0.613581	201	0	0	4.26121
0		10	1	0.607515	204	0	0	4.25102
0		10	1	0.609534	203	0	0	4.27862
0		10	1	0.611556	202	0	0	4.25548
0		10	1	0.609534	203	0	0	4.24277
0		10	1	0.609534	203	0	0	4.23658
0		10	1	0.595472	210	0	0	4.25808
0		10	1	0.591486	212	0	0	4.24774
0		10	1	0.599473	208	0	0	4.25366
0		10	1	0.597471	209	0	0	4.25059
0		10	1	0.591486	212	0	0	4.28489
0		10	1	0.593477	211	0	0	4.28367
0		10	1	0.593477	211	0	0	4.24688
0		10	1	0.593477	211	0	0	4.28055
0		10	1	0.603487	206	0	0	4.25775
0		10	1	0.595472	210	0	0	4.23512
0		10	1	0.591486	212	0	0	4.22109
0		10	1	0.591486	212	0	0	4.22979
0		10	1	0.593477	211	0	0	4.25071
0		10	1	0.583556	216	0	0	4.25051
0		10	1	0.575685	220	0	0	4.27707
0		10	1	0.560131	228	0	0	4.19161
0		10	1	0.556284	230	0	0	4.24615
0		10	1	0.556284	230	0	0	4.25742
0		10	1	0.554367	231	0	0	4.27716
0		10	1	0.560131	228	0	0	4.25685
0		10	1	0.560131	228	0	0	4.27601
0		10	1	0.562061	227	0	0	4.26007
0		10	1	0.556284	230	0	0	4.25011
0		10	1	0.563995	226	0	0	4.25585
0		10	1	0.567876	224	0	0	4.25422
0		10	1	0.567876	224	0	0	4.23761
0		10	1	0.569822	223	0	0	4.2546
0		10	1	0.569822	223	0	0	4.24463
0		10	1	0.575685	220	0	0	4.25541
0		10	1	0.585533	215	0	0	4.28318
0		10	1	0.587513	214	0	0	4.27904
0		10	1	0.589498	213	0	0	4.27971
0		10	1	0.591486	212	0	0	4.25819
0		10	1	0.599473	208	0	0	4.24314
0		10	1	0.603487	206	0	0	4.27186
0		10	1	0.613581	201	0	0	4.24765
0		10	1	0.617641	199	0	0	4.25283
0		10	1	0.617641	199	0	0	4.25595
0		10	1	0.619676	198	0	0	4.24765
0		10	1	0.619676	198	0	0	4.21728
0		10	1	0.607515	204	0	0	4.24411
0		10	1	0.607515	204	0	0	4.26647
0		10	1	0.599473	208	0	0	4.27242
0		10	1	0.603487	206	0	0	4.28387
0		10	1	0.601479	207	0	0	4.26028
0		10	1	0.591486	212	0	0	4.27423
0		10	1	0.589498	213	0	0	4.25617
0		10	1	0.597471	209	0	0	4.20911
0		10	1	0.6055	205	0	0	4.24178
0		10	1	0.599473	208	0	0	4.2618
0		10	1	0.6055	205	0	0	4.25785
0		10	1	0.599473	208	0	0	4.23416
0		10	1	0.6055	205	0	0	4.1914
0		10	1	0.611556	202	0	0	4.19437
0		10	1	0.61561	200	0	0	4.23631
0		10	1	0.617641	199	0	0	4.23116
0		10	1	0.623755	196	0	0	4.25042
0		10	1	0.621714	197	0	0	4.25685
0		10	1	0.61561	200	0	0	4.25184
0		10	1	0.613581	201	0	0	4.26003
0		10	1	0.619676	198	0	0	4.21986
0		10	1	0.613581	201	0	0	4.25403
0		10	1	0.607515	204	0	0	4.25136
0		10	1	0.599473	208	0	0	4.25026
0		10	1	0.603487	206	0	0	4.21887
0		10	1	0.597471	209	0	0	4.22037
0		10	1	0.589498	213	0	0	4.26829
0		10	1	0.589498	213	0	0	4.29575
0		10	1	0.587513	214	0	0	4.261
0		10	1	0.589498	213	0	0	4.24401
0		10	1	0.579613	218	0	0	4.2808
0		10	1	0.595472	210	0	0	4.24777
0		10	1	0.597471	209	0	0	4.24234
0		10	1	0.601479	207	0	0	4.2467
0		10	1	0.595472	210	0	0	4.30273
0		10	1	0.599473	208	0	0	4.27434
0		10	1	0.595472	210	0	0	4.22835
0		10	1	0.599473	208	0	0	4.24904
0		10	1	0.607515	204	0	0	4.25807
0		10	1	0.6055	205	0	0	4.24942
0		10	1	0.601479	207	0	0	4.2539
0		10	1	0.597471	209	0	0	4.28222
0		10	1	0.599473	208	0	0	4.26154
0		10	1	0.607515	204	0	0	4.24039
0		10	1	0.6055	205	0	0	4.28341
0		10	1	0.601479	207	0	0	4.29212
0		10	1	0.595472	210	0	0	4.2841
0		10	1	0.593477	211	0	0	4.28476
0		10	1	0.601479	207	0	0	4.27013
0		10	1	0.589498	213	0	0	4.27643
0		10	1	0.591486	212	0	0	4.25463
0		10	1	0.587513	214	0	0	4.23657
0		10	1	0.601479	207	0	0	4.22715
0		10	1	0.599473	208	0	0	4.22811
0		10	1	0.593477	211	0	0	4.19738
0		10	1	0.597471	209	0	0	4.23317
0		10	1	0.599473	208	0	0	4.24845
0		10	1	0.587513	214	0	0	4.28814
0		10	1	0.595472	210	0	0	4.28009
0		10	1	0.597471	209	0	0	4.27099
0		10	1	0.603487	206	0	0	4.2774
0		10	1	0.611556	202	0	0	4.25035
0		10	1	0.623755	196	0	0	4.27346
0		10	1	0.634005	191	0	0	4.26919
0		10	1	0.638125	189	0	0	4.25663
0		10	1	0.648475	184	0	0	4.29374
0		10	1	0.648475	184	0	0	4.25674
0		10	1	0.654717	181	0	0	4.246
0		10	1	0.652634	182	0	0	4.19702
0		10	1	0.654717	181	0	0	4.23613
0		10	1	0.652634	182	0	0	4.25108
0		10	1	0.656804	180	0	0	4.25995
0		10	1	0.648475	184	0	0	4.21652
0		10	1	0.658892	179	0	0	4.23897
0		10	1	0.652634	182	0	0	4.25671
0		10	1	0.654717	181	0	0	4.27321
0		10	1	0.660984	178	0	0	4.25654
0		10	1	0.656804	180	0	0	4.25173
0		10	1	0.656804	180	0	0	4.27029
0		10	1	0.650553	183	0	0	4.23427
0		10	1	0.648475	184	0	0	4.23873
0		10	1	0.648475	184	0	0	4.24527
0		10	1	0.654717	181	0	0	4.22511
0		10	1	0.654717	181	0	0	4.22862
0		10	1	0.652634	182	0	0	4.1848
0		10	1	0.656804	180	0	0	4.22658
0		10	1	0.656804	180	0	0	4.20047
0		10	1	0.663078	177	0	0	4.23565
0		10	1	0.663078	177	0	0	4.2469
0		10	1	0.660984	178	0	0	4.21783
0		10	1	0.658892	179	0	0	4.22092
0		10	1	0.654717	181	0	0	4.21691
0		10	1	0.660984	178	0	0	4.24167
0		10	1	0.663078	177	0	0	4.25183
0		10	1	0.658892	179	0	0	4.24865
0		10	1	0.654717	181	0	0	4.26644
0		10	1	0.656804	180	0	0	4.27478
0		10	1	0.652634	182	0	0	4.27641
0		10	1	0.648475	184	0	0	4.29135
0		10	1	0.640189	188	0	0	4.28081
0		10	1	0.652634	182	0	0	4.23242
0		10	1	0.656804	180	0	0	4.23679
0		10	1	0.650553	183	0	0	4.26124
0		10	1	0.642257	187	0	0	4.27232
0		10	1	0.648475	184	0	0	4.26066
0		10	1	0.652634	182	0	0	4.23875
0		10	1	0.644327	186	0	0	4.23514
0		10	1	0.648475	184	0	0	4.17811
0		10	1	0.640189	188	0	0	4.19634
0		10	1	0.646399	185	0	0	4.225
0		10	1	0.634005	191	0	0	4.24388
0		10	1	0.627846	194	0	0	4.25901
0		10	1	0.634005	191	0	0	4.25107
0		10	1	0.627846	194	0	0	4.24174
0		10	1	0.627846	194	0	0	4.24451
0		10	1	0.644327	186	0	0	4.23748
0		10	1	0.636063	190	0	0	4.2375
0		10	1	0.638125	189	0	0	4.21949
0		10	1	0.640189	188	0	0	4.25908
0		10	1	0.638125	189	0	0	4.2478
0		10	1	0.634005	191	0	0	4.22389
0		10	1	0.627846	194	0	0	4.24728
0		10	1	0.627846	194	0	0	4.21007
0		10	1	0.631949	192	0	0	4.25826
0		10	1	0.631949	192	0	0	4.2588
0		10	1	0.634005	191	0	0	4.25566
0		10	1	0.638125	189	0	0	4.21828
0		10	1	0.656804	180	0	0	4.21868
0		10	1	0.654717	181	0	0	4.22981
0		10	1	0.656804	180	0	0	4.2789
0		10	1	0.656804	180	0	0	4.26812
0		10	1	0.652634	182	0	0	4.25744
0		10	1	0.644327	186	0	0	4.26064
0		10	1	0.640189	188	0	0	4.25523
0		10	1	0.642257	187	0	0	4.25778
0		10	1	0.636063	190	0	0	4.26996
0		10	1	0.629896	193	0	0	4.22732
0		10	1	0.619676	198	0	0	4.252
0		10	1	0.631949	192	0	0	4.2839
0		10	1	0.631949	192	0	0	4.23884
0		10	1	0.629896	193	0	0	4.2144
0		10	1	0.640189	188	0	0	4.24495
0		10	1	0.634005	191	0	0	4.2311
0		10	1	0.625799	195	0	0	4.27052
0		10	1	0.642257	187	0	0	4.27295
0		10	1	0.636063	190	0	0	4.25838
0		10	1	0.629896	193	0	0	4.26715
0		10	1	0.627846	194	0	0	4.26377
0		10	1	0.631949	192	0	0	4.25658
0		10	1	0.625799	195	0	0	4.23356
0		10	1	0.617641	199	0	0	4.25724
0		10	1	0.623755	196	0	0	4.27375
0		10	1	0.61561	200	0	0	4.28854
0		10	1	0.627846	194	0	0	4.28683
0		10	1	0.625799	195	0	0	4.27368
0		10	1	0.621714	197	0	0	4.26393
0		10	1	0.619676	198	0	0	4.28073
0		10	1	0.61561	200	0	0	4.22468
0		10	1	0.623755	196	0	0	4.24975
0		10	1	0.625799	195	0	0	4.26896
0		10	1	0.625799	195	0	0	4.25855
0		10	1	0.636063	190	0	0	4.26646
0		10	1	0.629896	193	0	0	4.23196
0		10	1	0.631949	192	0	0	4.25028
0		10	1	0.638125	189	0	0	4.24571
0		10	1	0.640189	188	0	0	4.23583
0		10	1	0.642257	187	0	0	4.2303
0		10	1	0.638125	189	0	0	4.21599
0		10	1	0.648475	184	0	0	4.29303
0		10	1	0.638125	189	0	0	4.29824
0		10	1	0.636063	190	0	0	4.24338
0		10	1	0.625799	195	0	0	4.25248
0		10	1	0.629896	193	0	0	4.24349
0		10	1	0.623755	196	0	0	4.20971
0		10	1	0.627846	194	0	0	4.24673
0		10	1	0.621714	197	0	0	4.2613
0		10	1	0.623755	196	0	0	4.26962
0		10	1	0.636063	190	0	0	4.2469
0		10	1	0.621714	197	0	0	4.22123
0		10	1	0.621714	197	0	0	4.22838
0		10	1	0.613581	201	0	0	4.27795
0		10	1	0.609534	203	0	0	4.27467
0		10	1	0.623755	196	0	0	4.23997
0		10	1	0.629896	193	0	0	4.23606
0		10	1	0.61561	200	0	0	4.26067
0		10	1	0.609534	203	0	0	4.27915
0		10	1	0.609534	203	0	0	4.24828
0		10	1	0.607515	204	0	0	4.20893
0		10	1	0.603487	206	0	0	4.27227
0		10	1	0.603487	206	0	0	4.22764
0		10	1	0.6055	205	0	0	4.22013
0		10	1	0.607515	204	0	0	4.25481
0		10	1	0.607515	204	0	0	4.27097
0		10	1	0.611556	202	0	0	4.28862
0		10	1	0.611556	202	0	0	4.23013
0		10	1	0.603487	206	0	0	4.20805
0		10	1	0.609534	203	0	0	4.19723
0		10	1	0.607515	204	0	0	4.25316
0		10	1	0.609534	203	0	0	4.22746
0		10	1	0.61561	200	0	0	4.23581
0		10	1	0.597471	209	0	0	4.2257
0		10	1	0.597471	209	0	0	4.27268
0		10	1	0.601479	207	0	0	4.21556
0		10	1	0.503863	218	1	0.64	4.11138
0		10	1	0.453316	224	1	1.71	4.16587
0		10	1	0.571772	222	0	0	4.18946
0		10	1	0.565933	225	0	0	4.28431
0		10	1	0.569822	223	0	0	4.29092
0		10	1	0.556284	230	0	0	4.28245
0		10	1	0.558205	229	0	0	4.26336
0		10	1	0.552454	232	0	0	4.26491
0		10	1	0.544846	236	0	0	4.23749
0		10	1	0.53544	241	0	0	4.23312
0		10	1	0.537312	240	0	0	4.23226
0		10	1	0.539188	239	0	0	4.23512
0		10	1	0.537312	240	0	0	4.24347
0		10	1	0.53171	243	0	0	4.26861
0		10	1	0.537312	240	0	0	4.26689
0		10	1	0.539188	239	0	0	4.24911
0		10	1	0.542956	237	0	0	4.26087
0		10	1	0.542956	237	0	0	4.2516
0		10	1	0.552454	232	0	0	4.27105
0		10	1	0.546741	235	0	0	4.27008
0		10	1	0.542956	237	0	0	4.26505
0		10	1	0.548641	234	0	0	4.23743
0		10	1	0.548641	234	0	0	4.25382
0		10	1	0.556284	230	0	0	4.26577
0		10	1	0.560131	228	0	0	4.24244
0		10	1	0.563995	226	0	0	4.23316
0		10	1	0.563995	226	0	0	4.23739
0		10	1	0.567876	224	0	0	4.24813
0		10	1	0.575685	220	0	0	4.28149
0		10	1	0.579613	218	0	0	4.25497
0		10	1	0.583556	216	0	0	4.24023
0		10	1	0.581582	217	0	0	4.23648
0		10	1	0.579613	218	0	0	4.24772
0		10	1	0.581582	217	0	0	4.29027
0		10	1	0.573727	221	0	0	4.26226
0		10	1	0.581582	217	0	0	4.26314
0		10	1	0.579613	218	0	0	4.27564
0		10	1	0.579613	218	0	0	4.23244
0		10	1	0.589498	213	0	0	4.25349
0		10	1	0.589498	213	0	0	4.23534
0		10	1	0.595472	210	0	0	4.2685
0		10	1	0.597471	209	0	0	4.25932
0		10	1	0.595472	210	0	0	4.25496
0		10	1	0.589498	213	0	0	4.28147
0		10	1	0.593477	211	0	0	4.25958
0		10	1	0.585533	215	0	0	4.24712
0		10	1	0.595472	210	0	0	4.23965
0		10	1	0.583556	216	0	0	4.28393
0		10	1	0.585533	215	0	0	4.26131
0		10	1	0.579613	218	0	0	4.24773
0		10	1	0.577647	219	0	0	4.2536
0		10	1	0.583556	216	0	0	4.24286
0		10	1	0.577647	219	0	0	4.23639
0		10	1	0.569822	223	0	0	4.22394
0		10	1	0.567876	224	0	0	4.21315
0		10	1	0.560131	228	0	0	4.21644
0		10	1	0.562061	227	0	0	4.22367
0		10	1	0.560131	228	0	0	4.25957
0		10	1	0.560131	228	0	0	4.24817
0		10	1	0.562061	227	0	0	4.22828
0		10	1	0.556284	230	0	0	4.23759
0		10	1	0.54107	238	0	0	4.28371
0		10	1	0.529853	244	0	0	4.26216
0		10	1	0.53544	241	0	0	4.22363
0		10	1	0.533573	242	0	0	4.21776
0		10	1	0.542956	237	0	0	4.27748
0		10	1	0.552454	232	0	0	4.27263
0		10	1	0.542956	237	0	0	4.28891
0		10	1	0.548641	234	0	0	4.2601
0		10	1	0.552454	232	0	0	4.24337
0		10	1	0.556284	230	0	0	4.23657
0		10	1	0.544846	236	0	0	4.23201
0		10	1	0.544846	236	0	0	4.25004
0		10	1	0.548641	234	0	0	4.25874
0		10	1	0.54107	238	0	0	4.27318
0		10	1	0.533573	242	0	0	4.24976
0		10	1	0.526153	246	0	0	4.24003
0		10	1	0.524311	247	0	0	4.25765
0		10	1	0.528001	245	0	0	4.2403
0		10	1	0.522474	248	0	0	4.21679
0		10	1	0.53544	241	0	0	4.19529
0		10	1	0.526153	246	0	0	4.24816
0		10	1	0.529853	244	0	0	4.24278
0		10	1	0.529853	244	0	0	4.25777
0		10	1	0.533573	242	0	0	4.26084
0		10	1	0.533573	242	0	0	4.26462
0		10	1	0.542956	237	0	0	4.25429
0		10	1	0.546741	235	0	0	4.26753
0		10	1	0.53544	241	0	0	4.27082
0		10	1	0.533573	242	0	0	4.28167
0		10	1	0.53544	241	0	0	4.28117
0		10	1	0.53171	243	0	0	4.25828
0		10	1	0.544846	236	0	0	4.25847
0		10	1	0.542956	237	0	0	4.25704
0		10	1	0.539188	239	0	0	4.24153
0		10	1	0.544846	236	0	0	4.25568
0		10	1	0.542956	237	0	0	4.24447
0		10	1	0.542956	237	0	0	4.27569
0		10	1	0.53544	241	0	0	4.28625
0		10	1	0.53544	241	0	0	4.27088
0		10	1	0.533573	242	0	0	4.2642
0		10	1	0.537312	240	0	0	4.26807
0		10	1	0.556284	230	0	0	4.21273
0		10	1	0.539188	239	0	0	4.24657
0		10	1	0.518815	250	0	0	4.24913
0		10	1	0.511561	254	0	0	4.28502
0		10	1	0.509762	255	0	0	4.28858
0		10	1	0.513367	253	0	0	4.26389
0		10	1	0.504396	258	0	0	4.255
0		10	1	0.511561	254	0	0	4.25156
0		10	1	0.506179	257	0	0	4.27909
0		10	1	0.515178	252	0	0	4.28704
0		10	1	0.502619	259	0	0	4.27757
0		10	1	0.500847	260	0	0	4.28628
0		10	1	0.504396	258	0	0	4.284
0		10	1	0.499082	261	0	0	4.28443
0		10	1	0.506179	257	0	0	4.29641
0		10	1	0.500847	260	0	0	4.27973
0		10	1	0.506179	257	0	0	4.28546
0		10	1	0.507967	256	0	0	4.27085
0		10	1	0.515178	252	0	0	4.23625
0		10	1	0.513367	253	0	0	4.23895
0		10	1	0.506179	257	0	0	4.25696
0		10	1	0.507967	256	0	0	4.26559
0		10	1	0.504396	258	0	0	4.27582
0		10	1	0.506179	257	0	0	4.27926
0		10	1	0.507967	256	0	0	4.30467
0		10	1	0.504396	258	0	0	4.28486
0		10	1	0.507967	256	0	0	4.27915
0		10	1	0.506179	257	0	0	4.27431
0		10	1	0.511561	254	0	0	4.27389
0		10	1	0.522474	248	0	0	4.26945
0		10	1	0.529853	244	0	0	4.27838
0		10	1	0.53544	241	0	0	4.26725
0		10	1	0.53544	241	0	0	4.25265
0		10	1	0.53171	243	0	0	4.29181
0		10	1	0.542956	237	0	0	4.28455
0		10	1	0.544846	236	0	0	4.27407
0		10	1	0.537312	240	0	0	4.22142
0		10	1	0.53171	243	0	0	4.25856
0		10	1	0.526153	246	0	0	4.2925
0		10	1	0.539188	239	0	0	4.29103
0		10	1	0.544846	236	0	0	4.27355
0		10	1	0.542956	237	0	0	4.27686
0		10	1	0.550545	233	0	0	4.26807
0		10	1	0.558205	229	0	0	4.26604
0		10	1	0.562061	227	0	0	4.28902
0		10	1	0.560131	228	0	0	4.2835
0		10	1	0.563995	226	0	0	4.27792
0		10	1	0.554367	231	0	0	4.26667
0		10	1	0.556284	230	0	0	4.28483
0		10	1	0.544846	236	0	0	4.27982
0		10	1	0.544846	236	0	0	4.2496
0		10	1	0.546741	235	0	0	4.27501
0		10	1	0.550545	233	0	0	4.27309
0		10	1	0.53544	241	0	0	4.25951
0		10	1	0.529853	244	0	0	4.27234
0		10	1	0.516994	251	0	0	4.27885
0		10	1	0.502619	259	0	0	4.26324
0		10	1	0.495569	263	0	0	4.26857
0		10	1	0.490344	266	0	0	4.24456
0		10	1	0.486893	268	0	0	4.27108
0		10	1	0.483467	270	0	0	4.26865
0		10	1	0.488615	267	0	0	4.28422
0		10	1	0.485177	269	0	0	4.28836
0		10	1	0.46956	277	1	0	4.2773
0		10	1	0.473347	276	0	0	4.28748
0		10	1	0.466739	280	0	0	4.27016
0		10	1	0.471685	277	0	0	4.27875
0		10	1	0.471685	277	0	0	4.25421
0		10	1	0.475017	275	0	0	4.26938
0		10	1	0.485177	269	0	0	4.25383
0		10	1	0.480067	272	0	0	4.26429
0		10	1	0.480067	272	0	0	4.29372
0		10	1	0.481763	271	0	0	4.30632
0		10	1	0.486893	268	0	0	4.30236
0		10	1	0.478377	273	0	0	4.29367
0		10	1	0.480067	272	0	0	4.27826
0		10	1	0.478377	273	0	0	4.28449
0		10	1	0.476693	274	0	0	4.25485
0		10	1	0.471685	277	0	0	4.26276
0		10	1	0.473347	276	0	0	4.25475
0		10	1	0.470029	278	0	0	4.25849
0		10	1	0.478377	273	0	0	4.27413
0		10	1	0.463478	282	0	0	4.24731
0		10	1	0.468381	279	0	0	4.27889
0		10	1	0.473347	276	0	0	4.27012
0		10	1	0.466739	280	0	0	4.27067
0		10	1	0.465105	281	0	0	4.27858
