0		0.5	1	0.260455	406	1	0.37	4.24988
0		0.5	1	0.348831	401	0	0	4.25893
0		0.5	1	0.345768	404	1	0	4.23908
0		0.5	1	0.35401	381	0	0	4.24618
0		0.5	1	0.351422	388	0	0	4.23701
0		0.5	1	0.354447	380	0	0	4.24088
0		0.5	1	0.349864	394	0	0	4.25525
0		0.5	1	0.174	386	1	0.78	4.25663
0		0.5	1	0.154519	378	2	2.065	4.25392
0		0.5	1	0.360329	369	0	0	4.26842
0		0.5	1	0.290498	396	2	0.235	4.23163
0		0.5	1	0.254269	414	2	0.39	4.18447
0		0.5	1	0.192193	408	2	0.655	4.1981
0		0.5	1	0.131825	412	2	0.92	4.20186
0		0.5	1	0.186134	416	3	0.683333	4.21167
0		0.5	1	0.0434794	414	3	1.64333	4.21168
0		0.5	1	0.0550389	396	1	1.6	4.22312
0		0.5	1	0.0483994	404	2	1.665	4.24824
0		0.5	1	0.0314338	413	2	1.55	4.22471
0		0.5	1	0.102717	418	4	1.0625	4.23699
0		0.5	1	0.104805	426	5	1.118	4.24209
0		0.5	1	0.0434348	420	4	1.4025	4.24593
0		0.5	1	0.0923099	442	4	1.4075	4.20511
0		0.5	1	0.128542	454	4	1.2775	4.18222
0		0.5	1	0.117457	452	4	1.375	4.18865
0		0.5	1	0.123242	455	4	1.4125	4.17834
0		0.5	1	0.155891	464	4	1.2225	4.16011
0		0.5	1	0.134654	458	4	1.32	4.16603
0		0.5	1	0.142706	457	6	1.34167	4.19191
0		0.5	1	0.112005	446	5	1.628	4.23598
0		0.5	1	0.145469	460	3	1.73	4.1744
0		0.5	1	0.15278	468	3	1.45667	4.14394
0		0.5	1	0.152711	468	3	1.47333	4.13078
0		0.5	1	0.142859	464	3	1.47333	4.15648
0		0.5	1	0.18436	478	3	1.26	4.1104
0		0.5	1	0.137583	461	3	1.58	4.17053
0		0.5	1	0.130324	456	3	1.66	4.18385
0		0.5	1	0.140813	447	5	1.862	4.21041
0		0.5	1	0.351741	425	0	0	4.22478
0		0.5	1	0.0729635	432	2	1.6	4.2025
0		0.5	1	0.375033	465	1	0	4.1131
0		0.5	1	0.379974	470	1	0	4.09612
0		0.5	1	0.371326	461	1	0	4.12469
0		0.5	1	0.36018	447	1	0	4.16065
0		0.5	1	0.224732	472	2	0.815	4.09358
0		0.5	1	0.386339	476	1	0	4.07402
0		0.5	1	0.405463	492	1	0	4.01791
0		0.5	1	0.368561	480	1	0.11	4.06121
0		0.5	1	0.390608	494	1	0.09	4.02673
0		0.5	1	0.401876	502	1	0.09	3.99315
0		0.5	1	0.445995	528	1	0.07	3.90374
0		0.5	1	0.459502	536	1	0.07	3.87423
0		0.5	1	0.434565	521	1	0.07	3.92103
0		0.5	1	0.436175	522	1	0.07	3.91207
0		0.5	1	0.482152	548	1	0.06	3.80979
0		0.5	1	0.504003	560	1	0.06	3.7656
0		0.5	1	0.513335	565	1	0.06	3.74729
0		0.5	1	0.47859	546	1	0.06	3.81718
0		0.5	1	0.389246	493	1	0.09	4.02129
0		0.5	1	0.355892	484	1	0.2	4.05866
0		0.5	1	0.10231	446	2	1.395	4.16242
0		0.5	1	0.0995054	446	3	1.53667	4.18685
0		0.5	1	0.127839	415	1	1.99	4.2247
0		0.5	1	0.210157	424	3	0.593333	4.18187
0		0.5	1	0.129417	414	3	0.926667	4.19158
0		0.5	1	0.124579	400	1	1.98	4.20429
0		0.5	1	0.169663	400	2	0.755	4.18158
0		0.5	1	0.351422	388	0	0	4.18328
0		0.5	1	0.0434815	407	3	1.29	4.14085
0		0.5	1	0.0434815	407	3	1.29	4.1458
0		0.5	1	0.044036	409	3	1.29	4.14056
0		0.5	1	0.190179	410	3	0.66	4.13121
0		0.5	1	0.201074	424	3	0.633333	4.08752
0		0.5	1	0.215238	442	3	0.633333	4.02825
0		0.5	1	0.201631	425	3	0.633333	4.0839
0		0.5	1	0.0505827	402	3	1.26333	4.14933
0		0.5	1	0.186238	414	2	0.685	4.12292
0		0.5	1	0.162092	406	2	0.785	4.15385
0		0.5	1	0.0881665	394	4	1.13	4.16743
0		0.5	1	0.0932337	390	3	1.84	4.17431
0		0.5	1	0.0797119	384	1	1.66	4.19502
0		0.5	1	0.0641565	380	3	1.49333	4.21658
0		0.5	1	0.0941835	382	2	1.78	4.19311
0		0.5	1	0.045665	393	3	1.33667	4.18069
0		0.5	1	0.0340162	402	3	1.33667	4.15031
0		0.5	1	0.102038	377	3	1.79	4.20443
0		0.5	1	0.0738957	376	3	1.48	4.23041
0		0.5	1	0.143416	358	2	1.815	4.2342
0		0.5	1	0.0683246	390	3	1.23667	4.18167
0		0.5	1	0.0870598	378	2	1.265	4.21882
0		0.5	1	0.355159	373	1	0	4.23164
0		0.5	1	0.100858	370	3	1.27	4.2369
0		0.5	1	0.19721	338	1	1.89	4.2411
0		0.5	1	0.278871	336	1	0.55	4.21738
0		0.5	1	0.268727	350	1	0.5	4.17834
0		0.5	1	0.190558	349	1	0.95	4.17387
0		0.5	1	0.188	366	1	0.81	4.10434
0		0.5	1	0.192978	370	1	0.76	4.07981
0		0.5	1	0.175872	390	1	0.76	3.9905
0		0.5	1	0.163063	379	1	0.86	4.03713
0		0.5	1	0.167722	383	1	0.82	4.01229
0		0.5	1	0.166815	387	1	0.81	4.00546
0		0.5	1	0.172619	392	1	0.77	3.98062
0		0.5	1	0.168313	388	1	0.8	4.00033
0		0.5	1	0.171471	390	1	0.78	3.99049
0		0.5	1	0.150542	363	1	1.05	4.12148
0		0.5	1	0.213706	370	2	0.645	4.16964
0		0.5	1	0.121814	363	1	1.67	4.21415
0		0.5	1	0.137524	352	2	1.6	4.17522
0		0.5	1	0.102831	366	3	1.60333	4.14948
0		0.5	1	0.213331	336	2	2.01	4.23471
0		0.5	1	0.218516	328	1	1.89	4.24934
0		0.5	1	0.203959	331	2	1.115	4.24944
0		0.5	1	0.154472	352	2	1.15	4.23996
0		0.5	1	0.141772	350	2	1.365	4.23292
0		0.5	1	0.168759	364	3	0.903333	4.21944
0		0.5	1	0.14577	358	3	1.11	4.21494
0		0.5	1	0.153234	353	4	1.1425	4.23245
0		0.5	1	0.123192	356	3	1.46333	4.24006
0		0.5	1	0.129209	354	3	1.55	4.24969
0		0.5	1	0.106614	373	3	1.18	4.21943
0		0.5	1	0.0854058	386	3	1.17667	4.20301
0		0.5	1	0.0821184	397	3	1.13667	4.17235
0		0.5	1	0.0413803	408	3	1.3	4.15204
0		0.5	1	0.0585793	395	3	1.7	4.2155
0		0.5	1	0.0443925	400	3	1.29667	4.17772
0		0.5	1	0.0597344	402	3	1.22333	4.1581
0		0.5	1	0.0726206	399	3	1.17333	4.15384
0		0.5	1	0.130133	378	2	1.01	4.18781
0		0.5	1	0.128109	376	3	1.02667	4.19934
0		0.5	1	0.0875629	386	4	1.1775	4.18376
0		0.5	1	0.0340162	402	3	1.33667	4.13214
0		0.5	1	0.125045	386	2	0.99	4.16961
0		0.5	1	0.117433	385	3	1.02333	4.18215
0		0.5	1	0.0724556	386	2	1.265	4.18498
0		0.5	1	0.0636255	382	2	1.53	4.20828
0		0.5	1	0.0876974	372	2	1.405	4.22363
0		0.5	1	0.127687	382	3	0.99	4.21534
0		0.5	1	0.143121	369	2	1.01	4.22859
0		0.5	1	0.123055	370	2	1.12	4.22937
0		0.5	1	0.1156	360	2	1.525	4.24608
0		0.5	1	0.210086	336	1	0.99	4.27279
0		0.5	1	0.198769	328	2	1.275	4.26575
0		0.5	1	0.400404	324	1	0	4.25399
0		0.5	1	0.260613	340	2	0.605	4.19132
0		0.5	1	0.265285	337	2	0.605	4.20428
0		0.5	1	0.265285	337	2	0.605	4.21098
0		0.5	1	0.182653	338	3	1.16333	4.21064
0		0.5	1	0.245067	334	1	0.77	4.22812
0		0.5	1	0.209602	328	1	1.16	4.22978
0		0.5	1	0.256366	346	2	0.58	4.24164
0		0.5	1	0.242366	309	1	1.51	4.25013
0		0.5	1	0.23342	322	2	1.02	4.24052
0		0.5	1	0.149848	350	2	1.24	4.17621
0		0.5	1	0.156661	344	2	1.6	4.22012
0		0.5	1	0.137443	363	3	1.1	4.19693
0		0.5	1	0.165976	348	3	1.11333	4.22601
0		0.5	1	0.18444	346	2	1.01	4.232
0		0.5	1	0.192952	337	2	1.86	4.22011
0		0.5	1	0.221509	338	3	0.853333	4.18623
0		0.5	1	0.217544	341	3	0.843333	4.17873
0		0.5	1	0.195102	350	3	0.883333	4.15557
0		0.5	1	0.203782	346	3	0.873333	4.1734
0		0.5	1	0.224208	335	3	0.873333	4.20202
0		0.5	1	0.192397	330	1	1.56	4.24143
0		0.5	1	0.281077	300	1	1.89	4.24676
0		0.5	1	0.441518	296	0	0	4.24087
0		0.5	1	0.301949	296	2	0.91	4.21681
0		0.5	1	0.282643	298	2	1.075	4.22617
0		0.5	1	0.262906	310	2	0.99	4.18717
0		0.5	1	0.285984	308	1	0.84	4.17296
0		0.5	1	0.295009	306	1	0.8	4.15722
0		0.5	1	0.304472	310	1	0.67	4.15166
0		0.5	1	0.306204	313	1	0.62	4.12898
0		0.5	1	0.257849	344	1	0.6	4.00341
0		0.5	1	0.25584	354	1	0.54	3.95209
0		0.5	1	0.257813	348	1	0.57	3.97873
0		0.5	1	0.26265	326	1	0.75	4.10148
0		0.5	1	0.264194	310	1	1	4.18407
0		0.5	1	0.269112	298	1	1.51	4.23827
0		0.5	1	0.256882	306	2	1.175	4.22641
0		0.5	1	0.281161	306	2	0.9	4.19365
0		0.5	1	0.277181	306	3	0.93	4.1846
0		0.5	1	0.268348	300	3	1.21	4.20974
0		0.5	1	0.266507	300	3	1.24667	4.2021
0		0.5	1	0.248514	324	4	0.86	4.14727
0		0.5	1	0.205398	325	3	1.26667	4.13262
0		0.5	1	0.179121	335	3	1.31	4.1084
0		0.5	1	0.213362	320	3	1.36667	4.16454
0		0.5	1	0.226947	321	3	1.1	4.14131
0		0.5	1	0.238196	315	3	1.13	4.1548
0		0.5	1	0.228606	332	3	0.883333	4.07814
0		0.5	1	0.237797	322	4	0.98	4.12149
0		0.5	1	0.23911	320	4	1.0075	4.16529
0		0.5	1	0.214123	336	4	0.9375	4.08676
0		0.5	1	0.224159	331	4	0.9375	4.10576
0		0.5	1	0.190441	344	4	0.995	4.06865
0		0.5	1	0.178809	350	4	0.995	4.05205
0		0.5	1	0.238739	318	4	1.055	4.16554
0		0.5	1	0.225915	324	4	1.05	4.15979
0		0.5	1	0.212235	325	4	1.1775	4.16779
0		0.5	1	0.192348	336	3	1.11	4.11996
0		0.5	1	0.225086	316	4	1.3325	4.19678
0		0.5	1	0.265694	299	2	1.36	4.21656
0		0.5	1	0.354323	296	1	0.51	4.14394
0		0.5	1	0.353701	304	1	0.42	4.12044
0		0.5	1	0.285528	293	1	1.69	4.18293
0		0.5	1	0.279343	294	2	1.645	4.17238
0		0.5	1	0.356087	284	1	2.28	4.15703
0		0.5	1	0.470029	278	0	0	4.16245
0		0.5	1	0.325205	288	1	2.08	4.18947
0		0.5	1	0.470029	278	0	0	4.18383
0		0.5	1	0.476693	274	0	0	4.1549
0		0.5	1	0.33602	284	1	2.1	4.11182
0		0.5	1	0.342248	268	1	1.48	4.1278
0		0.5	1	0.342468	272	1	1.83	4.16093
0		0.5	1	0.433239	300	1	0	4.04916
0		0.5	1	0.416097	312	1	0	3.98323
0		0.5	1	0.389283	311	1	0.15	3.99694
0		0.5	1	0.374798	324	1	0.13	3.93032
0		0.5	1	0.374798	324	1	0.13	3.93255
0		0.5	1	0.373753	292	1	0.43	4.09522
0		0.5	1	0.366911	306	1	0.32	4.01475
0		0.5	1	0.372288	298	1	0.37	4.04535
0		0.5	1	0.293553	288	1	1.52	4.10331
0		0.5	1	0.290778	292	2	1.79	4.09621
0		0.5	1	0.310245	307	1	0.67	4.01368
0		0.5	1	0.308043	306	1	0.7	4.01694
0		0.5	1	0.29866	312	2	0.67	4.06233
0		0.5	1	0.269044	299	1	1.32	4.07759
0		0.5	1	0.2789	296	1	1.25	4.07675
0		0.5	1	0.271058	298	1	1.62	4.08385
0		0.5	1	0.286717	291	1	1.56	4.0547
0		0.5	1	0.278453	298	2	1.82	4.0761
0		0.5	1	0.298118	294	2	1.955	4.12997
0		0.5	1	0.257307	309	2	1.075	4.12084
0		0.5	1	0.283559	301	3	0.976667	4.15909
0		0.5	1	0.290741	300	2	2.02	4.17999
0		0.5	1	0.303545	287	2	1.805	4.17387
0		0.5	1	0.354268	270	2	1.965	4.15318
0		0.5	1	0.368273	264	2	1.965	4.1433
0		0.5	1	0.321045	281	2	1.095	4.09182
0		0.5	1	0.309254	286	2	1.095	4.0586
0		0.5	1	0.287664	296	2	1.07	4.00002
0		0.5	1	0.255449	310	2	1.07	3.92806
0		0.5	1	0.275505	297	2	1.225	4.01432
0		0.5	1	0.29993	288	2	1.17	4.0404
0		0.5	1	0.293466	292	2	1.12	4.01315
0		0.5	1	0.285025	298	2	1.045	3.97931
0		0.5	1	0.282566	300	2	1.02	3.96367
0		0.5	1	0.274194	302	2	1.065	3.96168
0		0.5	1	0.242865	309	2	1.31	3.96163
0		0.5	1	0.310043	286	2	1.87	4.09717
0		0.5	1	0.351384	268	2	1.85	4.16089
0		0.5	1	0.354582	263	2	1.63	4.17666
0		0.5	1	0.340627	268	2	1.435	4.16793
0		0.5	1	0.341695	268	2	1.6	4.17818
0		0.5	1	0.343392	270	2	1.79	4.17235
0		0.5	1	0.293801	287	2	1.49	4.08586
0		0.5	1	0.286418	290	2	1.47	4.04493
0		0.5	1	0.234106	312	2	1.355	3.91869
0		0.5	1	0.296344	286	2	1.51	4.07597
0		0.5	1	0.279637	293	2	1.555	4.03919
0		0.5	1	0.314222	280	2	1.67	4.11213
0		0.5	1	0.325574	276	2	1.715	4.14386
0		0.5	1	0.293228	288	2	1.62	4.09922
0		0.5	1	0.255305	309	1	1.13	3.96473
0		0.5	1	0.256893	308	1	1.14	3.97081
0		0.5	1	0.249312	313	1	1.09	3.94028
0		0.5	1	0.248782	314	1	1.07	3.92639
0		0.5	1	0.267127	302	1	1.2	3.99982
0		0.5	1	0.264841	304	1	1.16	3.97636
0		0.5	1	0.271313	300	1	1.21	4.00342
0		0.5	1	0.277432	297	1	1.23	3.99988
0		0.5	1	0.247949	336	1	0.73	3.75116
0		0.5	1	0.233722	356	1	0.64	3.62979
0		0.5	1	0.238109	350	1	0.66	3.67922
0		0.5	1	0.232654	360	1	0.62	3.61951
0		0.5	1	0.2276	378	1	0.56	3.51526
0		0.5	1	0.22994	395	1	0.51	3.42124
0		0.5	1	0.232919	406	1	0.49	3.36239
0		0.5	1	0.262678	440	1	0.42	3.19133
0		0.5	1	0.250317	428	1	0.44	3.24986
0		0.5	1	0.273642	450	1	0.41	3.14403
0		0.5	1	0.271729	448	1	0.41	3.15338
0		0.5	1	0.277725	452	1	0.4	3.12699
0		0.5	1	0.305001	454	1	0.28	3.10965
0		0.5	1	0.306944	456	1	0.28	3.10047
0		0.5	1	0.321976	468	1	0.27	3.04645
0		0.5	1	0.305001	454	1	0.28	3.11033
0		0.5	1	0.304055	453	1	0.28	3.11495
0		0.5	1	0.27673	451	1	0.4	3.12421
0		0.5	1	0.261903	439	1	0.42	3.18092
0		0.5	1	0.328763	472	1	0.26	3.02951
0		0.5	1	0.338939	480	1	0.26	2.99489
0		0.5	1	0.306944	456	1	0.28	3.10115
0		0.5	1	0.333744	476	1	0.26	3.0121
0		0.5	1	0.35756	492	1	0.25	2.9444
0		0.5	1	0.388937	510	1	0.23	2.87178
0		0.5	1	0.377593	504	1	0.24	2.89558
0		0.5	1	0.414103	524	1	0.22	2.81774
0		0.5	1	0.405583	520	1	0.23	2.83297
0		0.5	1	0.414103	524	1	0.22	2.81774
0		0.5	1	0.383966	508	1	0.24	2.87967
0		0.5	1	0.35756	492	1	0.25	2.9444
0		0.5	1	0.388937	510	1	0.23	2.87178
0		0.5	1	0.388937	510	1	0.23	2.87178
0		0.5	1	0.398826	516	1	0.23	2.84837
0		0.5	1	0.371372	500	1	0.24	2.91168
0		0.5	1	0.366811	497	1	0.24	2.92386
0		0.5	1	0.365311	496	1	0.24	2.92795
0		0.5	1	0.351813	488	1	0.25	2.96104
0		0.5	1	0.346251	484	1	0.25	2.97787
0		0.5	1	0.405583	520	1	0.23	2.83297
0		0.5	1	0.374463	502	1	0.24	2.90361
0		0.5	1	0.354664	490	1	0.25	2.9527
0		0.5	1	0.371372	500	1	0.24	2.91168
0		0.5	1	0.374463	502	1	0.24	2.89475
0		0.5	1	0.354664	490	1	0.25	2.94376
0		0.5	1	0.41066	522	1	0.22	2.81662
0		0.5	1	0.388937	510	1	0.23	2.86298
0		0.5	1	0.398826	516	1	0.23	2.83961
0		0.5	1	0.398826	516	1	0.23	2.83961
0		0.5	1	0.35756	492	1	0.25	2.93548
0		0.5	1	0.35756	492	1	0.25	2.93548
0		0.5	1	0.374463	502	1	0.24	2.89475
0		0.5	1	0.346251	484	1	0.25	2.96889
0		0.5	1	0.346251	484	1	0.25	2.96889
0		0.5	1	0.308954	458	1	0.28	3.08286
0		0.5	1	0.354664	490	1	0.25	2.94376
0		0.5	1	0.319669	466	1	0.27	3.04689
0		0.5	1	0.254853	432	1	0.43	3.2056
0		0.5	1	0.259705	436	1	0.42	3.18612
0		0.5	1	0.255483	433	1	0.43	3.20071
0		0.5	1	0.261903	439	1	0.42	3.17166
0		0.5	1	0.308954	458	1	0.28	3.08286
0		0.5	1	0.317421	464	1	0.27	3.05581
0		0.5	1	0.311028	460	1	0.28	3.07379
0		0.5	1	0.292073	468	1	0.42	3.04737
0		0.5	1	0.246637	433	1	0.47	3.21029
0		0.5	1	0.232514	418	1	0.5	3.27681
0		0.5	1	0.229186	414	1	0.51	3.29732
0		0.5	1	0.241936	429	1	0.48	3.22158
0		0.5	1	0.216909	388	1	0.58	3.43637
0		0.5	1	0.217409	380	1	0.6	3.48116
0		0.5	1	0.216219	376	1	0.62	3.5039
0		0.5	1	0.219618	370	1	0.63	3.52983
0		0.5	1	0.228816	412	1	0.51	3.29901
0		0.5	1	0.226263	410	1	0.52	3.30941
0		0.5	1	0.223814	404	1	0.53	3.34096
0		0.5	1	0.221965	400	1	0.54	3.37013
0		0.5	1	0.218202	390	1	0.57	3.42447
0		0.5	1	0.229662	416	1	0.51	3.28624
0		0.5	1	0.241371	428	1	0.48	3.22575
0		0.5	1	0.255663	442	1	0.46	3.15774
0		0.5	1	0.229662	416	1	0.51	3.28624
0		0.5	1	0.232514	418	1	0.5	3.27602
0		0.5	1	0.21925	393	1	0.56	3.40801
0		0.5	1	0.217551	383	1	0.59	3.46339
0		0.5	1	0.215976	379	1	0.61	3.48375
0		0.5	1	0.222097	359	1	0.68	3.59987
0		0.5	1	0.2105	362	1	0.72	3.58273
0		0.5	1	0.207326	368	1	0.7	3.54754
0		0.5	1	0.211162	360	1	0.73	3.58545
0		0.5	1	0.207217	372	1	0.68	3.51519
0		0.5	1	0.211375	346	1	0.85	3.6854
0		0.5	1	0.202007	346	1	0.91	3.69813
0		0.5	1	0.193219	356	1	0.86	3.63776
0		0.5	1	0.188	366	1	0.81	3.59164
0		0.5	1	0.212628	336	1	0.97	3.75574
0		0.5	1	0.198432	348	1	0.91	3.70819
0		0.5	1	0.214563	331	1	1.04	3.81746
0		0.5	1	0.19136	354	1	0.89	3.67971
0		0.5	1	0.212447	332	1	1.04	3.81027
0		0.5	1	0.195506	339	1	1.06	3.78278
0		0.5	1	0.172243	355	1	1	3.69601
0		0.5	1	0.174126	346	1	1.12	3.76449
0		0.5	1	0.152079	350	2	1.215	3.79682
0		0.5	1	0.247929	346	2	0.625	3.82243
0		0.5	1	0.14098	352	2	1.295	3.80644
0		0.5	1	0.237454	350	2	0.65	3.81289
0		0.5	1	0.262904	316	2	0.875	3.98173
0		0.5	1	0.263269	309	1	1.92	4.03411
0		0.5	1	0.216489	322	1	1.69	4.0383
0		0.5	1	0.227549	320	1	1.79	4.07853
0		0.5	1	0.236646	317	3	1.09333	4.14213
0		0.5	1	0.226125	339	4	0.8175	4.09409
0		0.5	1	0.193222	328	4	1.455	4.13019
0		0.5	1	0.161621	346	5	1.254	4.11421
0		0.5	1	0.184485	338	5	1.192	4.13924
0		0.5	1	0.167049	345	5	1.214	4.11885
0		0.5	1	0.162633	347	5	1.214	4.11265
0		0.5	1	0.202458	339	6	1.04333	4.15537
0		0.5	1	0.19708	342	6	1.03833	4.15218
0		0.5	1	0.135667	358	5	1.248	4.09429
0		0.5	1	0.160648	361	6	1.04833	4.08141
0		0.5	1	0.156086	362	6	1.06833	4.08419
0		0.5	1	0.163996	367	6	0.966667	4.06704
0		0.5	1	0.16937	362	6	0.98	4.08278
0		0.5	1	0.157748	354	5	1.12	4.11237
0		0.5	1	0.107385	364	4	1.3875	4.09048
0		0.5	1	0.0554126	388	4	1.3625	3.98537
0		0.5	1	0.0333535	410	4	1.37	3.89793
0		0.5	1	0.0441364	418	4	1.365	3.86932
0		0.5	1	0.043356	393	4	1.385	3.98536
0		0.5	1	0.0308472	402	4	1.385	3.94864
0		0.5	1	0.0386205	405	4	1.335	3.93816
0		0.5	1	0.0534362	390	4	1.3475	4.00684
0		0.5	1	0.150599	356	5	1.146	4.15489
0		0.5	1	0.111118	376	5	1.164	4.10455
0		0.5	1	0.0816563	387	5	1.246	4.07361
0		0.5	1	0.0759233	394	5	1.23	4.05183
0		0.5	1	0.0882776	380	5	1.28	4.0831
0		0.5	1	0.0958627	368	4	1.5	4.10971
0		0.5	1	0.0750802	394	6	1.33	4.05351
0		0.5	1	0.0682895	412	6	1.35167	4.00003
0		0.5	1	0.0712351	416	6	1.35	3.9809
0		0.5	1	0.0657192	408	6	1.36333	4.02028
0		0.5	1	0.0663829	405	6	1.355	4.02604
0		0.5	1	0.0663556	408	6	1.35667	4.0208
0		0.5	1	0.0971685	434	6	1.335	3.92544
0		0.5	1	0.0440208	411	5	1.418	4.02024
0		0.5	1	0.0523803	418	5	1.406	3.99923
0		0.5	1	0.0450645	412	5	1.414	4.01571
0		0.5	1	0.0781492	432	5	1.39	3.94571
0		0.5	1	0.0780306	432	5	1.392	3.93994
0		0.5	1	0.0585078	422	5	1.406	3.98215
0		0.5	1	0.107327	446	5	1.414	3.89366
0		0.5	1	0.107327	446	5	1.414	3.89366
0		0.5	1	0.182858	478	5	1.392	3.77381
0		0.5	1	0.18764	480	5	1.392	3.76999
0		0.5	1	0.206923	488	5	1.388	3.74198
0		0.5	1	0.194873	483	5	1.39	3.76266
0		0.5	1	0.197271	484	5	1.39	3.75864
0		0.5	1	0.187689	480	5	1.39	3.75974
0		0.5	1	0.177798	476	5	1.404	3.77836
0		0.5	1	0.199491	485	5	1.398	3.73765
0		0.5	1	0.182623	478	5	1.402	3.76125
0		0.5	1	0.149311	464	5	1.404	3.83017
0		0.5	1	0.17332	474	5	1.392	3.77228
0		0.5	1	0.163507	470	5	1.404	3.79579
0		0.5	1	0.158667	468	5	1.408	3.80119
0		0.5	1	0.177798	476	5	1.404	3.77573
0		0.5	1	0.201591	486	5	1.414	3.73489
0		0.5	1	0.211442	490	5	1.402	3.72507
0		0.5	1	0.230868	498	5	1.396	3.68314
0		0.5	1	0.199368	485	5	1.404	3.73609
0		0.5	1	0.194447	483	5	1.41	3.74118
0		0.5	1	0.15841	468	5	1.42	3.80722
0		0.5	1	0.141741	461	5	1.426	3.82947
0		0.5	1	0.196745	484	5	1.416	3.73174
0		0.5	1	0.235301	500	5	1.422	3.68256
0		0.5	1	0.170066	473	5	1.436	3.79325
0		0.5	1	0.0950369	441	5	1.474	3.92487
0		0.5	1	0.158067	468	5	1.442	3.81408
0		0.5	1	0.158067	468	5	1.442	3.80859
0		0.5	1	0.115522	450	5	1.474	3.8995
0		0.5	1	0.129502	456	5	1.468	3.89386
0		0.5	1	0.101576	443	5	1.564	3.9531
0		0.5	1	0.118089	450	5	1.582	3.92684
0		0.5	1	0.196472	478	4	1.83	3.81826
0		0.5	1	0.171053	465	4	1.855	3.87464
0		0.5	1	0.152669	456	4	1.855	3.89714
0		0.5	1	0.156997	458	4	1.8575	3.90714
0		0.5	1	0.155172	462	4	1.77	3.88312
0		0.5	1	0.100239	433	4	1.7875	4.01164
0		0.5	1	0.120032	440	5	1.804	4.01241
0		0.5	1	0.0968239	430	4	1.795	4.06665
0		0.5	1	0.081883	425	4	1.7525	4.09643
0		0.5	1	0.127379	413	4	2.0125	4.1103
0		0.5	1	0.194436	428	2	2.275	4.08079
0		0.5	1	0.103553	448	3	1.45667	4.0093
0		0.5	1	0.100083	444	4	1.6025	4.03406
0		0.5	1	0.146434	464	4	1.585	3.96849
0		0.5	1	0.123706	454	4	1.6075	4.00366
0		0.5	1	0.136733	460	4	1.5825	3.95934
0		0.5	1	0.083215	434	4	1.6575	4.06219
0		0.5	1	0.0702924	410	6	1.62833	4.1291
0		0.5	1	0.108895	402	4	1.935	4.12402
0		0.5	1	0.0906947	414	4	1.8475	4.02329
0		0.5	1	0.131077	451	4	1.765	3.86752
0		0.5	1	0.1088	438	4	1.7875	3.91364
0		0.5	1	0.104289	432	4	1.82	3.9571
0		0.5	1	0.0850315	414	5	1.788	4.02007
0		0.5	1	0.0855533	418	5	1.776	4.00259
0		0.5	1	0.101575	424	5	1.83	3.97382
0		0.5	1	0.128121	446	5	1.784	3.87629
0		0.5	1	0.0988544	420	5	1.836	4.00117
0		0.5	1	0.138518	441	5	1.91	3.92439
0		0.5	1	0.123225	421	5	1.952	4.01107
0		0.5	1	0.123349	420	5	1.956	4.01541
0		0.5	1	0.141155	440	5	1.934	3.92184
0		0.5	1	0.161032	430	4	2.115	3.96919
0		0.5	1	0.169429	440	3	2.11	3.92513
0		0.5	1	0.173254	445	3	2.09667	3.91297
0		0.5	1	0.179741	452	3	2.07667	3.88822
0		0.5	1	0.166802	462	3	1.88	3.86928
0		0.5	1	0.181097	470	3	1.86	3.84122
0		0.5	1	0.157308	451	3	1.95667	3.92948
0		0.5	1	0.156962	446	2	1.995	3.93243
0		0.5	1	0.128443	444	4	1.845	3.97006
0		0.5	1	0.116912	450	5	1.554	3.97542
0		0.5	1	0.167185	416	4	2.1825	4.04894
0		0.5	1	0.0785318	421	5	1.72	4.05663
0		0.5	1	0.159762	409	4	2.1575	4.10953
0		0.5	1	0.0459297	402	5	1.564	4.15
0		0.5	1	0.0995817	398	4	1.8875	4.15521
0		0.5	1	0.172255	391	4	2.195	4.17702
0		0.5	1	0.158813	376	2	2.075	4.16797
0		0.5	1	0.0653865	388	3	1.68333	4.17209
0		0.5	1	0.141115	394	3	0.883333	4.19934
0		0.5	1	0.00997323	410	3	1.48333	4.17232
0		0.5	1	0.0356577	409	3	1.62667	4.17324
0		0.5	1	0.0224596	402	2	1.465	4.15747
0		0.5	1	0.119977	394	3	0.976667	4.19301
0		0.5	1	0.0642081	380	3	1.49667	4.19893
0		0.5	1	0.0702648	382	3	1.64	4.16236
0		0.5	1	0.105729	398	3	1.03	4.15985
0		0.5	1	0.0950873	398	3	1.07667	4.16582
0		0.5	1	0.0854143	408	3	1.11	4.16092
0		0.5	1	0.132263	395	3	0.92	4.17949
0		0.5	1	0.0914248	378	2	1.72	4.18123
0		0.5	1	0.358531	372	0	0	4.17811
0		0.5	1	0.0844481	376	2	1.63	4.16844
0		0.5	1	0.162271	368	3	2.04667	4.1362
0		0.5	1	0.140978	368	3	1.93	4.13657
0		0.5	1	0.162973	354	3	1.04333	4.16006
0		0.5	1	0.198478	344	2	2.015	4.18901
0		0.5	1	0.379612	345	0	0	4.19645
0		0.5	1	0.162412	344	2	1.255	4.18572
0		0.5	1	0.249367	322	1	2.05	4.18596
0		0.5	1	0.229946	332	2	0.88	4.12898
0		0.5	1	0.201091	340	2	0.975	4.09106
0		0.5	1	0.208605	327	3	1.15333	4.16885
0		0.5	1	0.336641	312	1	0.44	4.18923
0		0.5	1	0.221806	318	2	1.66	4.1784
0		0.5	1	0.277222	301	1	1.87	4.19619
0		0.5	1	0.271803	306	1	1.94	4.20121
0		0.5	1	0.32488	316	1	0.47	4.21497
0		0.5	1	0.230537	320	2	1.095	4.22051
0		0.5	1	0.219551	318	2	1.6	4.21969
0		0.5	1	0.182266	332	3	1.47667	4.20731
0		0.5	1	0.218225	328	2	1.04	4.22928
0		0.5	1	0.189534	338	2	1.105	4.22116
0		0.5	1	0.180556	338	3	1.18667	4.19529
0		0.5	1	0.194058	330	3	1.25667	4.21073
0		0.5	1	0.204456	324	3	1.34	4.20245
0		0.5	1	0.209443	322	3	1.33667	4.17224
0		0.5	1	0.171457	342	3	1.18667	4.1043
0		0.5	1	0.157321	348	3	1.19333	4.05043
0		0.5	1	0.124345	364	3	1.18	3.95969
0		0.5	1	0.14041	356	3	1.18667	3.99937
0		0.5	1	0.124345	364	3	1.18	3.96901
0		0.5	1	0.120277	366	3	1.18	3.9589
0		0.5	1	0.0889535	384	3	1.17333	3.86699
0		0.5	1	0.0739906	398	3	1.17	3.80152
0		0.5	1	0.0860415	386	3	1.17333	3.87441
0		0.5	1	0.107117	373	3	1.17667	3.94687
0		0.5	1	0.10526	374	3	1.17667	3.94913
0		0.5	1	0.13611	358	3	1.18667	4.03647
0		0.5	1	0.108504	372	3	1.18	3.96935
0		0.5	1	0.14623	353	3	1.19333	4.062
0		0.5	1	0.155644	346	3	1.26667	4.10323
0		0.5	1	0.155644	346	3	1.26667	4.10825
0		0.5	1	0.113559	365	3	1.25333	4.0311
0		0.5	1	0.119516	362	3	1.26	4.04765
0		0.5	1	0.147183	349	3	1.28667	4.11331
0		0.5	1	0.125142	356	4	1.435	4.09812
0		0.5	1	0.155738	348	3	1.21	4.11147
0		0.5	1	0.195217	364	2	0.77	4.01596
0		0.5	1	0.239687	374	3	0.503333	3.98463
0		0.5	1	0.189471	370	3	0.756667	4.00262
0		0.5	1	0.192943	366	3	0.763333	4.02815
0		0.5	1	0.245661	368	3	0.5	4.02888
0		0.5	1	0.242742	354	3	0.59	4.09432
0		0.5	1	0.233557	355	3	0.63	4.097
0		0.5	1	0.203071	343	4	0.92	4.12747
0		0.5	1	0.172067	369	4	0.855	4.01524
0		0.5	1	0.177021	364	4	0.865	4.03837
0		0.5	1	0.189467	354	4	0.8825	4.08822
0		0.5	1	0.182799	332	3	1.41667	4.16179
0		0.5	1	0.187742	335	4	1.7575	4.16735
0		0.5	1	0.125152	358	4	1.3225	4.06901
0		0.5	1	0.184088	334	4	1.2825	4.17601
0		0.5	1	0.215628	348	4	0.7875	4.13262
0		0.5	1	0.20805	328	3	1.13333	4.20031
0		0.5	1	0.216517	319	3	1.61	4.22209
0		0.5	1	0.218962	325	4	1.855	4.22632
0		0.5	1	0.241366	314	1	1.79	4.21481
0		0.5	1	0.26538	316	1	2.08	4.22561
0		0.5	1	0.194893	333	3	1.15333	4.18703
0		0.5	1	0.199536	350	3	0.856667	4.14044
0		0.5	1	0.164331	362	4	0.9525	4.08842
0		0.5	1	0.159408	358	2	1.025	4.09728
0		0.5	1	0.159408	358	2	1.025	4.09728
0		0.5	1	0.184322	342	2	1.075	4.16439
0		0.5	1	0.168532	352	2	1.04	4.11178
0		0.5	1	0.119362	360	4	1.34	4.08228
0		0.5	1	0.127703	360	3	1.22333	4.07894
0		0.5	1	0.125889	361	3	1.22	4.05793
0		0.5	1	0.128062	360	3	1.22	4.05539
0		0.5	1	0.159731	364	3	0.953333	4.04554
0		0.5	1	0.152666	369	3	0.95	4.02373
0		0.5	1	0.161337	363	3	0.953333	4.05211
0		0.5	1	0.166918	358	3	0.97	4.0832
0		0.5	1	0.174561	354	3	0.966667	4.09554
0		0.5	1	0.152548	350	2	1.21	4.0837
0		0.5	1	0.282027	354	1	0.41	4.06314
0		0.5	1	0.279824	360	1	0.39	4.04059
0		0.5	1	0.164291	372	2	0.875	3.98284
0		0.5	1	0.161836	374	2	0.875	3.97304
0		0.5	1	0.159494	376	2	0.875	3.96321
0		0.5	1	0.280821	357	1	0.4	4.04206
0		0.5	1	0.285919	340	1	0.48	4.11787
0		0.5	1	0.285514	334	1	0.53	4.14289
0		0.5	1	0.32794	340	2	0.255	4.13511
0		0.5	1	0.322786	348	2	0.235	4.10578
0		0.5	1	0.316138	364	2	0.195	4.03429
0		0.5	1	0.207825	352	3	0.79	4.08898
0		0.5	1	0.212512	346	3	0.82	4.11069
0		0.5	1	0.19018	368	4	0.77	4.02197
0		0.5	1	0.149049	362	3	1.03667	4.04663
0		0.5	1	0.0954778	376	3	1.21667	3.98091
0		0.5	1	0.101304	373	3	1.21667	3.99523
0		0.5	1	0.0993391	374	3	1.21667	3.99593
0		0.5	1	0.146054	364	3	1.03333	4.04253
0		0.5	1	0.0954778	376	3	1.21667	3.98644
0		0.5	1	0.143731	366	3	1.02667	4.02573
0		0.5	1	0.198366	335	2	1.87	4.1824
0		0.5	1	0.198475	332	2	1.15	4.17227
0		0.5	1	0.200423	338	3	1.00333	4.18367
0		0.5	1	0.206699	324	2	1.645	4.22546
0		0.5	1	0.218635	324	3	1.83667	4.20717
0		0.5	1	0.283021	304	1	2.01	4.2429
0		0.5	1	0.274949	306	2	1.995	4.2341
0		0.5	1	0.314214	295	1	2.12	4.24682
0		0.5	1	0.235844	311	2	1.57	4.24284
0		0.5	1	0.28875	300	2	2	4.24235
0		0.5	1	0.350103	324	2	0.25	4.18639
0		0.5	1	0.20746	328	3	1.14	4.17131
0		0.5	1	0.198678	332	3	1.13667	4.1481
0		0.5	1	0.355345	333	1	0.17	4.14257
0		0.5	1	0.226273	315	3	1.34333	4.21712
0		0.5	1	0.225116	322	2	1.105	4.22273
0		0.5	1	0.213794	328	3	1.07333	4.20907
0		0.5	1	0.228467	316	4	1.255	4.232
0		0.5	1	0.196333	333	6	1.25667	4.21549
0		0.5	1	0.139873	358	6	1.285	4.16265
0		0.5	1	0.139389	352	5	1.426	4.18778
0		0.5	1	0.203053	324	4	1.45	4.21185
0		0.5	1	0.182833	334	4	1.6475	4.19832
0		0.5	1	0.169489	342	6	1.54833	4.2106
0		0.5	1	0.145415	349	4	1.615	4.23931
0		0.5	1	0.0960647	372	5	1.37	4.19345
0		0.5	1	0.098102	370	5	1.422	4.19814
0		0.5	1	0.0540108	392	5	1.428	4.13825
0		0.5	1	0.0540108	392	5	1.428	4.14046
0		0.5	1	0.0502452	396	5	1.4	4.13022
0		0.5	1	0.0563326	393	5	1.376	4.14575
0		0.5	1	0.109531	369	5	1.28	4.2107
0		0.5	1	0.0760027	380	5	1.514	4.18142
0		0.5	1	0.0930449	382	5	1.22	4.1535
0		0.5	1	0.0860907	388	5	1.21	4.13935
0		0.5	1	0.0768026	400	5	1.202	4.09675
0		0.5	1	0.0839359	391	5	1.202	4.13475
0		0.5	1	0.0506798	390	4	1.37	4.13164
0		0.5	1	0.0601518	407	6	1.46167	4.08143
0		0.5	1	0.0792211	385	6	1.47333	4.15521
0		0.5	1	0.0523481	395	5	1.39	4.12027
0		0.5	1	0.0791642	386	6	1.54333	4.17825
0		0.5	1	0.153165	365	7	1.83286	4.22537
0		0.5	1	0.082178	384	6	1.41333	4.23599
0		0.5	1	0.137721	370	8	1.33375	4.24117
0		0.5	1	0.136969	362	7	1.37	4.24115
0		0.5	1	0.161712	362	8	1.19125	4.23725
0		0.5	1	0.147245	352	6	1.56167	4.24101
0		0.5	1	0.161836	343	5	1.574	4.23778
0		0.5	1	0.175024	338	4	1.6775	4.25351
0		0.5	1	0.215713	324	1	1.2	4.22406
0		0.5	1	0.419861	311	0	0	4.22576
0		0.5	1	0.224223	316	2	1.36	4.2115
0		0.5	1	0.281262	336	2	0.525	4.16855
0		0.5	1	0.244813	345	2	0.65	4.1366
0		0.5	1	0.20981	374	2	0.645	4.02578
0		0.5	1	0.191786	392	2	0.67	3.94506
0		0.5	1	0.300566	388	1	0.21	3.95456
0		0.5	1	0.304232	404	1	0.18	3.87838
0		0.5	1	0.281845	398	1	0.28	3.92001
0		0.5	1	0.257544	373	1	0.44	4.02557
0		0.5	1	0.259141	371	1	0.44	4.02577
0		0.5	1	0.264201	388	1	0.37	3.94909
0		0.5	1	0.112371	378	2	1.105	3.99762
0		0.5	1	0.149642	375	2	0.93	4.03124
0		0.5	1	0.133428	358	2	1.225	4.11161
0		0.5	1	0.136367	356	2	1.24	4.12794
0		0.5	1	0.115537	370	2	1.17	4.10377
0		0.5	1	0.137601	376	2	0.985	4.09182
0		0.5	1	0.181622	359	1	0.9	4.14998
0		0.5	1	0.187079	383	3	0.71	4.14686
0		0.5	1	0.101935	367	3	1.33	4.17751
0		0.5	1	0.112224	365	5	1.598	4.19994
0		0.5	1	0.0943765	370	4	1.3675	4.20649
0		0.5	1	0.0978616	369	3	1.32333	4.21574
0		0.5	1	0.0571565	401	3	1.23667	4.15542
0		0.5	1	0.0591901	398	3	1.23667	4.16985
0		0.5	1	0.0374844	396	4	1.5625	4.19526
0		0.5	1	0.0570051	398	4	1.69	4.22294
0		0.5	1	0.0809714	412	6	1.70167	4.20933
0		0.5	1	0.0603797	404	5	1.67	4.22431
0		0.5	1	0.0760228	415	6	1.3	4.21264
0		0.5	1	0.0758866	432	5	1.444	4.17812
0		0.5	1	0.0790391	416	5	1.75	4.1957
0		0.5	1	0.0826877	424	6	1.32333	4.19911
0		0.5	1	0.140335	444	7	1.18714	4.15987
0		0.5	1	0.135297	443	8	1.475	4.18162
0		0.5	1	0.130667	447	7	1.38286	4.19944
0		0.5	1	0.116638	444	6	1.325	4.20595
0		0.5	1	0.158144	452	8	1.27625	4.20217
0		0.5	1	0.162294	452	7	1.11429	4.19512
0		0.5	1	0.146044	452	7	1.28	4.21293
0		0.5	1	0.157383	456	5	1.092	4.20022
0		0.5	1	0.152067	452	7	1.20857	4.20356
0		0.5	1	0.168586	465	6	1.215	4.19082
0		0.5	1	0.132906	454	6	1.43667	4.19759
0		0.5	1	0.117839	451	5	1.472	4.19579
0		0.5	1	0.124846	456	4	1.4575	4.17418
0		0.5	1	0.151684	459	4	1.7975	4.18208
0		0.5	1	0.125738	452	5	1.636	4.2059
0		0.5	1	0.123024	454	4	1.595	4.1809
0		0.5	1	0.173841	474	4	1.6575	4.11579
0		0.5	1	0.155761	466	4	1.67	4.14316
0		0.5	1	0.11092	441	6	1.32333	4.23806
0		0.5	1	0.0976895	442	5	1.438	4.23253
0		0.5	1	0.0576803	424	4	1.61	4.25359
0		0.5	1	0.0333478	416	3	1.38	4.24112
0		0.5	1	0.0477891	418	4	1.34	4.24
0		0.5	1	0.0643338	414	3	1.21333	4.24582
0		0.5	1	0.115901	450	3	1.3	4.19454
0		0.5	1	0.144649	452	3	1.09	4.18512
0		0.5	1	0.081712	436	3	1.32667	4.22228
0		0.5	1	0.125419	454	3	1.29667	4.18831
0		0.5	1	0.0920747	442	3	1.37	4.21605
0		0.5	1	0.0887732	440	3	1.60333	4.22778
0		0.5	1	0.0973363	440	3	1.69	4.22284
0		0.5	1	0.148029	466	3	1.51333	4.13785
0		0.5	1	0.172499	476	3	1.5	4.10938
0		0.5	1	0.182292	480	3	1.49	4.08788
0		0.5	1	0.165676	470	2	1.275	4.13006
0		0.5	1	0.186759	478	2	1.24	4.08881
0		0.5	1	0.146328	462	2	1.285	4.13771
0		0.5	1	0.136912	454	4	1.1925	4.18456
0		0.5	1	0.13689	450	4	1.1275	4.18355
0		0.5	1	0.157665	425	2	0.835	4.19259
0		0.5	1	0.0265095	410	2	1.415	4.20849
0		0.5	1	0.0925302	405	2	1.865	4.19235
0		0.5	1	0.0344632	404	3	1.33	4.21677
0		0.5	1	0.0876519	390	3	1.81333	4.22099
0		0.5	1	0.10466	374	2	1.76	4.22608
0		0.5	1	0.174304	353	3	1.97333	4.24016
0		0.5	1	0.172261	347	2	1.865	4.25794
0		0.5	1	0.15999	353	2	1.865	4.25961
0		0.5	1	0.387833	337	0	0	4.26529
0		0.5	1	0.203132	338	1	1.94	4.25292
0		0.5	1	0.207037	331	1	1.84	4.23006
0		0.5	1	0.400447	326	0	0	4.24578
0		0.5	1	0.209213	324	2	1.695	4.22118
0		0.5	1	0.410502	318	0	0	4.23429
0		0.5	1	0.441518	296	0	0	4.2679
0		0.5	1	0.27195	304	1	1.89	4.28244
0		0.5	1	0.465105	281	0	0	4.2768
0		0.5	1	0.453876	288	0	0	4.27147
0		0.5	1	0.24825	306	3	1.34333	4.27809
0		0.5	1	0.301385	300	2	0.835	4.27389
0		0.5	1	0.26391	318	2	0.835	4.20314
0		0.5	1	0.253142	326	3	0.793333	4.19379
0		0.5	1	0.217753	348	3	0.77	4.09293
0		0.5	1	0.206608	356	3	0.763333	4.06029
0		0.5	1	0.196162	364	3	0.76	4.02669
0		0.5	1	0.186437	368	3	0.783333	4.0131
0		0.5	1	0.210426	350	3	0.793333	4.10858
0		0.5	1	0.183096	368	3	0.8	4.02307
0		0.5	1	0.17729	352	2	0.98	4.10804
0		0.5	1	0.17801	344	3	1.08333	4.14719
0		0.5	1	0.191329	336	3	1.12	4.17384
0		0.5	1	0.155131	352	3	1.13333	4.12887
0		0.5	1	0.211938	320	3	1.44667	4.22647
0		0.5	1	0.24366	313	2	1.13	4.24248
0		0.5	1	0.303401	292	1	1.94	4.24997
0		0.5	1	0.241293	311	3	1.22333	4.20837
0		0.5	1	0.236519	313	3	1.22333	4.19373
0		0.5	1	0.230719	313	4	1.395	4.19884
0		0.5	1	0.244774	311	5	1.22	4.20641
0		0.5	1	0.254444	304	5	1.498	4.23817
0		0.5	1	0.23039	314	5	1.526	4.22315
0		0.5	1	0.250136	306	5	1.402	4.22633
0		0.5	1	0.222558	318	5	1.344	4.17284
0		0.5	1	0.17324	342	5	1.22	4.06825
0		0.5	1	0.146858	354	5	1.22	4.00361
0		0.5	1	0.113646	369	6	1.34	3.94364
0		0.5	1	0.104031	374	6	1.34	3.91774
0		0.5	1	0.0967804	378	6	1.34	3.90379
0		0.5	1	0.0967804	378	6	1.34	3.90379
0		0.5	1	0.14063	356	6	1.34	4.01647
0		0.5	1	0.104031	374	6	1.34	3.92447
0		0.5	1	0.0985507	377	6	1.34	3.90896
0		0.5	1	0.0900255	382	6	1.34	3.88308
0		0.5	1	0.0900255	382	6	1.34	3.8732
0		0.5	1	0.128485	362	6	1.33	3.97634
0		0.5	1	0.122214	364	6	1.36833	3.96677
0		0.5	1	0.065122	405	6	1.36833	3.75493
0		0.5	1	0.0736469	420	6	1.36833	3.67898
0		0.5	1	0.0787426	424	6	1.36833	3.659
0		0.5	1	0.108011	441	6	1.36833	3.57558
0		0.5	1	0.0816178	426	6	1.36833	3.64906
0		0.5	1	0.0714731	418	6	1.36833	3.68901
0		0.5	1	0.0667323	412	6	1.36833	3.7193
0		0.5	1	0.0714731	418	6	1.36833	3.68794
0		0.5	1	0.0714731	394	6	1.36833	3.80343
0		0.5	1	0.0695807	416	6	1.36833	3.69085
0		0.5	1	0.0787426	424	6	1.36833	3.65074
0		0.5	1	0.0736469	392	6	1.36833	3.81379
0		0.5	1	0.0675709	398	6	1.37333	3.77699
0		0.5	1	0.0958652	377	6	1.38167	3.89331
0		0.5	1	0.108943	370	6	1.39	3.92422
0		0.5	1	0.0972946	376	6	1.39	3.89285
0		0.5	1	0.0680071	395	6	1.40333	3.7997
0		0.5	1	0.0632557	410	6	1.40167	3.72265
0		0.5	1	0.0636858	411	6	1.40167	3.71632
0		0.5	1	0.0670639	396	6	1.40333	3.79324
0		0.5	1	0.0641038	400	6	1.40333	3.76298
0		0.5	1	0.0765277	388	6	1.40333	3.82517
0		0.5	1	0.104298	372	6	1.40667	3.90863
0		0.5	1	0.0993906	374	6	1.44167	3.90884
0		0.5	1	0.111474	368	6	1.44167	3.93226
0		0.5	1	0.0697751	392	6	1.43833	3.79882
0		0.5	1	0.0687517	393	6	1.52	3.80621
0		0.5	1	0.0620123	411	6	1.51833	3.71388
0		0.5	1	0.0847403	430	6	1.51667	3.6188
0		0.5	1	0.103439	440	6	1.51667	3.56998
0		0.5	1	0.137281	456	6	1.515	3.49378
0		0.5	1	0.155202	464	6	1.515	3.45661
0		0.5	1	0.141717	458	6	1.515	3.48443
0		0.5	1	0.103439	440	6	1.51667	3.56129
0		0.5	1	0.139495	457	6	1.515	3.48042
0		0.5	1	0.124224	450	6	1.51667	3.51338
0		0.5	1	0.137281	456	6	1.515	3.4851
0		0.5	1	0.103439	440	6	1.51667	3.56129
0		0.5	1	0.11995	448	6	1.51667	3.52289
0		0.5	1	0.148429	461	6	1.515	3.46181
0		0.5	1	0.15068	462	6	1.515	3.45718
0		0.5	1	0.192095	480	6	1.515	3.37553
0		0.5	1	0.270425	513	6	1.51333	3.23422
0		0.5	1	0.208525	487	6	1.515	3.33745
0		0.5	1	0.20617	486	6	1.515	3.34183
0		0.5	1	0.210883	488	6	1.515	3.33308
0		0.5	1	0.182773	476	6	1.515	3.38619
0		0.5	1	0.201467	484	6	1.515	3.35063
0		0.5	1	0.239327	500	6	1.51333	3.28142
0		0.5	1	0.248871	504	6	1.51333	3.26451
0		0.5	1	0.244096	502	6	1.51333	3.27295
0		0.5	1	0.306543	528	6	1.51333	3.16634
0		0.5	1	0.301715	526	6	1.51333	3.17431
0		0.5	1	0.316207	532	6	1.51333	3.15052
0		0.5	1	0.354965	548	6	1.51333	3.08868
0		0.5	1	0.347687	545	6	1.51333	3.1001
0		0.5	1	0.381689	559	6	1.51333	3.0475
0		0.5	1	0.379257	558	6	1.51333	3.0512
0		0.5	1	0.369535	554	6	1.51333	3.06609
0		0.5	1	0.33799	541	6	1.51333	3.11545
0		0.5	1	0.393845	564	6	1.51167	3.02914
0		0.5	1	0.330723	538	6	1.51333	3.12705
0		0.5	1	0.268025	512	6	1.51333	3.23117
0		0.5	1	0.192095	480	6	1.515	3.36833
0		0.5	1	0.220337	492	6	1.515	3.3157
0		0.5	1	0.201467	484	6	1.515	3.35063
0		0.5	1	0.192095	480	6	1.515	3.36833
0		0.5	1	0.201467	484	6	1.515	3.35063
0		0.5	1	0.192194	480	6	1.52333	3.37825
0		0.5	1	0.210954	488	6	1.52167	3.34296
0		0.5	1	0.201541	484	6	1.52167	3.36052
0		0.5	1	0.215735	490	6	1.52667	3.34159
0		0.5	1	0.164666	468	6	1.53667	3.43272
0		0.5	1	0.151062	462	6	1.53667	3.46033
0		0.5	1	0.146615	460	6	1.53833	3.4768
0		0.5	1	0.120446	448	6	1.53833	3.5333
0		0.5	1	0.124702	450	6	1.53833	3.52379
0		0.5	1	0.148816	461	6	1.53667	3.47215
0		0.5	1	0.13774	456	6	1.53833	3.49548
0		0.5	1	0.160289	466	6	1.545	3.44971
0		0.5	1	0.12494	450	6	1.54667	3.52445
0		0.5	1	0.0966995	436	6	1.55	3.59998
0		0.5	1	0.106345	441	6	1.54833	3.57571
0		0.5	1	0.0860151	430	6	1.55167	3.6294
0		0.5	1	0.0692201	418	6	1.55333	3.68253
0		0.5	1	0.0795668	426	6	1.55167	3.63485
0		0.5	1	0.0884857	431	6	1.56667	3.61027
0		0.5	1	0.093778	434	6	1.56667	3.59552
0		0.5	1	0.0902171	432	6	1.56667	3.60534
0		0.5	1	0.0903074	432	6	1.56833	3.61987
0		0.5	1	0.104152	445	5	1.496	3.55859
0		0.5	1	0.157892	468	5	1.49	3.45072
0		0.5	1	0.167439	472	5	1.49	3.43248
0		0.5	1	0.106428	446	5	1.496	3.54546
0		0.5	1	0.106428	446	5	1.496	3.54546
0		0.5	1	0.0974011	442	5	1.498	3.56773
0		0.5	1	0.111094	448	5	1.504	3.53977
0		0.5	1	0.132584	457	5	1.416	3.50543
0		0.5	1	0.153981	466	5	1.406	3.47013
0		0.5	1	0.197047	484	5	1.4	3.38914
0		0.5	1	0.197047	484	5	1.4	3.3968
0		0.5	1	0.139805	460	5	1.408	3.49555
0		0.5	1	0.111991	448	5	1.41	3.54556
0		0.5	1	0.123457	453	5	1.41	3.5219
0		0.5	1	0.0762813	432	5	1.43	3.63018
0		0.5	1	0.0723411	430	5	1.426	3.61161
0		0.5	1	0.0625953	425	5	1.428	3.61948
0		0.5	1	0.0516978	418	5	1.416	3.67462
0		0.5	1	0.0884412	438	5	1.49	3.57407
0		0.5	1	0.0476883	416	5	1.512	3.68502
0		0.5	1	0.0714784	400	5	1.23	3.80318
0		0.5	1	0.0446032	398	5	1.472	3.82246
0		0.5	1	0.0631225	392	5	1.328	3.87
0		0.5	1	0.0602131	404	6	1.48167	3.81169
0		0.5	1	0.0445967	414	5	1.48	3.77623
0		0.5	1	0.126012	454	5	1.402	3.58869
0		0.5	1	0.149829	458	5	1.19	3.54814
0		0.5	1	0.200983	484	5	1.29	3.43677
0		0.5	1	0.200983	484	5	1.29	3.42072
0		0.5	1	0.239279	500	5	1.282	3.35146
0		0.5	1	0.275186	515	5	1.282	3.2976
0		0.5	1	0.282399	518	5	1.282	3.28528
0		0.5	1	0.252892	506	5	1.3	3.34344
0		0.5	1	0.195121	482	5	1.314	3.44705
0		0.5	1	0.127016	453	5	1.332	3.57909
0		0.5	1	0.154957	465	5	1.322	3.5235
0		0.5	1	0.152119	464	5	1.332	3.52655
0		0.5	1	0.161603	468	5	1.328	3.50827
0		0.5	1	0.156855	466	5	1.33	3.50916
0		0.5	1	0.124287	452	5	1.34	3.57398
0		0.5	1	0.13811	458	5	1.336	3.54599
0		0.5	1	0.106225	444	5	1.346	3.61177
0		0.5	1	0.0845208	434	5	1.356	3.65973
0		0.5	1	0.0952594	439	5	1.35	3.62467
0		0.5	1	0.101773	442	5	1.348	3.61649
0		0.5	1	0.115249	448	5	1.342	3.57927
0		0.5	1	0.0996345	441	5	1.348	3.61246
0		0.5	1	0.0605902	423	5	1.4	3.71009
0		0.5	1	0.0534848	409	5	1.626	3.7875
0		0.5	1	0.0499204	404	5	1.35	3.81938
0		0.5	1	0.0906163	412	6	1.19167	3.82545
0		0.5	1	0.124365	438	6	1.15333	3.70322
0		0.5	1	0.143522	450	6	1.165	3.6742
0		0.5	1	0.14283	451	7	1.29857	3.67669
0		0.5	1	0.122955	438	7	1.26143	3.73809
0		0.5	1	0.147341	452	7	1.26286	3.66787
0		0.5	1	0.123503	439	7	1.27286	3.74353
0		0.5	1	0.1018	418	6	1.14667	3.83571
0		0.5	1	0.0981987	425	7	1.33714	3.80441
0		0.5	1	0.110442	432	6	1.18833	3.83592
0		0.5	1	0.13856	437	6	1.05167	3.83877
0		0.5	1	0.124234	446	6	1.27833	3.81479
0		0.5	1	0.132748	452	5	1.234	3.81487
0		0.5	1	0.113996	442	6	1.30833	3.85178
0		0.5	1	0.147175	458	6	1.30167	3.75163
0		0.5	1	0.111439	437	7	1.53571	3.86925
0		0.5	1	0.162224	456	8	1.6225	3.88589
0		0.5	1	0.124511	442	6	1.75	3.96067
0		0.5	1	0.103662	443	5	1.352	3.92391
0		0.5	1	0.114794	434	7	1.67	3.94844
0		0.5	1	0.119649	440	6	1.73833	3.91816
0		0.5	1	0.150461	454	5	1.838	3.92906
0		0.5	1	0.126143	442	5	1.822	3.94883
0		0.5	1	0.126151	442	7	1.65143	3.94271
0		0.5	1	0.173779	470	5	1.74	3.83303
0		0.5	1	0.15928	464	5	1.726	3.84669
0		0.5	1	0.201345	486	4	1.6325	3.76606
0		0.5	1	0.208582	489	4	1.6325	3.75997
0		0.5	1	0.220386	494	4	1.625	3.73714
0		0.5	1	0.219786	494	4	1.6075	3.74528
0		0.5	1	0.319652	535	4	1.6	3.58961
0		0.5	1	0.288414	522	4	1.6225	3.63702
0		0.5	1	0.218211	492	4	1.685	3.7673
0		0.5	1	0.250198	506	4	1.645	3.70751
0		0.5	1	0.267025	513	5	1.544	3.68849
0		0.5	1	0.228802	497	5	1.574	3.74319
0		0.5	1	0.254436	506	6	1.57	3.71959
0		0.5	1	0.259207	508	6	1.57	3.72846
0		0.5	1	0.29249	522	6	1.55333	3.67251
0		0.5	1	0.254371	506	6	1.56667	3.7167
0		0.5	1	0.233271	497	6	1.58	3.75324
0		0.5	1	0.263891	510	6	1.565	3.70992
0		0.5	1	0.210823	488	6	1.445	3.80604
0		0.5	1	0.254998	506	6	1.35833	3.73293
0		0.5	1	0.234643	498	6	1.43167	3.76287
0		0.5	1	0.234718	498	6	1.425	3.76507
0		0.5	1	0.194675	481	6	1.42	3.82224
0		0.5	1	0.194243	481	6	1.48667	3.81956
0		0.5	1	0.222549	493	6	1.46333	3.79861
0		0.5	1	0.224948	494	6	1.45667	3.80867
0		0.5	1	0.208464	487	6	1.50833	3.84416
