0		1	1	0.348564	388	1	0	4.29797
0		1	1	0.131107	386	1	1.97	4.29709
0		1	1	0.100315	379	1	1.75	4.29076
0		1	1	0.364347	363	0	0	4.2873
0		1	1	0.366563	360	0	0	4.30095
0		1	1	0.248896	368	1	0.5	4.29112
0		1	1	0.370555	355	0	0	4.27257
0		1	1	0.239883	344	1	0.7	4.2569
0		1	1	0.384653	340	0	0	4.2581
0		1	1	0.394533	331	0	0	4.25826
0		1	1	0.395526	328	1	0	4.24879
0		1	1	0.392251	333	0	0	4.27288
0		1	1	0.415788	314	0	0	4.25984
0		1	1	0.434069	301	0	0	4.28352
0		1	1	0.435541	300	0	0	4.27667
0		1	1	0.432606	302	0	0	4.26617
0		1	1	0.247088	316	1	1.04	4.26093
0		1	1	0.23036	314	1	1.43	4.26735
0		1	1	0.309938	297	1	2.12	4.27199
0		1	1	0.28719	309	1	2.14	4.2607
0		1	1	0.247051	314	1	1.09	4.20673
0		1	1	0.261157	300	3	1.45	4.20303
0		1	1	0.453876	288	0	0	4.21344
0		1	1	0.453876	288	0	0	4.21385
0		1	1	0.293381	288	1	1.48	4.22276
0		1	1	0.314675	282	1	1.2	4.2196
0		1	1	0.324377	279	1	1.15	4.21651
0		1	1	0.32596	299	1	0.67	4.21516
0		1	1	0.318963	294	1	0.81	4.20109
0		1	1	0.252062	304	2	1.495	4.2168
0		1	1	0.457046	286	0	0	4.23313
0		1	1	0.49208	265	0	0	4.22203
0		1	1	0.483467	270	0	0	4.25397
0		1	1	0.490344	266	0	0	4.24382
0		1	1	0.470029	278	0	0	4.22959
0		1	1	0.507967	256	0	0	4.21756
0		1	1	0.504396	258	0	0	4.22462
0		1	1	0.363337	264	1	1.09	4.20738
0		1	1	0.456457	285	1	0	4.21882
0		1	1	0.483467	270	0	0	4.25683
0		1	1	0.480067	272	0	0	4.25924
0		1	1	0.475017	275	0	0	4.22845
0		1	1	0.485177	269	0	0	4.25732
0		1	1	0.483467	270	0	0	4.27168
0		1	1	0.483111	269	1	0	4.27906
0		1	1	0.432855	274	1	0.26	4.24388
0		1	1	0.434076	275	1	0.24	4.22672
0		1	1	0.424606	282	1	0.22	4.21197
0		1	1	0.406509	277	1	0.4	4.23708
0		1	1	0.345839	269	1	1.2	4.26415
0		1	1	0.35041	268	1	1.8	4.23897
0		1	1	0.481763	271	0	0	4.23465
0		1	1	0.486893	268	0	0	4.22938
0		1	1	0.507967	256	0	0	4.2257
0		1	1	0.53544	241	0	0	4.22356
0		1	1	0.520642	249	0	0	4.22009
0		1	1	0.458711	254	1	0.35	4.24587
0		1	1	0.558205	229	0	0	4.22505
0		1	1	0.562061	227	0	0	4.234
0		1	1	0.573727	221	0	0	4.22642
0		1	1	0.575685	220	0	0	4.21666
0		1	1	0.577647	219	0	0	4.21125
0		1	1	0.52814	222	1	2.63	4.22659
0		1	1	0.562219	226	1	0	4.23502
0		1	1	0.452216	229	3	0.96	4.20722
0		1	1	0.41245	239	2	1.575	4.18422
0		1	1	0.38919	260	3	0.836667	4.1811
0		1	1	0.408809	260	2	0.645	4.18495
0		1	1	0.35869	262	3	1.24667	4.17521
0		1	1	0.343865	268	2	1.27	4.18648
0		1	1	0.338269	270	2	1.66	4.18697
0		1	1	0.359971	271	2	0.89	4.17835
0		1	1	0.375687	254	2	1.58	4.18599
0		1	1	0.558205	229	0	0	4.19534
0		1	1	0.565933	225	0	0	4.22688
0		1	1	0.463931	220	1	1.74	4.17279
0		1	1	0.603487	206	0	0	4.1703
0		1	1	0.595472	210	0	0	4.16918
0		1	1	0.629896	193	0	0	4.15871
0		1	1	0.534263	192	1	1.81	4.22162
0		1	1	0.640189	188	0	0	4.23459
0		1	1	0.636063	190	0	0	4.24052
0		1	1	0.625799	195	0	0	4.20781
0		1	1	0.504774	204	1	1.8	4.17697
0		1	1	0.541769	194	1	0.88	4.19227
0		1	1	0.644327	186	0	0	4.22268
0		1	1	0.650553	183	0	0	4.23695
0		1	1	0.570334	200	1	0.37	4.19868
0		1	1	0.555583	212	1	0.27	4.1557
0		1	1	0.524056	194	1	1.56	4.22742
0		1	1	0.558663	210	1	0.28	4.18279
0		1	1	0.504153	202	1	1.52	4.19234
0		1	1	0.4895	208	1	1.42	4.18704
0		1	1	0.502203	214	2	0.755	4.19697
0		1	1	0.473348	214	2	1.495	4.19899
0		1	1	0.456191	221	2	1.515	4.18287
0		1	1	0.508334	207	1	2.03	4.21394
0		1	1	0.603487	206	0	0	4.20181
0		1	1	0.619676	198	0	0	4.21937
0		1	1	0.640189	188	0	0	4.25115
0		1	1	0.611556	202	0	0	4.25946
0		1	1	0.573945	220	1	0	4.17554
0		1	1	0.457497	224	1	1.83	4.19905
0		1	1	0.45353	228	2	0.985	4.1919
0		1	1	0.563995	226	0	0	4.21044
0		1	1	0.424122	234	2	1.485	4.17314
0		1	1	0.462623	220	1	1.26	4.20172
0		1	1	0.482064	212	1	1.69	4.22591
0		1	1	0.611556	202	0	0	4.26409
0		1	1	0.623755	196	0	0	4.26643
0		1	1	0.613983	200	1	0	4.22001
0		1	1	0.562219	226	1	0	4.06061
0		1	1	0.537673	226	1	0.18	4.07955
0		1	1	0.520318	220	1	0.43	4.14272
0		1	1	0.530187	210	1	0.55	4.17713
0		1	1	0.501715	203	1	1.43	4.23544
0		1	1	0.495794	208	1	1.82	4.24667
0		1	1	0.61561	200	0	0	4.23756
0		1	1	0.642257	187	0	0	4.24101
0		1	1	0.638125	189	0	0	4.23897
0		1	1	0.636063	190	0	0	4.26208
0		1	1	0.547075	196	1	0.73	4.22278
0		1	1	0.531566	197	1	2.02	4.22103
0		1	1	0.638125	189	0	0	4.22231
0		1	1	0.61561	200	0	0	4.17533
0		1	1	0.569162	202	1	0.34	4.11264
0		1	1	0.523371	201	1	0.91	4.15008
0		1	1	0.465182	218	1	1.56	4.20084
0		1	1	0.415435	238	2	1.61	4.13731
0		1	1	0.445799	226	1	1.58	4.22276
0		1	1	0.497516	208	1	1.09	4.2107
0		1	1	0.470562	216	1	1.6	4.21297
0		1	1	0.475203	214	1	1.58	4.24567
0		1	1	0.516678	208	1	2.19	4.24631
0		1	1	0.599473	208	0	0	4.22372
0		1	1	0.597471	209	0	0	4.23568
0		1	1	0.603487	206	0	0	4.25161
0		1	1	0.623755	196	0	0	4.19674
0		1	1	0.619676	198	0	0	4.20325
0		1	1	0.621714	197	0	0	4.24694
0		1	1	0.627846	194	0	0	4.16731
0		1	1	0.515514	198	1	1.3	4.20795
0		1	1	0.623755	196	0	0	4.17654
0		1	1	0.638125	189	0	0	4.18831
0		1	1	0.627846	194	0	0	4.21909
0		1	1	0.652634	182	0	0	4.21003
0		1	1	0.656804	180	0	0	4.21421
0		1	1	0.656804	180	0	0	4.20907
0		1	1	0.69052	164	0	0	4.23883
0		1	1	0.686272	166	0	0	4.20583
0		1	1	0.682034	168	0	0	4.23132
0		1	1	0.688395	165	0	0	4.25756
0		1	1	0.699042	160	0	0	4.22839
0		1	1	0.720496	150	0	0	4.2159
0		1	1	0.729134	146	0	0	4.18912
0		1	1	0.701893	158	1	0	4.12173
0		1	1	0.630625	163	1	0.64	4.12665
0		1	1	0.613628	166	1	0.79	4.11193
0		1	1	0.612828	170	1	0.66	4.04738
0		1	1	0.580456	174	1	1.88	4.05424
0		1	1	0.602203	166	1	1.94	4.0758
0		1	1	0.585397	170	1	1.72	4.0652
0		1	1	0.565667	179	1	1.15	4.12496
0		1	1	0.587965	184	1	2.39	4.19395
0		1	1	0.567939	176	1	1.5	4.1615
0		1	1	0.652634	182	0	0	4.19862
0		1	1	0.682034	168	0	0	4.22516
0		1	1	0.677804	170	0	0	4.25145
0		1	1	0.679918	169	0	0	4.20826
0		1	1	0.669374	174	0	0	4.20907
0		1	1	0.69052	164	0	0	4.20951
0		1	1	0.707599	156	0	0	4.21736
0		1	1	0.714038	153	0	0	4.21065
0		1	1	0.657718	160	1	0.39	4.15755
0		1	1	0.722653	149	0	0	4.17026
0		1	1	0.731298	145	0	0	4.17386
0		1	1	0.719107	150	1	0	4.13673
0		1	1	0.64904	143	1	1.5	4.1629
0		1	1	0.647005	144	1	1.58	4.12778
0		1	1	0.737802	142	0	0	4.2098
0		1	1	0.637179	148	1	1.58	4.176
0		1	1	0.622211	154	1	1.55	4.13908
0		1	1	0.736445	142	1	0	4.16745
0		1	1	0.666089	142	1	0.88	4.22514
0		1	1	0.731298	145	0	0	4.21446
0		1	1	0.724811	148	0	0	4.18714
0		1	1	0.7465	138	0	0	4.22909
0		1	1	0.766171	129	0	0	4.21828
0		1	1	0.749526	136	1	0	4.19525
0		1	1	0.745159	138	1	0	4.20851
0		1	1	0.700282	144	1	0.32	4.18022
0		1	1	0.744322	139	0	0	4.18463
0		1	1	0.766171	129	0	0	4.19295
0		1	1	0.790394	118	0	0	4.19386
0		1	1	0.785976	120	0	0	4.20576
0		1	1	0.7539	134	1	0	4.13491
0		1	1	0.757411	133	0	0	4.14432
0		1	1	0.753041	135	0	0	4.10881
0		1	1	0.759599	132	0	0	4.12484
0		1	1	0.770561	127	0	0	4.09984
0		1	1	0.772759	126	0	0	4.16481
0		1	1	0.768365	128	0	0	4.15344
0		1	1	0.768365	128	0	0	4.14043
0		1	1	0.761788	131	0	0	4.07014
0		1	1	0.694577	141	1	0.47	4.04554
0		1	1	0.66947	144	1	0.73	4.05568
0		1	1	0.750859	136	0	0	4.159
0		1	1	0.744322	139	0	0	4.17327
0		1	1	0.739974	141	0	0	4.17737
0		1	1	0.739974	141	0	0	4.17145
0		1	1	0.7465	138	0	0	4.18512
0		1	1	0.7465	138	0	0	4.2257
0		1	1	0.714791	152	1	0	4.15892
0		1	1	0.72343	148	1	0	4.17608
0		1	1	0.7465	138	0	0	4.23
0		1	1	0.742147	140	0	0	4.22045
0		1	1	0.748678	137	0	0	4.20114
0		1	1	0.755225	134	0	0	4.21067
0		1	1	0.759599	132	0	0	4.20179
0		1	1	0.740799	140	1	0	4.15597
0		1	1	0.680316	132	1	1.15	4.17111
0		1	1	0.7465	138	0	0	4.13097
0		1	1	0.659979	148	1	0.73	4.10895
0		1	1	0.606909	163	1	1.08	4.09509
0		1	1	0.603733	168	1	0.88	4.03723
0		1	1	0.614642	162	1	0.95	4.05514
0		1	1	0.625935	152	2	1.475	4.14181
0		1	1	0.737802	142	0	0	4.25087
0		1	1	0.750859	136	0	0	4.2375
0		1	1	0.729929	145	1	0	4.15878
0		1	1	0.652213	142	1	1.61	4.18791
0		1	1	0.657482	141	1	1.77	4.15754
0		1	1	0.643065	147	1	1.78	4.12863
0		1	1	0.63331	152	1	1.09	4.09486
0		1	1	0.633787	150	2	1.215	4.05774
0		1	1	0.640914	155	2	0.755	4.0824
0		1	1	0.641689	146	1	1.51	4.1457
0		1	1	0.733464	144	0	0	4.17031
0		1	1	0.659315	140	1	1.21	4.16411
0		1	1	0.733464	144	0	0	4.18026
0		1	1	0.737802	142	0	0	4.17819
0		1	1	0.72343	148	1	0	4.06358
0		1	1	0.706184	156	1	0	4.00024
0		1	1	0.699751	159	1	0	3.98358
0		1	1	0.674909	160	1	0.21	3.99621
0		1	1	0.667067	154	1	0.44	4.01959
0		1	1	0.657601	153	1	0.59	4.02579
0		1	1	0.648319	160	1	0.5	3.93869
0		1	1	0.607539	160	1	1.56	4.09598
0		1	1	0.621313	155	2	1.225	4.06213
0		1	1	0.614372	164	1	0.86	4.05582
0		1	1	0.61511	162	1	0.94	4.0878
0		1	1	0.610298	164	1	0.94	4.08835
0		1	1	0.590142	168	1	1.24	4.09173
0		1	1	0.703316	158	0	0	4.17484
0		1	1	0.718342	151	0	0	4.23737
0		1	1	0.716189	152	0	0	4.20177
0		1	1	0.694777	162	0	0	4.20293
0		1	1	0.696908	161	0	0	4.24673
0		1	1	0.686272	166	0	0	4.20526
0		1	1	0.677804	170	0	0	4.20013
0		1	1	0.578241	172	1	1.58	4.21695
0		1	1	0.624199	195	1	0	4.17838
0		1	1	0.57918	202	1	0.25	4.10094
0		1	1	0.556159	208	1	0.34	4.05745
0		1	1	0.544345	224	1	0.16	3.96946
0		1	1	0.516579	240	1	0.13	3.85225
0		1	1	0.514625	231	1	0.28	3.92586
0		1	1	0.49683	243	1	0.23	3.81877
0		1	1	0.523754	226	1	0.29	3.93352
0		1	1	0.508474	226	1	0.42	3.92124
0		1	1	0.483666	236	1	0.45	3.84806
0		1	1	0.477516	240	1	0.43	3.81514
0		1	1	0.474505	242	1	0.42	3.80228
0		1	1	0.448099	260	1	0.34	3.64876
0		1	1	0.435305	268	1	0.32	3.57383
0		1	1	0.446125	261	1	0.34	3.62902
0		1	1	0.450706	258	1	0.35	3.65298
0		1	1	0.423093	276	1	0.3	3.5121
0		1	1	0.429123	272	1	0.31	3.54278
0		1	1	0.423093	276	1	0.3	3.5121
0		1	1	0.426833	274	1	0.3	3.52739
0		1	1	0.433384	269	1	0.32	3.56603
0		1	1	0.444819	270	1	0.23	3.54678
0		1	1	0.444819	270	1	0.23	3.54678
0		1	1	0.413983	290	1	0.2	3.39616
0		1	1	0.420843	286	1	0.2	3.42549
0		1	1	0.420843	286	1	0.2	3.42549
0		1	1	0.388326	308	1	0.18	3.26928
0		1	1	0.384117	312	1	0.17	3.2422
0		1	1	0.371707	322	1	0.16	3.15936
0		1	1	0.358105	334	1	0.15	3.08372
0		1	1	0.374471	320	1	0.16	3.1723
0		1	1	0.358105	334	1	0.15	3.08372
0		1	1	0.366315	326	1	0.16	3.12323
0		1	1	0.366315	326	1	0.16	3.12323
0		1	1	0.37826	316	1	0.17	3.18793
0		1	1	0.36057	332	1	0.15	3.07561
0		1	1	0.344439	348	1	0.14	2.97943
0		1	1	0.363085	330	1	0.15	3.08806
0		1	1	0.373084	321	1	0.16	3.14527
0		1	1	0.358105	334	1	0.15	3.06326
0		1	1	0.374471	320	1	0.16	3.15175
0		1	1	0.36057	332	1	0.15	3.07561
0		1	1	0.384117	312	1	0.17	3.20451
0		1	1	0.374471	320	1	0.16	3.15175
0		1	1	0.37728	318	1	0.16	3.16479
0		1	1	0.37826	316	1	0.17	3.17793
0		1	1	0.37826	316	1	0.17	3.17793
0		1	1	0.384117	312	1	0.17	3.20451
0		1	1	0.37826	316	1	0.17	3.16537
0		1	1	0.415654	290	1	0.19	3.34539
0		1	1	0.400871	300	1	0.18	3.27404
0		1	1	0.420843	286	1	0.2	3.37468
0		1	1	0.403997	297	1	0.19	3.29517
0		1	1	0.37587	319	1	0.16	3.14573
0		1	1	0.37728	318	1	0.16	3.15079
0		1	1	0.382637	313	1	0.17	3.18375
0		1	1	0.374471	320	1	0.16	3.13778
0		1	1	0.388616	309	1	0.17	3.22091
0		1	1	0.358575	326	1	0.2	3.12312
0		1	1	0.361306	324	1	0.2	3.13587
0		1	1	0.373794	314	1	0.21	3.20106
0		1	1	0.402215	293	1	0.24	3.33407
0		1	1	0.423962	278	1	0.27	3.43675
0		1	1	0.416002	270	1	0.43	3.5101
0		1	1	0.457413	243	1	0.55	3.71616
0		1	1	0.449912	247	1	0.54	3.67566
0		1	1	0.462004	238	1	0.61	3.74506
0		1	1	0.46374	228	1	0.85	3.85886
0		1	1	0.469388	223	2	0.92	3.90633
0		1	1	0.474137	217	1	1.13	3.9343
0		1	1	0.464222	222	1	1.08	3.88615
0		1	1	0.452776	223	1	1.41	3.89798
0		1	1	0.479664	212	1	1.53	3.99577
0		1	1	0.520731	200	1	1.95	4.02587
0		1	1	0.535195	201	1	2.22	4.08499
0		1	1	0.515932	202	1	1.95	4.1198
0		1	1	0.629896	193	0	0	4.12933
0		1	1	0.625799	195	0	0	4.16371
0		1	1	0.509292	202	1	1.79	4.15072
0		1	1	0.543247	214	1	0.34	4.14364
0		1	1	0.513763	206	1	2.08	4.15517
0		1	1	0.595472	210	0	0	4.20663
0		1	1	0.577647	219	0	0	4.20015
0		1	1	0.575913	219	1	0	4.19509
0		1	1	0.573727	221	0	0	4.20915
0		1	1	0.579613	218	0	0	4.20931
0		1	1	0.473995	223	1	0.87	4.20491
0		1	1	0.461595	228	1	0.88	4.13618
0		1	1	0.567876	224	0	0	4.20628
0		1	1	0.567876	224	0	0	4.2224
0		1	1	0.567876	224	0	0	4.19349
0		1	1	0.529826	243	1	0	4.14112
0		1	1	0.520556	248	1	0	4.10698
0		1	1	0.484835	268	1	0	3.97987
0		1	1	0.491792	264	1	0	4.00532
0		1	1	0.491792	264	1	0	4.01224
0		1	1	0.479683	271	1	0	3.96792
0		1	1	0.431935	256	1	0.53	4.06894
0		1	1	0.423341	265	1	0.45	4.02817
0		1	1	0.415142	258	1	0.64	4.06354
0		1	1	0.409781	261	1	0.63	4.06492
0		1	1	0.369307	268	1	0.88	4.03636
0		1	1	0.383085	254	2	1.815	4.18184
0		1	1	0.375548	255	1	1.62	4.23274
0		1	1	0.529853	244	0	0	4.22698
0		1	1	0.552454	232	0	0	4.24113
0		1	1	0.544846	236	0	0	4.23384
0		1	1	0.448758	238	1	0.75	4.20644
0		1	1	0.571772	222	0	0	4.22198
0		1	1	0.47682	216	1	1.83	4.20054
0		1	1	0.587513	214	0	0	4.22369
0		1	1	0.575685	220	0	0	4.24437
0		1	1	0.4553	230	1	2.05	4.1806
0		1	1	0.433837	234	1	1.84	4.1604
0		1	1	0.434925	232	2	1.17	4.16822
0		1	1	0.378631	258	2	1.045	4.06287
0		1	1	0.37626	259	2	1.045	4.07047
0		1	1	0.318361	282	2	1.1	3.94453
0		1	1	0.30959	286	2	1.09	3.91763
0		1	1	0.300548	290	2	1.085	3.89853
0		1	1	0.334042	275	2	1.115	3.99004
0		1	1	0.318361	282	2	1.1	3.94569
0		1	1	0.338516	273	2	1.12	4.00913
0		1	1	0.358223	264	2	1.155	4.07295
0		1	1	0.356108	262	2	1.37	4.07203
0		1	1	0.358147	261	2	1.4	4.08321
0		1	1	0.327209	276	2	1.2	4.02137
0		1	1	0.29127	292	2	1.155	3.9315
0		1	1	0.289199	293	2	1.15	3.9021
0		1	1	0.228365	322	2	1.07	3.69835
0		1	1	0.252232	312	2	1.055	3.76893
0		1	1	0.232545	321	2	1.05	3.71131
0		1	1	0.209603	332	2	1.04	3.63741
0		1	1	0.201095	336	2	1.04	3.61257
0		1	1	0.226429	324	2	1.045	3.68764
0		1	1	0.209042	332	2	1.045	3.62786
0		1	1	0.212806	330	2	1.05	3.64037
0		1	1	0.229831	322	2	1.055	3.69088
0		1	1	0.213351	330	2	1.045	3.63202
0		1	1	0.260441	308	2	1.065	3.77275
0		1	1	0.310592	284	2	1.15	3.93694
0		1	1	0.330804	275	2	1.175	3.99606
0		1	1	0.306119	286	2	1.145	3.92664
0		1	1	0.34213	270	2	1.19	4.01855
0		1	1	0.385024	250	2	1.415	4.12064
0		1	1	0.404846	242	2	1.555	4.15
0		1	1	0.421733	237	2	1.755	4.18396
0		1	1	0.420649	246	2	0.85	4.16396
0		1	1	0.461488	226	1	2	4.17094
0		1	1	0.587513	214	0	0	4.21037
0		1	1	0.587513	214	0	0	4.21861
0		1	1	0.599473	208	0	0	4.24874
0		1	1	0.619676	198	0	0	4.2045
0		1	1	0.627846	194	0	0	4.1488
0		1	1	0.611556	202	0	0	4.1705
0		1	1	0.627846	194	0	0	4.2154
0		1	1	0.62215	196	1	0	4.22585
0		1	1	0.660984	178	0	0	4.25019
0		1	1	0.628306	193	1	0	4.2105
0		1	1	0.642257	187	0	0	4.25817
0		1	1	0.631949	192	0	0	4.21101
0		1	1	0.613581	201	0	0	4.19144
0		1	1	0.6055	205	0	0	4.17531
0		1	1	0.619676	198	0	0	4.19299
0		1	1	0.621714	197	0	0	4.22602
0		1	1	0.642257	187	0	0	4.24523
0		1	1	0.64485	185	1	0	4.22896
0		1	1	0.652634	182	0	0	4.24504
0		1	1	0.636063	190	0	0	4.23246
0		1	1	0.631949	192	0	0	4.22134
0		1	1	0.61561	200	0	0	4.22785
0		1	1	0.566112	224	1	0	4.22284
0		1	1	0.577885	218	1	0	4.25141
0		1	1	0.531695	242	1	0	4.13897
0		1	1	0.516884	250	1	0	4.09732
0		1	1	0.513233	252	1	0	4.08423
0		1	1	0.495307	262	1	0	4.01765
0		1	1	0.459689	283	1	0	3.86893
0		1	1	0.434728	299	1	0	3.75611
0		1	1	0.430289	302	1	0	3.73523
0		1	1	0.421658	308	1	0	3.69381
0		1	1	0.395526	328	1	0	3.55242
0		1	1	0.412031	315	1	0	3.64803
0		1	1	0.408058	318	1	0	3.62781
0		1	1	0.394336	329	1	0	3.55497
0		1	1	0.408058	318	1	0	3.62781
0		1	1	0.404182	321	1	0	3.60774
0		1	1	0.393157	330	1	0	3.54846
0		1	1	0.379974	342	1	0	3.47164
0		1	1	0.384166	338	1	0	3.49696
0		1	1	0.386339	336	1	0	3.50972
0		1	1	0.384166	338	1	0	3.49597
0		1	1	0.377957	344	1	0	3.45812
0		1	1	0.399168	325	1	0	3.58019
0		1	1	0.439247	296	1	0	3.77798
0		1	1	0.437732	297	1	0	3.76121
0		1	1	0.451667	288	1	0	3.82724
0		1	1	0.451667	288	1	0	3.82724
0		1	1	0.467897	278	1	0	3.89866
0		1	1	0.439247	296	1	0	3.77058
0		1	1	0.450086	289	1	0	3.83054
0		1	1	0.410696	316	1	0	3.64317
0		1	1	0.393157	330	1	0	3.55027
0		1	1	0.376612	332	1	0.07	3.53784
0		1	1	0.357537	352	1	0.06	3.41188
0		1	1	0.366398	341	1	0.07	3.49034
0		1	1	0.355734	354	1	0.06	3.40978
0		1	1	0.347627	364	1	0.06	3.34991
0		1	1	0.344519	372	1	0.05	3.30333
0		1	1	0.337797	386	1	0.05	3.22456
0		1	1	0.334513	400	1	0.05	3.14922
0		1	1	0.332557	430	1	0.08	3.00921
0		1	1	0.325289	412	1	0.09	3.09801
0		1	1	0.32499	408	1	0.09	3.11821
0		1	1	0.325289	412	1	0.09	3.09778
0		1	1	0.332557	430	1	0.08	3.01078
0		1	1	0.334432	448	1	0.12	2.93658
0		1	1	0.318173	422	1	0.13	3.05966
0		1	1	0.317104	418	1	0.13	3.0795
0		1	1	0.296203	434	1	0.25	3.03424
0		1	1	0.29564	433	1	0.25	3.02968
0		1	1	0.303603	442	1	0.24	2.98721
0		1	1	0.287833	420	1	0.26	3.09318
0		1	1	0.269831	402	1	0.33	3.19664
0		1	1	0.257562	394	1	0.39	3.23726
0		1	1	0.248731	376	1	0.47	3.35356
0		1	1	0.208521	387	1	0.62	3.34971
0		1	1	0.216913	407	1	0.56	3.23057
0		1	1	0.220304	415	1	0.55	3.19741
0		1	1	0.223775	419	1	0.54	3.17829
0		1	1	0.223775	419	1	0.54	3.17829
0		1	1	0.227644	423	1	0.53	3.15818
0		1	1	0.219683	412	1	0.55	3.21405
0		1	1	0.205718	402	1	0.61	3.2771
0		1	1	0.20274	395	1	0.63	3.31509
0		1	1	0.203084	394	1	0.63	3.32291
0		1	1	0.217966	348	1	0.79	3.56349
0		1	1	0.190136	338	1	1.13	3.66542
0		1	1	0.174523	336	2	1.555	3.82729
0		1	1	0.192926	334	3	1.80333	3.89031
0		1	1	0.217997	334	2	2.015	3.98115
0		1	1	0.183792	332	4	1.4225	4.04903
0		1	1	0.240239	321	3	1.98333	4.07824
0		1	1	0.249819	310	3	1.82333	4.13588
0		1	1	0.265568	308	2	1.945	4.13955
0		1	1	0.250866	328	2	2.165	4.14031
0		1	1	0.21237	322	1	1.59	4.09307
0		1	1	0.218887	320	1	1.64	4.17791
0		1	1	0.325093	305	1	2.36	4.21863
0		1	1	0.434069	301	0	0	4.21657
0		1	1	0.457046	286	0	0	4.20768
0		1	1	0.367185	274	1	2.19	4.19124
0		1	1	0.317984	278	1	1.43	4.18025
0		1	1	0.488615	267	0	0	4.19518
0		1	1	0.516994	251	0	0	4.20786
0		1	1	0.522474	248	0	0	4.20644
0		1	1	0.54107	238	0	0	4.18981
0		1	1	0.554367	231	0	0	4.21039
0		1	1	0.446576	226	1	1.63	4.23872
0		1	1	0.567876	224	0	0	4.24306
0		1	1	0.567876	224	0	0	4.24406
0		1	1	0.571772	222	0	0	4.23522
0		1	1	0.579613	218	0	0	4.27531
0		1	1	0.571772	222	0	0	4.28406
0		1	1	0.440094	229	1	1.67	4.28461
0		1	1	0.471538	244	1	0.41	4.26749
0		1	1	0.484923	247	2	0.25	4.25606
0		1	1	0.558205	229	0	0	4.29038
0		1	1	0.529826	243	1	0	4.23695
0		1	1	0.474781	258	1	0.18	4.14321
0		1	1	0.477111	256	1	0.19	4.15594
0		1	1	0.442713	280	1	0.13	3.98587
0		1	1	0.401394	282	1	0.37	3.99103
0		1	1	0.370066	294	1	0.43	3.92526
0		1	1	0.367958	296	1	0.42	3.91224
0		1	1	0.362653	288	1	0.56	3.96649
0		1	1	0.349319	302	1	0.47	3.8491
0		1	1	0.31108	312	1	0.6	3.78626
0		1	1	0.331283	297	1	0.66	3.85001
0		1	1	0.282133	322	1	0.67	3.71906
0		1	1	0.283685	322	1	0.66	3.7106
0		1	1	0.243026	358	1	0.58	3.49308
0		1	1	0.253591	342	1	0.64	3.59267
0		1	1	0.233416	352	1	0.67	3.54101
0		1	1	0.242942	341	1	0.71	3.61013
0		1	1	0.257739	324	1	0.81	3.73116
0		1	1	0.248409	333	1	0.76	3.66953
0		1	1	0.208195	346	1	0.87	3.60363
0		1	1	0.21172	344	1	0.87	3.60651
0		1	1	0.233235	319	1	1.12	3.76629
0		1	1	0.221068	318	1	1.55	3.8176
0		1	1	0.25885	308	1	1.84	3.90104
0		1	1	0.296584	318	1	2.33	3.90774
0		1	1	0.251022	315	2	1.955	3.95697
0		1	1	0.21399	320	4	1.575	3.99186
0		1	1	0.236176	320	4	1.9175	4.0667
0		1	1	0.221053	318	3	1.29	4.10012
0		1	1	0.260523	313	2	0.95	4.12483
0		1	1	0.208684	323	2	1.635	4.17049
0		1	1	0.221176	326	2	1.9	4.14126
0		1	1	0.218128	320	1	1.62	4.21477
0		1	1	0.214576	337	2	0.92	4.17322
0		1	1	0.192538	336	2	1.835	4.20294
0		1	1	0.208431	336	1	1.95	4.20596
0		1	1	0.395692	330	0	0	4.23967
0		1	1	0.398046	328	0	0	4.24227
0		1	1	0.404134	323	0	0	4.25419
0		1	1	0.390836	332	1	0	4.25638
0		1	1	0.320746	330	1	0.37	4.26547
0		1	1	0.329943	316	1	0.44	4.27629
0		1	1	0.431153	303	0	0	4.29209
0		1	1	0.444558	294	0	0	4.29521
0		1	1	0.371912	303	1	0.32	4.27722
0		1	1	0.267549	300	1	1.66	4.28759
0		1	1	0.408058	318	1	0	4.22423
0		1	1	0.355194	310	1	0.35	4.2587
0		1	1	0.402912	322	1	0	4.21913
0		1	1	0.390836	332	1	0	4.185
0		1	1	0.314181	339	1	0.34	4.17485
0		1	1	0.285055	342	1	0.47	4.14737
0		1	1	0.18746	334	1	1.28	4.22966
0		1	1	0.20868	342	2	0.895	4.21864
0		1	1	0.197435	328	1	1.57	4.22593
0		1	1	0.206803	324	1	1.56	4.21011
0		1	1	0.211786	324	1	1.69	4.20563
0		1	1	0.244336	314	1	1.83	4.23407
0		1	1	0.236704	317	1	1.82	4.20714
0		1	1	0.418493	312	0	0	4.23469
0		1	1	0.193483	328	2	1.525	4.22891
0		1	1	0.179136	334	2	1.41	4.23969
0		1	1	0.213627	324	2	1.19	4.26093
0		1	1	0.424023	308	0	0	4.27625
0		1	1	0.432606	302	0	0	4.29496
0		1	1	0.431153	303	0	0	4.28347
0		1	1	0.453876	288	0	0	4.28181
0		1	1	0.475017	275	0	0	4.2691
0		1	1	0.480067	272	0	0	4.2611
0		1	1	0.486893	268	0	0	4.26882
0		1	1	0.367548	276	1	0.72	4.25647
0		1	1	0.372091	276	1	0.68	4.21634
0		1	1	0.445391	292	1	0	4.16788
0		1	1	0.451667	288	1	0	4.1901
0		1	1	0.295885	287	1	1.45	4.19693
0		1	1	0.305915	284	1	1.3	4.23536
0		1	1	0.281616	293	2	1.64	4.2211
0		1	1	0.283454	294	2	1.21	4.2124
0		1	1	0.273437	296	2	1.61	4.23277
0		1	1	0.252146	304	2	1.51	4.23304
0		1	1	0.265013	306	2	1.065	4.2625
0		1	1	0.2431	318	3	1.00333	4.2308
0		1	1	0.290352	327	3	0.55	4.1931
0		1	1	0.274175	336	3	0.56	4.16317
0		1	1	0.257589	334	3	0.673333	4.17954
0		1	1	0.205511	339	3	0.95	4.16955
0		1	1	0.189883	329	3	1.51667	4.20065
0		1	1	0.203137	324	2	1.44	4.24306
0		1	1	0.247238	311	3	1.13333	4.23865
0		1	1	0.290252	296	1	1.89	4.25591
0		1	1	0.274785	297	2	1.24	4.23155
0		1	1	0.276286	296	1	1.32	4.22603
0		1	1	0.300502	284	3	1.46667	4.21516
0		1	1	0.480067	272	0	0	4.24576
0		1	1	0.520642	249	0	0	4.23622
0		1	1	0.524311	247	0	0	4.22499
0		1	1	0.450294	261	1	0.31	4.21053
0		1	1	0.365754	267	2	0.93	4.17771
0		1	1	0.443843	293	1	0	4.02825
0		1	1	0.433239	300	1	0	3.98159
0		1	1	0.425931	305	1	0	3.95043
0		1	1	0.430289	302	1	0	3.95898
0		1	1	0.44077	295	1	0	4.01026
0		1	1	0.445391	292	1	0	4.02854
0		1	1	0.448513	290	1	0	4.02426
0		1	1	0.442302	294	1	0	4.0055
0		1	1	0.439247	296	1	0	3.99318
0		1	1	0.333553	294	2	0.675	4.00452
0		1	1	0.313489	304	2	0.675	3.9498
0		1	1	0.297931	312	2	0.675	3.89487
0		1	1	0.268454	328	2	0.675	3.79423
0		1	1	0.309555	306	2	0.675	3.93526
0		1	1	0.28289	320	2	0.675	3.85547
0		1	1	0.301775	310	2	0.675	3.91457
0		1	1	0.297931	312	2	0.675	3.90909
0		1	1	0.238875	337	2	0.76	3.76113
0		1	1	0.249661	320	2	0.915	3.87392
0		1	1	0.231818	330	2	0.895	3.8122
0		1	1	0.251228	336	1	0.71	3.7987
0		1	1	0.21042	324	1	1.29	3.9179
0		1	1	0.21477	321	1	1.59	3.9854
0		1	1	0.261515	324	1	2.17	4.04112
0		1	1	0.344122	325	1	2.67	4.10126
0		1	1	0.318448	325	1	2.53	4.14372
0		1	1	0.220902	318	3	1.66	4.18863
0		1	1	0.167504	338	3	1.46667	4.18144
0		1	1	0.115063	360	4	1.47	4.09248
0		1	1	0.107238	364	4	1.5625	4.07169
0		1	1	0.125632	356	4	1.54	4.11556
0		1	1	0.0842858	376	4	1.325	4.10756
0		1	1	0.0842449	380	5	1.316	4.0912
0		1	1	0.0945346	370	4	1.365	4.15897
0		1	1	0.191982	355	2	2.095	4.19504
0		1	1	0.104438	366	2	1.355	4.20588
0		1	1	0.167611	346	1	1.77	4.21057
0		1	1	0.0629997	400	3	1.21333	4.07217
0		1	1	0.0680012	418	3	1.21333	3.99858
0		1	1	0.0715231	421	3	1.21333	3.98597
0		1	1	0.10177	439	3	1.21333	3.9089
0		1	1	0.107763	442	3	1.21333	3.89591
0		1	1	0.128793	452	3	1.21333	3.85251
0		1	1	0.16682	469	3	1.21333	3.77884
0		1	1	0.187617	478	3	1.21333	3.74012
0		1	1	0.13754	456	3	1.21333	3.83514
0		1	1	0.10962	446	3	1.27	3.89489
0		1	1	0.0698492	430	3	1.31667	3.97477
0		1	1	0.0929412	440	3	1.30333	3.91979
0		1	1	0.0813541	438	3	1.39	3.95053
0		1	1	0.0454662	424	3	1.43333	4.01252
0		1	1	0.102746	424	4	1.0875	4.04337
0		1	1	0.0592937	424	4	1.6225	4.09906
0		1	1	0.0598408	430	3	1.51667	4.06251
0		1	1	0.0337672	417	3	1.56333	4.09638
0		1	1	0.105652	428	3	1.08667	4.11172
0		1	1	0.0865139	428	3	1.18667	4.11168
0		1	1	0.124338	436	3	1.04667	4.08464
0		1	1	0.0652298	432	3	1.42333	4.10931
0		1	1	0.129515	447	5	1.78	4.15709
0		1	1	0.118849	443	5	1.756	4.18536
0		1	1	0.104626	429	2	1.845	4.22547
0		1	1	0.0812204	430	1	1.31	4.22841
0		1	1	0.350081	419	0	0	4.25297
0		1	1	0.350081	419	0	0	4.25373
0		1	1	0.180459	406	1	0.72	4.27318
0		1	1	0.348753	402	0	0	4.26919
0		1	1	0.246803	392	1	0.44	4.2619
0		1	1	0.181531	398	1	0.72	4.25147
0		1	1	0.0392469	395	2	1.39	4.25673
0		1	1	0.0677962	384	1	1.51	4.23917
0		1	1	0.117991	383	2	1.04	4.27141
0		1	1	0.06071	389	2	1.645	4.27228
0		1	1	0.0871505	391	2	1.805	4.26103
0		1	1	0.111757	395	1	1.91	4.25149
0		1	1	0.351119	389	0	0	4.25162
0		1	1	0.349318	397	0	0	4.25366
0		1	1	0.0493334	400	1	1.37	4.24432
0		1	1	0.0675699	384	1	1.5	4.23573
0		1	1	0.0902486	377	1	1.64	4.23288
0		1	1	0.379612	345	0	0	4.23076
0		1	1	0.375994	346	1	0	4.20937
0		1	1	0.387833	337	0	0	4.23713
0		1	1	0.391128	334	0	0	4.26585
0		1	1	0.400447	326	0	0	4.25424
0		1	1	0.215385	334	1	0.98	4.24995
0		1	1	0.410502	318	0	0	4.26479
0		1	1	0.402894	324	0	0	4.24072
0		1	1	0.413124	316	0	0	4.23678
0		1	1	0.424023	308	0	0	4.22136
0		1	1	0.426846	306	0	0	4.23851
0		1	1	0.435541	300	0	0	4.2385
0		1	1	0.443033	295	0	0	4.25354
0		1	1	0.429708	304	0	0	4.25052
0		1	1	0.434069	301	0	0	4.2524
0		1	1	0.421658	308	1	0	4.23686
0		1	1	0.433239	300	1	0	4.22954
0		1	1	0.434069	301	0	0	4.25415
0		1	1	0.302995	301	1	0.82	4.25963
0		1	1	0.466739	280	0	0	4.24832
0		1	1	0.480067	272	0	0	4.2214
0		1	1	0.486893	268	0	0	4.22642
0		1	1	0.499082	261	0	0	4.25889
0		1	1	0.518815	250	0	0	4.25348
0		1	1	0.352622	269	2	1.045	4.22799
0		1	1	0.515178	252	0	0	4.25332
0		1	1	0.548641	234	0	0	4.20603
0		1	1	0.531695	242	1	0	4.16623
0		1	1	0.567876	224	0	0	4.18692
0		1	1	0.563995	226	0	0	4.1831
0		1	1	0.440064	249	1	0.59	4.14511
0		1	1	0.395075	256	1	0.9	4.10386
0		1	1	0.433994	263	1	0.4	4.08752
0		1	1	0.404581	254	1	0.84	4.11241
0		1	1	0.37875	254	1	1.3	4.15332
0		1	1	0.424369	249	2	0.73	4.16554
0		1	1	0.415876	248	1	0.87	4.13811
0		1	1	0.383876	252	1	1.29	4.11282
0		1	1	0.406496	242	1	1.57	4.17909
0		1	1	0.40164	245	1	1.69	4.18927
0		1	1	0.38052	257	1	1.08	4.11969
0		1	1	0.378424	260	1	1	4.09467
0		1	1	0.529853	244	0	0	4.19382
0		1	1	0.406504	243	1	1.69	4.19115
0		1	1	0.558205	229	0	0	4.2563
0		1	1	0.416919	239	1	1.24	4.23683
0		1	1	0.527962	244	1	0	4.1988
0		1	1	0.406434	248	2	0.98	4.17908
0		1	1	0.528001	245	0	0	4.16434
0		1	1	0.393675	247	1	1.49	4.17298
0		1	1	0.419966	237	1	1.31	4.08997
0		1	1	0.513233	252	1	0	4.08307
0		1	1	0.537312	240	0	0	4.16001
0		1	1	0.539188	239	0	0	4.20119
0		1	1	0.537312	240	0	0	4.23023
0		1	1	0.548641	234	0	0	4.23537
0		1	1	0.593477	211	0	0	4.19174
0		1	1	0.613581	201	0	0	4.22811
0		1	1	0.607515	204	0	0	4.25441
0		1	1	0.619676	198	0	0	4.26779
0		1	1	0.613581	201	0	0	4.2474
0		1	1	0.61561	200	0	0	4.21386
0		1	1	0.619676	198	0	0	4.24068
0		1	1	0.525501	204	1	0.77	4.22924
0		1	1	0.506771	204	1	1.1	4.23259
0		1	1	0.603487	206	0	0	4.25241
0		1	1	0.583556	216	0	0	4.24426
0		1	1	0.581582	217	0	0	4.24738
0		1	1	0.566112	224	1	0	4.19488
0		1	1	0.447246	229	1	1.87	4.21734
0		1	1	0.453013	227	1	1.89	4.22696
0		1	1	0.440271	238	1	2.1	4.25651
0		1	1	0.415241	238	2	1.355	4.25288
0		1	1	0.471093	223	1	2.04	4.24213
0		1	1	0.479807	212	1	1.55	4.25433
0		1	1	0.599473	208	0	0	4.26708
0		1	1	0.631949	192	0	0	4.23842
0		1	1	0.644327	186	0	0	4.24304
0		1	1	0.648475	184	0	0	4.23297
0		1	1	0.640189	188	0	0	4.21407
0		1	1	0.665174	176	0	0	4.2323
0		1	1	0.658892	179	0	0	4.24945
0		1	1	0.677804	170	0	0	4.26247
0		1	1	0.560647	179	1	1.43	4.26468
0		1	1	0.55461	185	1	1.9	4.22028
0		1	1	0.673585	172	0	0	4.23087
0		1	1	0.684152	167	0	0	4.23584
0		1	1	0.684152	167	0	0	4.20388
0		1	1	0.580408	178	1	0.87	4.1954
0		1	1	0.604811	179	1	0.5	4.171
0		1	1	0.679918	169	0	0	4.20522
0		1	1	0.677804	170	0	0	4.19728
0		1	1	0.617475	177	1	0.41	4.1331
0		1	1	0.587692	182	1	2.33	4.20993
0		1	1	0.626251	194	1	0	4.14839
0		1	1	0.562219	226	1	0	3.89541
0		1	1	0.546815	234	1	0	3.81523
0		1	1	0.550641	232	1	0	3.83183
0		1	1	0.573945	220	1	0	3.92927
0		1	1	0.597803	208	1	0	4.02891
0		1	1	0.603846	205	1	0	4.03891
0		1	1	0.61806	198	1	0	4.08834
0		1	1	0.577755	206	1	0.19	4.04767
0		1	1	0.583818	202	1	0.21	4.05975
0		1	1	0.592046	196	1	0.25	4.10593
0		1	1	0.601174	183	1	0.44	4.17337
0		1	1	0.605867	204	1	0	4.02705
0		1	1	0.57768	189	1	0.55	4.12716
0		1	1	0.547394	184	2	1.545	4.14689
0		1	1	0.589288	168	1	1.67	4.19759
0		1	1	0.583043	176	2	0.89	4.13371
0		1	1	0.537159	192	2	1.04	4.04197
0		1	1	0.537159	192	2	1.04	4.0207
0		1	1	0.624199	195	1	0	3.99024
0		1	1	0.613983	200	1	0	3.95846
0		1	1	0.593791	210	1	0	3.86196
0		1	1	0.626251	194	1	0	4.04018
0		1	1	0.62215	196	1	0	3.98802
0		1	1	0.609337	188	1	0.25	4.09586
0		1	1	0.593478	198	1	0.2	4.02442
0		1	1	0.596584	196	1	0.21	4.04235
0		1	1	0.574857	197	1	0.39	4.01691
0		1	1	0.601188	178	1	0.57	4.11746
0		1	1	0.579934	172	1	1.26	4.12218
0		1	1	0.598758	164	1	1.65	4.13196
0		1	1	0.584102	170	1	1.3	4.08623
0		1	1	0.603991	162	1	1.67	4.12052
0		1	1	0.626236	155	1	1.87	4.19394
0		1	1	0.631114	152	1	1.79	4.17277
0		1	1	0.726971	147	0	0	4.22074
0		1	1	0.627208	153	1	1.73	4.1596
0		1	1	0.724811	148	0	0	4.1517
0		1	1	0.731298	145	0	0	4.17596
0		1	1	0.733464	144	0	0	4.20357
0		1	1	0.729134	146	0	0	4.199
0		1	1	0.724811	148	0	0	4.20259
0		1	1	0.729134	146	0	0	4.20532
0		1	1	0.722653	149	0	0	4.16463
0		1	1	0.737802	142	0	0	4.17604
0		1	1	0.748678	137	0	0	4.15172
0		1	1	0.772759	126	0	0	4.16704
0		1	1	0.785976	120	0	0	4.09011
0		1	1	0.75609	133	1	0	3.9775
0		1	1	0.736445	142	1	0	3.87787
0		1	1	0.714791	152	1	0	3.75395
0		1	1	0.725595	147	1	0	3.79101
0		1	1	0.708333	155	1	0	3.70076
0		1	1	0.693336	162	1	0	3.61472
0		1	1	0.684814	166	1	0	3.59029
0		1	1	0.684814	166	1	0	3.59029
0		1	1	0.672098	172	1	0	3.51889
0		1	1	0.682689	167	1	0	3.58489
0		1	1	0.708333	155	1	0	3.75271
0		1	1	0.687148	149	1	0.34	3.8492
0		1	1	0.707718	136	1	0.45	3.97465
0		1	1	0.689535	127	1	1.65	4.01241
0		1	1	0.696323	124	1	1.6	4.08056
0		1	1	0.702244	122	1	1.68	4.12239
0		1	1	0.777158	124	0	0	4.0677
0		1	1	0.676068	132	1	1.49	4.08897
0		1	1	0.759599	132	0	0	4.0291
0		1	1	0.753041	135	0	0	4.03995
0		1	1	0.777158	124	0	0	4.05777
0		1	1	0.675695	134	1	1.14	3.90132
0		1	1	0.698914	123	1	1.34	3.9767
0		1	1	0.783769	121	0	0	4.04197
0		1	1	0.797032	115	0	0	4.00844
0		1	1	0.799248	114	0	0	4.12215
0		1	1	0.805904	111	0	0	4.1818
0		1	1	0.752736	116	1	0.47	4.12636
0		1	1	0.730363	122	1	0.59	4.02106
0		1	1	0.729532	125	1	0.5	3.90109
0		1	1	0.714209	136	1	0.37	3.7379
0		1	1	0.714209	136	1	0.37	3.7379
0		1	1	0.704151	132	1	0.63	3.8315
0		1	1	0.693822	140	1	0.51	3.69226
0		1	1	0.713599	128	1	0.63	3.81246
0		1	1	0.710843	130	1	0.6	3.76
0		1	1	0.693796	141	1	0.48	3.59745
0		1	1	0.692263	142	1	0.47	3.58299
0		1	1	0.685439	146	1	0.44	3.5178
0		1	1	0.653271	164	1	0.34	3.27726
0		1	1	0.673635	153	1	0.39	3.42112
0		1	1	0.677916	150	1	0.42	3.49956
0		1	1	0.685327	145	1	0.47	3.58761
0		1	1	0.686849	144	1	0.48	3.60596
0		1	1	0.689164	143	1	0.48	3.56972
0		1	1	0.693822	140	1	0.51	3.63487
0		1	1	0.696453	137	1	0.57	3.69986
0		1	1	0.701791	133	1	0.63	3.74804
0		1	1	0.700754	134	1	0.61	3.73433
0		1	1	0.690744	141	1	0.52	3.61187
0		1	1	0.686091	143	1	0.52	3.6059
0		1	1	0.677768	132	1	1.27	3.78531
0		1	1	0.712511	120	1	1.05	3.90863
0		1	1	0.687368	128	1	1.67	3.81076
0		1	1	0.683515	134	1	0.92	3.81268
0		1	1	0.681321	132	1	1.84	3.83324
0		1	1	0.688366	127	1	1.46	3.97417
0		1	1	0.686491	130	1	1.85	4.01668
0		1	1	0.683939	130	1	1.75	4.02331
0		1	1	0.683939	130	1	1.75	4.06884
0		1	1	0.685982	128	1	1.43	4.11565
0		1	1	0.699282	125	1	1.87	4.07642
0		1	1	0.777158	124	0	0	4.07856
0		1	1	0.790394	118	0	0	4.10757
0		1	1	0.719297	138	1	0.26	3.90499
0		1	1	0.72761	132	1	0.32	4.00223
0		1	1	0.688433	144	1	0.46	3.90273
0		1	1	0.662148	152	1	0.56	3.82782
0		1	1	0.647058	162	1	0.46	3.70102
0		1	1	0.613074	175	1	0.51	3.57374
0		1	1	0.606483	174	1	0.62	3.54813
0		1	1	0.602211	164	1	1.15	3.74158
0		1	1	0.589532	168	1	1.27	3.71709
0		1	1	0.598126	164	1	1.35	3.76552
0		1	1	0.581846	172	1	1.18	3.65615
0		1	1	0.573938	176	1	1.12	3.60853
0		1	1	0.5502	188	1	0.99	3.48268
0		1	1	0.552787	185	1	1.1	3.53961
0		1	1	0.568243	176	1	1.56	3.70407
0		1	1	0.569654	178	1	1.85	3.78181
0		1	1	0.591517	168	1	1.77	3.9951
0		1	1	0.591707	170	1	1.92	4.00776
0		1	1	0.71189	154	0	0	4.06254
0		1	1	0.599388	165	1	1.79	4.02869
0		1	1	0.634489	190	1	0	3.81987
0		1	1	0.601828	206	1	0	3.65917
0		1	1	0.573945	220	1	0	3.53626
0		1	1	0.571981	221	1	0	3.52683
0		1	1	0.560279	227	1	0	3.47102
0		1	1	0.535447	240	1	0	3.35458
0		1	1	0.556411	229	1	0	3.43617
0		1	1	0.546815	234	1	0	3.39103
0		1	1	0.554483	230	1	0	3.42707
0		1	1	0.544909	235	1	0	3.39794
0		1	1	0.513233	252	1	0	3.2719
0		1	1	0.520556	248	1	0	3.30536
0		1	1	0.527962	244	1	0	3.33941
0		1	1	0.504286	242	1	0.19	3.37859
0		1	1	0.492006	249	1	0.18	3.30618
0		1	1	0.423341	265	1	0.45	3.22401
0		1	1	0.384444	284	1	0.46	3.09202
0		1	1	0.394719	278	1	0.47	3.11319
0		1	1	0.402643	272	1	0.5	3.19426
0		1	1	0.386745	276	1	0.56	3.17709
0		1	1	0.39369	272	1	0.57	3.2075
0		1	1	0.4184	256	1	0.65	3.32708
0		1	1	0.411065	266	1	0.53	3.23687
0		1	1	0.400474	267	1	0.6	3.22981
0		1	1	0.392449	272	1	0.58	3.21194
0		1	1	0.393299	271	1	0.59	3.22703
0		1	1	0.395383	270	1	0.59	3.2401
0		1	1	0.397185	268	1	0.61	3.27203
0		1	1	0.388316	274	1	0.58	3.21331
0		1	1	0.368198	288	1	0.52	3.10959
0		1	1	0.373291	284	1	0.54	3.13858
0		1	1	0.377933	281	1	0.55	3.16065
0		1	1	0.364031	284	1	0.61	3.15264
0		1	1	0.341276	294	1	0.63	3.09481
0		1	1	0.378916	267	1	0.8	3.27937
0		1	1	0.376491	266	1	0.85	3.26083
0		1	1	0.37123	264	1	0.97	3.34601
0		1	1	0.349629	265	1	1.5	3.37044
0		1	1	0.342795	268	1	1.56	3.34762
0		1	1	0.313028	280	1	1.44	3.3039
0		1	1	0.364556	261	1	1.74	3.48234
0		1	1	0.350916	268	1	1.81	3.46231
0		1	1	0.405169	248	1	1.93	3.68816
0		1	1	0.41349	244	2	1.935	3.71895
0		1	1	0.412018	242	2	1.815	3.81675
0		1	1	0.429783	237	3	1.93667	3.84585
0		1	1	0.479821	234	1	2.43	3.96761
0		1	1	0.436827	241	2	2.16	3.98701
0		1	1	0.472735	233	1	2.34	3.99026
0		1	1	0.589498	213	0	0	4.12183
0		1	1	0.6055	205	0	0	4.18202
0		1	1	0.631949	192	0	0	4.17847
0		1	1	0.513297	208	1	0.81	4.07852
0		1	1	0.601828	206	1	0	4.12939
0		1	1	0.570021	222	1	0	4.06325
0		1	1	0.573945	220	1	0	4.08063
0		1	1	0.507724	206	2	0.955	4.16021
0		1	1	0.575042	196	1	0.41	4.21651
0		1	1	0.498197	205	1	1.31	4.22263
0		1	1	0.494614	216	1	0.81	4.13101
0		1	1	0.502634	210	1	0.9	4.16664
0		1	1	0.505154	202	1	1.62	4.2251
0		1	1	0.660984	178	0	0	4.21283
0		1	1	0.669374	174	0	0	4.18439
0		1	1	0.679918	169	0	0	4.19712
0		1	1	0.656804	180	0	0	4.18528
